-10,-9.322,-8.6441,-7.9661,-7.2881,-6.6102,-5.9322,-5.2542,-4.5763,-3.8983,-3.2203,-2.5424,-1.8644,-1.1864,-0.50847,0.16949,0.84746,1.5254,2.2034,2.8814,3.5593,4.2373,4.9153,5.5932,6.2712,6.9492,7.6271,8.3051,8.9831,9.661,10.339,11.017,11.695,12.373,13.051,13.729,14.407,15.085,15.763,16.441,17.119,17.797,18.475,19.153,19.831,20.508,21.186,21.864,22.542,23.22,23.898,24.576,25.254,25.932,26.61,27.288,27.966,28.644,29.322,30
0,0.00042373,0.00084746,0.0012712,0.0016949,0.0021186,0.0025424,0.0029661,0.0033898,0.0038136,0.0042373,0.004661,0.0050847,0.0055085,0.0059322,0.0063559,0.0067797,0.0072034,0.0076271,0.0080508,0.0084746,0.0088983,0.009322,0.0097458,0.010169,0.010593,0.011017,0.011441,0.011864,0.012288,0.012712,0.013136,0.013559,0.013983,0.014407,0.014831,0.015254,0.015678,0.016102,0.016525,0.016949,0.017373,0.017797,0.01822,0.018644,0.019068,0.019492,0.019915,0.020339,0.020763,0.021186,0.02161,0.022034,0.022458,0.022881,0.023305,0.023729,0.024153,0.024576,0.025
155.83,155.17,154.52,149.2,148.75,148.31,147.88,147.47,147.07,146.69,146.32,145.97,145.64,145.32,145.03,144.76,144.51,144.28,144.08,143.9,143.75,143.63,143.54,143.48,143.45,143.45,143.49,143.57,143.68,143.85,144.06,144.34,144.69,145.14,145.7,146.4,147.3,148.54,150.58,186.24,185.6,184.95,184.29,183.63,182.96,182.28,181.58,180.89,180.21,179.52,178.85,178.18,177.52,176.85,176.18,175.49,174.79,174.1,173.4,172.71
165.78,165.07,164.35,163.63,162.89,162.15,161.42,160.7,159.98,159.27,158.54,157.8,157.07,156.36,155.67,154.99,154.3,153.59,152.89,152.22,151.55,146.09,145.63,145.18,144.74,144.31,143.89,143.5,143.11,142.75,142.4,142.07,141.76,141.47,141.21,140.97,140.75,140.56,140.4,140.27,140.17,140.1,140.06,140.06,140.1,140.17,140.29,140.45,140.67,140.95,141.31,141.77,142.33,143.04,143.96,145.21,147.32,182.94,182.29,181.63
174.96,174.27,173.57,172.86,172.14,171.41,170.67,169.94,169.21,168.48,167.76,167.03,166.29,165.55,164.81,164.08,163.36,162.63,161.91,161.17,160.42,159.66,158.91,158.17,157.44,156.71,155.95,155.19,154.44,153.72,153.02,152.31,151.59,150.86,150.15,149.46,148.77,143.27,142.8,142.33,141.88,141.44,141.02,140.62,140.23,139.86,139.51,139.18,138.87,138.58,138.31,138.07,137.85,137.67,137.51,137.38,137.29,137.22,137.2,137.21
183,182.26,181.52,180.78,180.06,179.34,178.63,177.93,177.23,176.52,175.79,175.06,174.34,173.62,172.9,172.19,171.47,170.75,170.01,169.25,168.5,167.76,167.01,166.28,165.54,164.8,164.05,163.3,162.56,161.83,161.1,160.38,159.65,158.91,158.15,157.4,156.65,155.92,155.19,154.44,153.68,152.91,152.16,151.44,150.73,150.01,149.26,148.51,147.8,147.09,141.34,140.84,140.35,139.88,139.41,138.96,138.53,138.12,137.72,137.35
152.91,189.33,188.64,187.95,187.26,186.57,185.87,185.18,184.48,183.79,183.09,182.38,181.66,180.92,180.18,179.44,178.71,177.99,177.27,176.56,175.86,175.14,174.41,173.67,172.93,172.19,171.46,170.73,170,169.26,168.5,167.73,166.96,166.19,165.43,164.67,163.92,163.15,162.38,161.62,160.86,160.11,159.36,158.62,157.87,157.1,156.33,155.57,154.81,154.06,153.32,152.55,151.77,151,150.26,149.54,148.82,148.08,147.33,146.6
145.08,145.13,145.23,145.38,145.59,145.87,146.22,146.66,147.21,147.91,148.83,150.14,152.45,187.19,186.5,185.8,185.1,184.4,183.7,183,182.29,181.59,180.87,180.14,179.39,178.65,177.91,177.19,176.47,175.76,175.05,174.34,173.62,172.89,172.15,171.41,170.68,169.95,169.23,168.5,167.75,166.99,166.22,165.45,164.68,163.92,163.16,162.39,161.62,160.84,160.06,159.3,158.54,157.78,157.02,156.24,155.45,154.66,153.87,153.1
145.12,144.82,144.55,144.3,144.08,143.88,143.72,143.58,143.48,143.42,143.4,143.42,143.49,143.6,143.78,144.01,144.31,144.69,145.17,145.78,146.58,147.66,149.28,186.03,185.32,184.62,183.91,183.2,182.49,181.78,181.06,180.34,179.61,178.86,178.11,177.35,176.61,175.88,175.15,174.44,173.72,172.99,172.25,171.51,170.76,170.02,169.28,168.54,167.81,167.06,166.29,165.52,164.74,163.96,163.19,162.43,161.66,160.88,160.1,159.33
152.31,151.64,150.97,150.31,145.79,145.38,144.99,144.61,144.26,143.92,143.6,143.31,143.04,142.79,142.57,142.38,142.22,142.09,141.99,141.94,141.92,141.94,142.01,142.13,142.31,142.54,142.85,143.23,143.73,144.35,145.17,146.29,148,184.62,183.92,183.21,182.51,181.8,181.09,180.38,179.66,178.93,178.18,177.42,176.67,175.93,175.2,174.47,173.75,173.03,172.31,171.57,170.81,170.06,169.32,168.57,167.83,167.09,166.33,165.56
148.71,149.54,150.69,152.43,188.64,187.92,187.19,186.46,185.74,185.01,184.28,183.56,182.82,182.08,181.33,180.56,179.79,179.02,178.26,177.5,176.76,176.02,175.28,174.53,173.76,172.99,172.22,171.45,170.69,169.92,169.15,168.36,167.55,166.74,165.93,165.13,164.33,163.53,162.72,161.91,161.1,160.3,159.51,158.72,157.94,157.13,156.31,155.5,154.7,153.91,153.12,152.31,151.48,150.68,149.9,149.14,148.39,147.6,146.81,146.05
186.84,186.12,185.39,184.67,183.94,183.2,182.46,181.69,180.92,180.15,179.38,178.62,177.87,177.13,176.39,175.64,174.88,174.1,173.33,172.55,171.79,171.03,170.26,169.48,168.68,167.87,167.07,166.27,165.48,164.69,163.89,163.09,162.29,161.49,160.71,159.94,159.16,158.38,157.58,156.78,155.98,155.2,154.42,153.64,152.84,152.03,151.25,150.49,149.75,148.99,148.21,147.44,146.7,145.97,140.26,139.74,139.24,138.75,138.28,137.82
184.08,183.33,182.59,181.81,181.04,180.26,179.49,178.74,177.99,177.24,176.5,175.74,174.97,174.19,173.42,172.65,171.89,171.12,170.36,169.57,168.77,167.97,167.17,166.38,165.59,164.8,164.01,163.21,162.42,161.63,160.86,160.09,159.32,158.54,157.74,156.94,156.15,155.38,154.61,153.82,153.02,152.22,151.45,150.7,149.96,149.19,148.41,147.66,146.92,146.19,140.62,140.12,139.62,139.14,138.68,138.23,137.81,137.41,137.03,136.67
182.01,181.27,180.46,179.71,178.96,178.2,177.45,176.68,175.92,175.16,174.39,173.62,172.86,172.1,171.34,170.58,169.8,169,168.19,167.4,166.61,165.82,165.03,164.23,163.43,162.63,161.85,161.07,160.3,159.53,158.74,157.94,157.14,156.36,155.58,154.82,154.04,153.23,152.44,151.68,150.94,150.2,149.43,148.66,147.91,147.18,146.45,140.95,140.45,139.96,139.49,139.03,138.59,138.18,137.78,137.41,137.06,136.74,136.44,136.18
180.46,179.55,178.92,178.14,177.38,176.55,175.81,175.07,174.34,173.59,172.83,172.07,171.3,170.52,169.72,168.91,168.1,167.31,166.52,165.74,164.95,164.16,163.37,162.58,161.81,161.04,160.2,159.44,158.67,157.88,157.1,156.33,155.57,154.81,154.02,153.22,152.44,151.69,150.96,150.22,149.45,148.68,147.93,147.2,141.57,141.06,140.56,140.08,139.61,139.16,138.73,138.32,137.94,137.57,137.24,136.93,136.65,136.4,136.19,136
179.16,178.45,177.67,176.92,176.19,175.43,174.69,173.91,173.13,172.34,171.55,170.77,169.99,169.2,168.4,167.62,166.83,166.06,165.28,164.49,163.7,162.91,162.13,161.35,160.59,159.82,159.03,158.31,157.51,156.72,155.94,155.17,154.38,153.57,152.76,151.99,151.24,150.49,149.72,148.94,148.19,147.45,141.83,141.32,140.82,140.33,139.87,139.42,138.99,138.59,138.21,137.85,137.51,137.21,136.92,136.67,136.45,136.27,136.12,136
178.16,177.34,176.66,175.92,175.09,174.27,173.6,172.81,172.04,171.29,170.53,169.75,168.96,168.15,167.35,166.55,165.75,164.95,164.14,163.34,162.54,161.76,160.99,160.22,159.45,158.66,157.87,157.07,156.38,155.61,154.84,154.05,153.25,152.47,151.72,150.99,150.24,149.47,148.71,147.97,147.24,141.74,141.23,140.75,140.27,139.81,139.38,138.96,138.56,138.19,137.84,137.52,137.23,136.96,136.73,136.53,136.37,136.24,136.15,136.1
177.32,176.57,175.81,175,174.23,173.5,172.77,171.98,171.21,170.43,169.63,168.82,168.01,167.21,166.42,165.64,164.86,164.08,163.29,162.52,161.76,161,160.25,159.49,158.71,157.93,157.15,156.38,155.62,154.77,153.97,153.17,152.39,151.63,150.9,150.14,149.37,148.61,147.87,147.14,141.71,141.21,140.73,140.26,139.81,139.38,138.97,138.58,138.22,137.88,137.57,137.29,137.03,136.81,136.62,136.47,136.35,136.27,136.23,136.23
176.59,175.87,175.06,174.31,173.55,172.75,171.95,171.22,170.45,169.66,168.87,168.07,167.28,166.5,165.72,164.94,164.15,163.35,162.56,161.77,160.99,160.22,159.44,158.64,157.83,157.04,156.25,155.48,154.71,154,153.2,152.42,151.67,150.94,150.19,149.42,148.66,147.92,147.2,141.78,141.28,140.8,140.33,139.88,139.45,139.04,138.66,138.3,137.96,137.65,137.37,137.12,136.9,136.71,136.56,136.45,136.37,136.34,136.34,136.4
175.94,175.13,174.4,173.6,172.81,172.06,171.33,170.57,169.78,168.98,168.17,167.37,166.58,165.79,165.01,164.22,163.42,162.63,161.86,161.1,160.34,159.58,158.81,158.03,157.26,156.49,155.73,154.98,154.21,153.42,152.55,151.78,151.05,150.31,149.53,148.77,148.03,147.31,141.88,141.38,140.9,140.43,139.98,139.55,139.15,138.76,138.4,138.06,137.75,137.47,137.21,136.99,136.8,136.65,136.53,136.44,136.4,136.4,136.45,136.54
175.42,174.68,173.83,173.08,172.34,171.59,170.81,169.97,169.2,168.4,167.61,166.83,166.05,165.27,164.49,163.7,162.92,162.14,161.37,160.6,159.83,159.05,158.25,157.46,156.67,155.89,155.13,154.35,153.55,152.76,152,151.25,150.53,149.78,149.01,148.26,147.54,146.81,141.56,141.07,140.6,140.15,139.71,139.3,138.9,138.53,138.19,137.87,137.58,137.32,137.09,136.89,136.73,136.6,136.52,136.47,136.46,136.5,136.59,136.73
174.89,174.08,173.33,172.53,171.76,171.01,170.27,169.51,168.68,167.87,167.06,166.27,165.48,164.69,163.9,163.11,162.33,161.56,160.79,160.04,159.27,158.5,157.71,156.94,156.17,155.41,154.65,153.88,153.08,152.3,151.54,150.78,150.05,149.28,148.51,147.77,147.01,141.7,141.22,140.74,140.28,139.85,139.43,139.04,138.66,138.32,137.99,137.7,137.43,137.19,136.99,136.81,136.67,136.57,136.51,136.48,136.5,136.56,136.68,136.85
174.38,173.67,172.8,172.1,171.37,170.61,169.81,168.98,168.17,167.34,166.57,165.81,165.05,164.28,163.5,162.72,161.95,161.18,160.41,159.64,158.87,158.07,157.28,156.49,155.72,154.95,154.18,153.38,152.59,151.83,151.09,150.36,149.61,148.85,148.09,147.37,146.65,141.47,140.99,140.53,140.08,139.66,139.25,138.87,138.51,138.17,137.86,137.57,137.32,137.09,136.9,136.74,136.62,136.54,136.5,136.51,136.56,136.66,136.82,137.03
173.98,173.2,172.49,171.7,170.9,170.14,169.37,168.59,167.81,167.03,166.26,165.47,164.67,163.85,163.04,162.24,161.47,160.7,159.94,159.19,158.41,157.63,156.85,156.08,155.31,154.56,153.78,152.99,152.21,151.46,150.72,149.98,149.22,148.45,147.7,147.02,141.71,141.22,140.74,140.29,139.85,139.44,139.05,138.67,138.32,138,137.69,137.43,137.19,136.99,136.82,136.69,136.59,136.53,136.52,136.54,136.61,136.73,136.9,137.14
173.66,172.85,172.08,171.26,170.55,169.79,168.99,168.18,167.37,166.56,165.8,164.94,164.17,163.41,162.65,161.89,161.14,160.38,159.62,158.85,158.06,157.26,156.47,155.69,154.93,154.16,153.38,152.59,151.81,151.07,150.34,149.61,148.84,148.1,147.37,146.66,141.46,140.98,140.53,140.08,139.66,139.25,138.87,138.51,138.17,137.86,137.58,137.32,137.1,136.91,136.75,136.62,136.53,136.49,136.48,136.53,136.63,136.78,137,137.28
173.24,172.45,171.7,170.99,170.17,169.39,168.61,167.82,167,166.24,165.48,164.7,163.94,163.17,162.36,161.55,160.76,159.99,159.23,158.46,157.68,156.89,156.12,155.36,154.6,153.84,153.06,152.28,151.51,150.78,150.05,149.31,148.54,147.8,147.07,146.4,141.29,140.81,140.35,139.91,139.48,139.08,138.7,138.35,138.02,137.73,137.45,137.21,137,136.82,136.68,136.58,136.51,136.49,136.51,136.58,136.7,136.87,137.11,137.42
172.89,172.15,171.38,170.59,169.85,169.09,168.29,167.48,166.73,165.9,165.11,164.34,163.55,162.76,161.96,161.19,160.44,159.69,158.94,158.17,157.39,156.6,155.81,155.04,154.27,153.5,152.7,151.91,151.15,150.42,149.69,148.94,148.18,147.42,146.71,141.5,141.02,140.55,140.14,139.71,139.3,138.92,138.55,138.21,137.9,137.61,137.35,137.12,136.91,136.75,136.62,136.53,136.48,136.47,136.5,136.59,136.73,136.93,137.2,137.55
172.59,171.79,171.03,170.3,169.54,168.72,167.91,167.07,166.35,165.57,164.8,164.03,163.25,162.46,161.7,160.93,160.15,159.38,158.61,157.82,157.03,156.25,155.48,154.72,153.97,153.2,152.42,151.65,150.91,150.19,149.47,148.72,147.95,147.23,146.54,141.37,140.89,140.43,139.99,139.56,139.15,138.77,138.41,138.08,137.77,137.49,137.24,137.02,136.83,136.68,136.56,136.48,136.45,136.45,136.51,136.61,136.77,136.99,137.28,137.66
172.29,171.5,170.78,170.01,169.21,168.45,167.68,166.88,166.09,165.3,164.52,163.73,162.93,162.14,161.36,160.6,159.84,159.08,158.33,157.56,156.78,156.01,155.25,154.49,153.74,152.97,152.18,151.4,150.65,149.92,149.25,148.49,147.68,146.96,146.24,141.17,140.7,140.24,139.81,139.39,139,138.63,138.28,137.95,137.66,137.39,137.14,136.93,136.75,136.6,136.5,136.43,136.4,136.42,136.49,136.61,136.78,137.03,137.35,137.77
171.99,171.26,170.45,169.7,168.96,168.19,167.37,166.55,165.76,164.98,164.21,163.44,162.66,161.88,161.1,160.34,159.58,158.83,158.07,157.29,156.49,155.71,154.93,154.16,153.4,152.61,151.82,151.05,150.31,149.64,148.94,148.18,147.44,146.73,146.03,141.02,140.55,140.1,139.67,139.26,138.87,138.5,138.16,137.84,137.54,137.28,137.04,136.84,136.67,136.54,136.45,136.4,136.39,136.43,136.51,136.65,136.86,137.13,137.48,137.93
171.74,170.91,170.2,169.45,168.66,167.83,167.07,166.29,165.52,164.74,163.97,163.19,162.41,161.61,160.83,160.06,159.3,158.54,157.77,156.99,156.2,155.42,154.66,153.91,153.15,152.38,151.63,150.89,150.17,149.45,148.72,147.96,147.22,146.5,145.79,140.84,140.38,139.94,139.51,139.11,138.72,138.35,138.02,137.71,137.43,137.17,136.95,136.76,136.6,136.47,136.39,136.35,136.35,136.39,136.48,136.63,136.84,137.12,137.49,137.96
171.43,170.66,169.94,169.16,168.36,167.6,166.83,166.04,165.26,164.48,163.7,162.91,162.12,161.33,160.54,159.77,159,158.24,157.47,156.75,155.99,155.2,154.45,153.71,152.96,152.19,151.41,150.65,149.93,149.21,148.48,147.73,146.99,146.28,145.58,140.69,140.23,139.79,139.37,138.97,138.59,138.24,137.91,137.6,137.33,137.08,136.86,136.67,136.52,136.41,136.34,136.3,136.31,136.37,136.48,136.67,136.88,137.18,137.55,138.07
171.28,170.44,169.66,168.92,168.15,167.36,166.58,165.78,165.01,164.24,163.44,162.66,161.88,161.11,160.34,159.58,158.81,158.05,157.29,156.52,155.74,154.97,154.22,153.47,152.72,151.95,151.19,150.44,149.72,149.02,148.24,147.5,146.78,146.08,145.38,140.55,140.08,139.65,139.23,138.84,138.47,138.13,137.8,137.5,137.23,136.99,136.77,136.59,136.44,136.34,136.28,136.25,136.28,136.35,136.47,136.65,136.89,137.21,137.61,138.13
170.92,170.19,169.4,168.66,167.88,167.12,166.35,165.58,164.82,163.96,163.19,162.43,161.66,160.89,160.07,159.31,158.56,157.82,157.08,156.33,155.58,154.83,154.09,153.34,152.58,151.71,150.94,150.19,149.46,148.74,148.01,147.27,146.56,145.87,145.18,140.41,139.96,139.53,139.12,138.73,138.36,138.02,137.69,137.4,137.13,136.89,136.69,136.51,136.38,136.28,136.22,136.21,136.24,136.32,136.45,136.64,136.9,137.23,137.67,138.25
170.7,170.04,169.17,168.42,167.75,166.88,166.06,165.29,164.54,163.76,162.98,162.2,161.42,160.6,159.83,159.07,158.33,157.59,156.84,156.06,155.28,154.5,153.75,153.01,152.26,151.5,150.73,150,149.28,148.57,147.84,147.1,146.38,145.72,145.02,140.27,139.81,139.38,138.97,138.58,138.23,137.89,137.58,137.3,137.03,136.8,136.6,136.43,136.3,136.21,136.16,136.16,136.2,136.29,136.43,136.65,136.94,137.26,137.73,138.36
170.47,169.68,168.92,168.16,167.47,166.63,165.86,165.07,164.27,163.48,162.68,161.95,161.18,160.4,159.66,158.93,158.15,157.4,156.63,155.85,155.07,154.29,153.57,152.82,152.06,151.28,150.51,149.77,149.06,148.35,147.62,146.89,146.18,145.49,144.8,140.13,139.69,139.27,138.87,138.49,138.12,137.79,137.5,137.21,136.94,136.71,136.52,136.36,136.23,136.15,136.11,136.11,136.16,136.26,136.42,136.65,136.95,137.34,137.84,138.51
170.21,169.42,168.65,167.94,167.15,166.36,165.6,164.81,164.04,163.28,162.49,161.79,160.95,160.15,159.4,158.65,157.91,157.14,156.38,155.55,154.88,154.12,153.38,152.64,151.89,151.12,150.36,149.59,148.88,148.18,147.44,146.71,146,145.3,144.61,139.99,139.55,139.13,138.74,138.36,138.01,137.68,137.37,137.09,136.84,136.62,136.43,136.28,136.16,136.08,136.05,136.06,136.12,136.24,136.43,136.67,137,137.41,137.95,138.64
170.02,169.26,168.48,167.72,166.96,166.2,165.4,164.61,163.82,163.04,162.27,161.49,160.71,159.93,159.2,158.45,157.69,156.94,156.18,155.41,154.64,153.89,153.13,152.4,151.63,150.86,150.11,149.38,148.68,147.98,147.25,146.53,145.82,145.13,144.44,139.87,139.44,139.02,138.63,138.26,137.91,137.58,137.27,137,136.75,136.53,136.35,136.2,136.09,136.03,136,136.03,136.11,136.24,136.43,136.69,137.01,137.44,138.01,138.75
169.74,169,168.25,167.51,166.72,165.93,165.16,164.39,163.61,162.84,162.08,161.31,160.54,159.76,158.97,158.2,157.46,156.73,155.99,155.22,154.46,153.7,152.96,152.22,151.46,150.72,149.96,149.2,148.49,147.77,147.04,146.31,145.61,144.92,144.23,139.73,139.3,138.89,138.5,138.13,137.78,137.46,137.16,136.89,136.65,136.45,136.27,136.13,136.02,135.96,135.93,135.96,136.03,136.16,136.35,136.61,136.96,137.41,138,138.78
169.61,168.8,168.05,167.26,166.52,165.74,164.94,164.15,163.35,162.59,161.84,161.06,160.27,159.5,158.74,158.01,157.31,156.53,155.77,155,154.23,153.47,152.72,151.98,151.23,150.46,149.71,148.98,148.28,147.58,146.88,146.17,145.47,144.77,144.08,139.6,139.18,138.77,138.38,138.02,137.67,137.36,137.06,136.8,136.56,136.36,136.19,136.05,135.95,135.9,135.89,135.94,136.05,136.22,136.45,136.75,137.15,137.66,138.3,139.13
169.25,168.54,167.82,167.08,166.28,165.5,164.71,163.91,163.17,162.41,161.63,160.85,160.15,159.39,158.64,157.89,157.14,156.37,155.56,154.75,154.04,153.29,152.55,151.82,151.08,150.31,149.56,148.84,148.14,147.45,146.73,146.02,145.28,144.58,143.89,139.47,139.05,138.65,138.27,137.91,137.57,137.26,136.97,136.71,136.47,136.27,136.11,135.98,135.89,135.85,135.85,135.91,136.01,136.18,136.41,136.66,137.05,137.55,138.21,139.09
169.15,168.34,167.58,166.89,166.02,165.29,164.51,163.75,162.94,162.16,161.41,160.66,159.89,159.12,158.29,157.52,156.78,156.04,155.32,154.58,153.86,153.13,152.39,151.61,150.86,150.1,149.36,148.64,147.95,147.26,146.55,145.85,145.16,144.47,143.78,139.37,138.96,138.55,138.15,137.8,137.46,137.15,136.86,136.61,136.38,136.19,136.03,135.91,135.83,135.78,135.79,135.85,135.96,136.13,136.38,136.69,137.11,137.65,138.34,139.27
168.82,168.17,167.36,166.62,165.87,165.12,164.28,163.52,162.75,161.96,161.21,160.44,159.66,158.88,158.12,157.38,156.65,155.97,155.2,154.41,153.63,152.85,152.1,151.37,150.65,149.91,149.18,148.44,147.77,147.07,146.36,145.64,144.93,144.23,139.64,139.21,138.8,138.4,138.03,137.68,137.35,137.05,136.77,136.52,136.29,136.1,135.95,135.83,135.76,135.73,135.76,135.83,135.96,136.15,136.4,136.75,137.2,137.77,138.5,139.48
168.64,167.86,167.17,166.39,165.61,164.79,164.07,163.31,162.52,161.73,160.95,160.23,159.46,158.7,157.94,157.23,156.49,155.75,154.99,154.22,153.45,152.7,151.97,151.24,150.49,149.73,148.98,148.26,147.56,146.86,146.16,145.47,144.77,139.98,139.56,139.14,138.73,138.33,137.95,137.58,137.25,136.94,136.66,136.42,136.2,136.02,135.87,135.76,135.7,135.68,135.7,135.79,135.92,136.12,136.39,136.75,137.21,137.81,138.54,139.58
168.44,167.69,166.93,166.19,165.42,164.65,163.85,163.07,162.29,161.58,160.83,160.04,159.25,158.48,157.73,156.98,156.26,155.49,154.75,154,153.26,152.53,151.81,151.05,150.31,149.55,148.84,148.12,147.41,146.7,146,145.3,144.61,143.92,139.41,138.98,138.57,138.18,137.81,137.46,137.14,136.83,136.57,136.33,136.12,135.94,135.79,135.69,135.64,135.63,135.67,135.76,135.91,136.13,136.42,136.8,137.28,137.9,138.72,139.85
168.21,167.48,166.82,165.96,165.17,164.47,163.65,162.88,162.1,161.42,160.61,159.76,159.03,158.29,157.54,156.8,156.07,155.37,154.62,153.83,153.07,152.31,151.57,150.84,150.09,149.34,148.61,147.93,147.21,146.5,145.83,145.13,144.45,143.77,139.29,138.86,138.46,138.07,137.7,137.36,137.04,136.74,136.47,136.24,136.03,135.86,135.72,135.63,135.59,135.58,135.62,135.72,135.88,136.12,136.42,136.83,137.34,138,138.88,140.11
168.01,167.26,166.51,165.77,165.01,164.19,163.39,162.66,161.89,161.14,160.39,159.62,158.88,158.1,157.32,156.58,155.86,155.13,154.36,153.6,152.83,152.09,151.37,150.68,149.97,149.23,148.51,147.79,147.07,146.36,145.66,145.03,140.08,139.63,139.19,138.74,138.33,137.95,137.59,137.24,136.93,136.64,136.38,136.14,135.94,135.77,135.64,135.55,135.51,135.51,135.58,135.69,135.88,136.13,136.45,136.88,137.42,138.1,139.02,140.33
167.78,166.99,166.3,165.52,164.79,163.99,163.26,162.49,161.69,160.93,160.17,159.4,158.64,157.88,157.11,156.41,155.68,154.94,154.19,153.44,152.68,151.94,151.31,150.51,149.78,149.04,148.3,147.58,146.88,146.19,145.5,144.81,139.92,143.45,139.04,138.62,138.22,137.83,137.48,137.14,136.83,136.55,136.28,136.05,135.86,135.69,135.57,135.49,135.46,135.48,135.55,135.69,135.89,136.16,136.5,136.93,137.48,138.2,139.13,140.53
167.6,166.83,166.08,165.34,164.57,163.79,163.06,162.23,161.47,160.69,159.96,159.2,158.45,157.71,156.94,156.2,155.46,154.73,153.99,153.25,152.51,151.78,151.06,150.34,149.59,148.82,148.14,147.44,146.73,146.04,145.32,144.63,143.93,139.34,138.91,138.49,138.1,137.72,137.36,137.03,136.72,136.44,136.18,135.96,135.77,135.62,135.5,135.43,135.4,135.43,135.51,135.64,135.84,136.12,136.48,136.94,137.54,138.33,139.4,141.03
167.32,166.62,165.88,165.15,164.36,163.61,162.75,162.05,161.28,160.51,159.75,159.03,158.26,157.5,156.74,155.98,155.24,154.56,153.83,153.06,152.31,151.57,150.84,150.1,149.37,148.64,147.92,147.21,146.5,145.8,145.15,144.47,143.79,139.22,138.79,138.38,137.98,137.6,137.25,136.92,136.61,136.33,136.09,135.87,135.69,135.54,135.43,135.36,135.34,135.39,135.48,135.63,135.85,136.13,136.52,137,137.63,138.46,139.58,141.36
167.16,166.4,165.66,164.9,164.18,163.37,162.59,161.83,161.04,160.31,159.58,158.82,158.05,157.26,156.52,155.8,155.09,154.37,153.63,152.86,152.13,151.38,150.67,149.95,149.23,148.52,147.82,147.12,146.42,145.73,145.05,144.37,143.61,139.09,138.66,138.25,137.86,137.49,137.14,136.81,136.51,136.24,135.99,135.78,135.6,135.46,135.36,135.3,135.3,135.35,135.45,135.62,135.85,136.17,136.57,137.09,137.74,138.61,139.82,141.84
166.93,166.17,165.45,164.71,163.96,163.15,162.43,161.7,160.87,160.11,159.36,158.59,157.84,157.1,156.36,155.61,154.88,154.15,153.41,152.69,151.96,151.23,150.49,149.84,149.11,148.31,147.59,146.88,146.18,145.49,144.8,144.13,139.41,138.97,138.55,138.14,137.75,137.37,137.02,136.7,136.41,136.14,135.9,135.69,135.52,135.38,135.29,135.24,135.25,135.31,135.42,135.57,135.81,136.13,136.55,137.09,137.79,138.72,140.05,142.47
166.72,165.98,165.22,164.51,163.72,162.97,162.19,161.4,160.61,159.9,159.17,158.41,157.64,156.92,156.16,155.43,154.7,153.98,153.25,152.51,151.77,151.03,150.3,149.58,148.86,148.14,147.42,146.68,146.02,145.35,144.68,144,139.28,138.84,138.4,137.99,137.61,137.25,136.91,136.59,136.3,136.04,135.8,135.6,135.44,135.31,135.22,135.16,135.17,135.23,135.39,135.59,135.85,136.2,136.66,137.23,137.98,138.97,140.43,143.16
166.52,165.77,165.03,164.28,163.53,162.75,161.99,161.23,160.53,159.75,158.98,158.2,157.45,156.7,155.96,155.24,154.54,153.82,153.1,152.37,151.6,150.86,150.13,149.41,148.68,147.97,147.25,146.54,145.84,145.15,144.46,143.74,139.12,138.69,138.27,137.88,137.52,137.16,136.82,136.49,136.2,135.94,135.71,135.51,135.36,135.24,135.16,135.12,135.15,135.22,135.36,135.57,135.86,136.24,136.65,137.24,138,139.03,140.54,144.52
166.3,165.56,164.79,164.08,163.37,162.56,161.79,161.01,160.28,159.46,158.74,158.01,157.26,156.51,155.83,155.05,154.33,153.61,152.84,152.1,151.37,150.63,149.91,149.22,148.5,147.78,147.07,146.36,145.66,144.97,144.29,143.61,142.94,138.58,138.16,137.76,137.38,137.02,136.69,136.37,136.09,135.83,135.62,135.43,135.27,135.16,135.09,135.07,135.11,135.2,135.35,135.57,135.87,136.25,136.75,137.38,138.21,139.34,141.15,177.22
166.08,165.33,164.56,163.87,163.12,162.3,161.58,160.81,160.07,159.31,158.65,157.83,157.04,156.31,155.58,154.84,154.07,153.42,152.7,151.96,151.26,150.53,149.8,149.07,148.34,147.62,146.89,146.22,145.52,144.81,144.12,139.32,142.76,138.45,138.04,137.64,137.26,136.91,136.58,136.27,135.99,135.74,135.52,135.34,135.2,135.09,135.03,135.02,135.07,135.16,135.33,135.56,135.87,136.28,136.81,137.49,138.38,139.65,141.75,176.96
165.87,165.14,164.43,163.67,162.94,162.19,161.43,160.61,159.86,159.11,158.35,157.6,156.83,156.13,155.4,154.67,153.94,153.21,152.49,151.79,151.04,150.31,149.57,148.86,148.15,147.44,146.74,146.04,145.34,144.65,143.96,143.26,138.75,138.33,137.92,137.54,137.17,136.81,136.48,136.18,135.9,135.64,135.43,135.26,135.12,135.02,134.96,134.95,134.99,135.13,135.31,135.57,135.91,136.34,136.9,137.6,138.54,139.89,142.33,176.74
165.71,164.98,164.19,163.47,162.7,161.96,161.15,160.39,159.65,158.9,158.16,157.43,156.67,155.93,155.18,154.47,153.76,153.04,152.32,151.6,150.86,150.12,149.42,148.75,148.04,147.26,146.54,145.82,145.13,144.45,143.76,143.09,138.62,138.2,137.79,137.4,137.02,136.68,136.35,136.06,135.79,135.55,135.34,135.17,135.04,134.95,134.91,134.92,134.99,135.12,135.31,135.61,136,136.49,137.07,137.81,138.74,140.14,143.22,176.51
165.44,164.72,163.98,163.25,162.51,161.72,160.95,160.2,159.44,158.76,158.04,157.3,156.47,155.74,155.02,154.29,153.57,152.84,152.11,151.39,150.66,149.94,149.21,148.49,147.77,147.07,146.37,145.65,144.95,144.29,143.62,138.95,138.48,138.06,137.66,137.27,136.91,136.56,136.24,135.95,135.69,135.45,135.25,135.09,134.97,134.88,134.85,134.87,134.94,135.08,135.29,135.57,135.95,136.44,137.06,137.87,138.99,140.68,176.95,176.22
165.26,164.51,163.78,163.05,162.29,161.51,160.76,159.94,159.27,158.53,157.78,157.03,156.3,155.57,154.84,154.15,153.37,152.65,151.94,151.23,150.51,149.78,149.06,148.35,147.64,146.94,146.24,145.54,144.78,144.09,139.23,142.73,138.35,137.94,137.54,137.16,136.8,136.45,136.13,135.84,135.58,135.36,135.16,135.01,134.89,134.82,134.8,134.82,134.92,135.07,135.29,135.6,135.99,136.5,137.15,137.99,139.14,140.96,176.76,176.02
165.04,164.3,163.57,162.85,162.08,161.35,160.64,159.81,159.06,158.31,157.58,156.84,156.09,155.35,154.62,153.9,153.2,152.41,151.74,151.06,150.33,149.58,148.85,148.14,147.43,146.73,146.03,145.33,144.64,143.95,143.27,138.66,138.23,137.81,137.41,137.02,136.67,136.33,136.02,135.73,135.48,135.26,135.08,134.93,134.82,134.75,134.74,134.78,134.89,135.06,135.31,135.64,136.07,136.62,137.32,138.24,139.49,141.72,176.48,175.74
164.83,164.05,163.35,162.62,161.82,161.12,160.34,159.54,158.84,158.13,157.41,156.64,155.9,155.16,154.46,153.73,153.01,152.28,151.56,150.83,150.11,149.39,148.64,147.94,147.22,146.53,145.82,145.11,144.39,143.69,138.93,142.32,138.07,137.66,137.27,136.9,136.55,136.22,135.91,135.63,135.39,135.17,134.99,134.85,134.75,134.71,134.71,134.76,134.88,135.02,135.27,135.6,136.03,136.59,137.31,138.28,139.69,142.43,176.23,175.48
130.6,130.55,130.5,131.73,131.66,131.59,131.52,131.45,131.38,131.31,131.23,131.16,131.09,131.01,130.93,130.86,130.78,130.7,130.62,130.54,130.46,130.38,130.29,130.21,130.12,130.02,129.93,129.83,129.73,129.63,129.52,129.41,129.3,129.18,129.05,128.91,128.75,128.57,128.32,106.31,106.28,106.24,106.21,106.18,106.14,106.12,106.09,106.06,106.03,106,105.96,105.93,105.89,105.85,105.81,105.78,105.75,105.71,105.68,105.64
129.07,129.03,128.98,128.94,128.9,128.86,128.82,128.78,128.74,128.69,128.65,128.61,128.58,128.53,128.48,128.43,128.39,128.35,128.31,128.26,128.21,129.44,129.37,129.3,129.22,129.15,129.08,129.01,128.93,128.86,128.78,128.71,128.63,128.56,128.48,128.4,128.33,128.25,128.17,128.09,128,127.92,127.83,127.74,127.64,127.55,127.45,127.34,127.24,127.13,127.01,126.89,126.77,126.63,126.47,126.28,126.03,104.03,104,103.96
127.36,127.31,127.27,127.22,127.17,127.13,127.09,127.05,127.01,126.97,126.92,126.88,126.84,126.8,126.76,126.71,126.67,126.62,126.58,126.53,126.5,126.46,126.42,126.38,126.33,126.29,126.25,126.22,126.18,126.14,126.09,126.04,126,125.97,125.92,125.88,125.83,127.05,126.98,126.9,126.83,126.76,126.69,126.61,126.54,126.47,126.39,126.31,126.24,126.16,126.08,126.01,125.93,125.85,125.77,125.68,125.6,125.51,125.42,125.33
125.47,125.43,125.4,125.36,125.32,125.28,125.24,125.19,125.14,125.1,125.06,125.01,124.97,124.93,124.88,124.84,124.79,124.75,124.71,124.67,124.63,124.59,124.55,124.5,124.46,124.42,124.38,124.34,124.29,124.25,124.2,124.15,124.11,124.06,124.02,123.98,123.94,123.9,123.85,123.81,123.77,123.74,123.7,123.65,123.6,123.56,123.52,123.48,123.44,123.39,124.62,124.55,124.48,124.41,124.34,124.27,124.2,124.13,124.06,123.98
145.46,123.32,123.28,123.24,123.2,123.15,123.11,123.07,123.02,122.98,122.94,122.89,122.85,122.82,122.78,122.75,122.71,122.67,122.62,122.58,122.53,122.49,122.45,122.41,122.37,122.32,122.28,122.24,122.19,122.15,122.11,122.08,122.04,122,121.97,121.93,121.89,121.85,121.81,121.77,121.73,121.69,121.64,121.6,121.55,121.51,121.47,121.44,121.39,121.35,121.3,121.26,121.23,121.19,121.15,121.1,121.05,121.01,120.97,120.93
144.35,144.24,144.13,144.01,143.89,143.77,143.64,143.5,143.35,143.19,143.02,142.81,142.52,120.53,120.49,120.45,120.41,120.36,120.32,120.28,120.23,120.19,120.15,120.11,120.08,120.04,120.01,119.97,119.92,119.88,119.83,119.78,119.74,119.7,119.66,119.61,119.57,119.52,119.48,119.43,119.39,119.35,119.32,119.28,119.24,119.2,119.16,119.12,119.08,119.05,119.01,118.97,118.92,118.88,118.84,118.8,118.76,118.73,118.69,118.65
142.35,142.26,142.16,142.07,141.98,141.88,141.78,141.68,141.58,141.48,141.38,141.27,141.16,141.04,140.93,140.8,140.68,140.54,140.4,140.25,140.09,139.9,139.67,117.53,117.49,117.45,117.41,117.37,117.33,117.29,117.25,117.21,117.17,117.14,117.11,117.07,117.03,116.99,116.95,116.91,116.86,116.82,116.78,116.74,116.7,116.66,116.61,116.57,116.52,116.48,116.44,116.41,116.37,116.33,116.3,116.26,116.21,116.18,116.14,116.1
138.4,138.35,138.3,138.25,139.43,139.35,139.27,139.18,139.1,139.01,138.92,138.83,138.74,138.65,138.55,138.46,138.36,138.26,138.16,138.06,137.96,137.85,137.74,137.63,137.51,137.39,137.26,137.13,136.99,136.84,136.67,136.49,136.25,114.12,114.08,114.04,114,113.96,113.92,113.88,113.84,113.81,113.77,113.74,113.71,113.67,113.63,113.59,113.54,113.5,113.45,113.41,113.37,113.34,113.29,113.25,113.21,113.17,113.12,113.09
143.41,143.24,143.05,142.81,120.69,120.66,120.62,120.59,120.55,120.51,120.47,120.44,120.4,120.36,120.33,120.3,120.27,120.24,120.21,120.17,120.13,120.09,120.05,120.01,119.97,119.94,119.91,119.87,119.83,119.79,119.76,119.72,119.69,119.67,119.64,119.6,119.57,119.54,119.51,119.48,119.45,119.41,119.37,119.34,119.3,119.27,119.24,119.2,119.17,119.13,119.1,119.06,119.04,119.01,118.97,118.92,118.88,118.85,118.82,118.78
121.69,121.65,121.61,121.57,121.53,121.49,121.46,121.42,121.39,121.36,121.33,121.29,121.25,121.21,121.17,121.13,121.09,121.06,121.02,120.98,120.95,120.91,120.87,120.83,120.8,120.77,120.74,120.7,120.67,120.63,120.6,120.56,120.53,120.49,120.45,120.41,120.37,120.33,120.3,120.26,120.23,120.19,120.15,120.11,120.07,120.04,120,119.96,119.91,119.87,119.84,119.8,119.76,119.71,120.94,120.87,120.8,120.73,120.66,120.59
122.01,121.97,121.94,121.91,121.88,121.84,121.81,121.77,121.73,121.69,121.65,121.61,121.57,121.53,121.5,121.46,121.42,121.38,121.34,121.3,121.27,121.24,121.2,121.17,121.13,121.09,121.06,121.02,120.98,120.94,120.9,120.86,120.82,120.78,120.74,120.71,120.67,120.63,120.58,120.54,120.51,120.48,120.44,120.39,120.35,120.31,120.27,120.23,120.19,120.14,121.36,121.29,121.22,121.15,121.08,121.01,120.94,120.87,120.8,120.73
122.18,122.14,122.12,122.08,122.04,122,121.96,121.92,121.88,121.84,121.81,121.77,121.73,121.68,121.64,121.6,121.56,121.53,121.5,121.46,121.42,121.39,121.35,121.31,121.28,121.24,121.2,121.16,121.12,121.08,121.04,121,120.96,120.93,120.88,120.84,120.8,120.77,120.73,120.69,120.64,120.59,120.55,120.52,120.48,120.43,120.39,121.6,121.53,121.46,121.39,121.32,121.25,121.18,121.11,121.03,120.96,120.88,120.81,120.73
122.26,122.26,122.19,122.16,122.12,122.09,122.05,122,121.96,121.91,121.87,121.83,121.79,121.75,121.72,121.68,121.65,121.62,121.58,121.54,121.5,121.46,121.42,121.39,121.34,121.3,121.27,121.22,121.18,121.14,121.1,121.06,121.02,120.97,120.93,120.9,120.86,120.81,120.76,120.72,120.68,120.64,120.6,120.55,121.79,121.72,121.65,121.58,121.51,121.44,121.37,121.3,121.23,121.16,121.08,121.01,120.93,120.85,120.78,120.7
122.31,122.26,122.23,122.18,122.14,122.09,122.05,122.01,121.97,121.94,121.9,121.86,121.83,121.79,121.75,121.72,121.68,121.64,121.59,121.56,121.52,121.48,121.44,121.4,121.35,121.31,121.27,121.21,121.18,121.14,121.1,121.05,121.02,120.98,120.95,120.91,120.87,120.82,120.78,120.75,120.71,120.66,121.9,121.83,121.76,121.69,121.62,121.55,121.48,121.41,121.33,121.26,121.18,121.11,121.03,120.95,120.87,120.79,120.71,120.62
122.32,122.29,122.23,122.18,122.16,122.13,122.07,122.04,121.99,121.95,121.91,121.87,121.83,121.8,121.76,121.73,121.69,121.65,121.62,121.58,121.54,121.5,121.46,121.42,121.37,121.33,121.3,121.26,121.2,121.15,121.11,121.07,121.04,121,120.95,120.91,120.86,120.82,120.78,120.74,120.69,121.92,121.85,121.78,121.71,121.64,121.57,121.5,121.43,121.35,121.28,121.2,121.13,121.05,120.97,120.89,120.81,120.73,120.64,120.55
122.31,122.27,122.22,122.2,122.16,122.11,122.06,122.02,121.98,121.94,121.91,121.87,121.84,121.8,121.77,121.72,121.68,121.64,121.6,121.56,121.52,121.47,121.42,121.37,121.33,121.29,121.25,121.21,121.16,121.14,121.1,121.07,121.03,120.98,120.94,120.89,120.86,120.82,120.77,120.73,121.95,121.88,121.81,121.74,121.67,121.6,121.53,121.45,121.38,121.3,121.23,121.15,121.07,120.99,120.91,120.83,120.74,120.65,120.56,120.47
122.3,122.25,122.22,122.17,122.13,122.1,122.06,122.01,121.97,121.93,121.9,121.86,121.82,121.78,121.74,121.7,121.66,121.63,121.59,121.55,121.5,121.46,121.42,121.38,121.35,121.31,121.27,121.23,121.18,121.13,121.09,121.06,121.01,120.96,120.92,120.88,120.84,120.8,120.75,121.98,121.91,121.84,121.77,121.7,121.62,121.55,121.48,121.4,121.33,121.25,121.17,121.1,121.02,120.94,120.85,120.77,120.68,120.59,120.49,120.39
122.29,122.26,122.21,122.17,122.14,122.09,122.04,122,121.96,121.93,121.89,121.86,121.82,121.78,121.74,121.7,121.66,121.62,121.58,121.54,121.49,121.44,121.4,121.36,121.32,121.27,121.23,121.18,121.14,121.1,121.08,121.04,120.99,120.95,120.91,120.87,120.83,120.78,122.01,121.94,121.87,121.8,121.73,121.66,121.58,121.51,121.43,121.36,121.28,121.2,121.12,121.04,120.96,120.88,120.79,120.7,120.61,120.51,120.41,120.31
122.26,122.22,122.2,122.15,122.1,122.06,122.02,121.99,121.95,121.91,121.88,121.84,121.8,121.75,121.71,121.67,121.63,121.59,121.55,121.5,121.46,121.42,121.38,121.34,121.3,121.26,121.22,121.18,121.14,121.11,121.06,121.02,120.97,120.93,120.89,120.85,120.8,120.76,121.97,121.9,121.83,121.76,121.69,121.61,121.54,121.47,121.39,121.31,121.24,121.16,121.08,121,120.91,120.83,120.74,120.65,120.56,120.46,120.36,120.25
122.26,122.22,122.18,122.15,122.1,122.06,122.01,121.96,121.94,121.9,121.87,121.83,121.79,121.75,121.71,121.68,121.64,121.59,121.55,121.5,121.45,121.41,121.37,121.33,121.29,121.24,121.2,121.16,121.12,121.08,121.04,121,120.95,120.91,120.88,120.84,120.8,122.02,121.95,121.88,121.81,121.74,121.67,121.59,121.52,121.44,121.36,121.28,121.2,121.12,121.04,120.95,120.87,120.78,120.69,120.59,120.49,120.39,120.29,120.18
122.25,122.2,122.18,122.13,122.08,122.03,121.99,121.97,121.94,121.9,121.86,121.82,121.77,121.73,121.69,121.65,121.6,121.56,121.52,121.47,121.43,121.39,121.35,121.32,121.27,121.23,121.19,121.15,121.12,121.08,121.03,120.98,120.94,120.9,120.86,120.82,120.77,121.98,121.91,121.84,121.77,121.69,121.62,121.54,121.47,121.39,121.31,121.23,121.15,121.07,120.99,120.91,120.82,120.73,120.64,120.55,120.45,120.34,120.24,120.13
122.24,122.2,122.15,122.11,122.07,122.03,121.99,121.95,121.91,121.87,121.83,121.79,121.75,121.72,121.68,121.65,121.61,121.56,121.51,121.47,121.42,121.39,121.34,121.3,121.26,121.21,121.17,121.14,121.1,121.06,121.01,120.96,120.92,120.89,120.85,120.8,122.03,121.96,121.89,121.82,121.75,121.67,121.59,121.52,121.45,121.37,121.3,121.22,121.14,121.06,120.97,120.88,120.79,120.7,120.6,120.5,120.4,120.29,120.18,120.07
122.21,122.18,122.14,122.11,122.05,122.01,121.98,121.94,121.91,121.88,121.83,121.81,121.76,121.72,121.67,121.63,121.58,121.54,121.49,121.45,121.41,121.37,121.33,121.29,121.25,121.21,121.17,121.13,121.1,121.05,121,120.95,120.92,120.88,120.83,120.79,122.01,121.94,121.87,121.79,121.72,121.65,121.57,121.49,121.42,121.34,121.26,121.18,121.09,121.01,120.92,120.83,120.74,120.65,120.55,120.45,120.35,120.25,120.14,120.02
122.22,122.18,122.13,122.08,122.05,122.01,121.97,121.93,121.9,121.86,121.81,121.77,121.73,121.68,121.65,121.62,121.58,121.53,121.49,121.45,121.41,121.37,121.32,121.28,121.23,121.19,121.15,121.12,121.08,121.03,120.98,120.94,120.9,120.86,120.82,120.76,121.98,121.91,121.84,121.77,121.7,121.63,121.55,121.48,121.4,121.32,121.24,121.16,121.07,120.99,120.9,120.81,120.72,120.62,120.52,120.43,120.32,120.21,120.09,119.98
122.21,122.16,122.12,122.08,122.04,121.99,121.96,121.93,121.88,121.85,121.81,121.77,121.73,121.69,121.66,121.61,121.57,121.52,121.47,121.43,121.39,121.35,121.31,121.27,121.23,121.19,121.16,121.12,121.08,121.03,120.98,120.95,120.91,120.87,120.83,122.06,121.99,121.92,121.83,121.76,121.68,121.61,121.53,121.45,121.37,121.29,121.21,121.13,121.04,120.96,120.87,120.78,120.69,120.59,120.49,120.39,120.28,120.17,120.06,119.94
122.2,122.17,122.12,122.07,122.03,122,121.97,121.94,121.89,121.85,121.8,121.76,121.72,121.68,121.64,121.6,121.55,121.51,121.47,121.43,121.39,121.35,121.31,121.27,121.22,121.18,121.15,121.11,121.06,121.01,120.96,120.92,120.89,120.84,120.79,122.02,121.95,121.88,121.81,121.74,121.66,121.59,121.51,121.44,121.36,121.28,121.19,121.11,121.03,120.94,120.85,120.76,120.66,120.57,120.47,120.36,120.25,120.14,120.02,119.89
122.19,122.16,122.11,122.06,122.03,121.99,121.94,121.91,121.87,121.83,121.8,121.76,121.72,121.68,121.64,121.6,121.55,121.51,121.46,121.42,121.38,121.34,121.29,121.25,121.2,121.16,121.13,121.09,121.05,121,120.94,120.91,120.88,120.84,120.8,122.02,121.95,121.88,121.8,121.73,121.65,121.58,121.5,121.42,121.34,121.26,121.17,121.09,121,120.91,120.82,120.73,120.64,120.54,120.43,120.33,120.22,120.1,119.98,119.86
122.19,122.14,122.11,122.06,122.01,121.97,121.94,121.91,121.88,121.84,121.79,121.75,121.71,121.67,121.63,121.59,121.54,121.5,121.45,121.41,121.38,121.34,121.3,121.26,121.22,121.18,121.15,121.11,121.06,121,120.95,120.92,120.88,120.83,120.78,122,121.93,121.86,121.78,121.71,121.63,121.56,121.48,121.4,121.32,121.24,121.16,121.07,120.99,120.9,120.81,120.72,120.62,120.52,120.42,120.31,120.2,120.08,119.96,119.83
122.18,122.15,122.1,122.05,122.02,121.99,121.95,121.91,121.87,121.82,121.78,121.74,121.7,121.67,121.63,121.59,121.54,121.5,121.45,121.42,121.38,121.34,121.3,121.25,121.21,121.17,121.13,121.08,121.04,120.99,120.94,120.91,120.87,120.83,120.78,122,121.92,121.85,121.78,121.7,121.63,121.56,121.48,121.4,121.32,121.23,121.15,121.06,120.97,120.88,120.79,120.7,120.6,120.49,120.39,120.28,120.16,120.05,119.92,119.79
122.19,122.14,122.09,122.05,122.02,121.98,121.94,121.9,121.86,121.82,121.78,121.74,121.71,121.67,121.63,121.59,121.55,121.5,121.46,121.41,121.37,121.33,121.28,121.24,121.19,121.15,121.12,121.08,121.03,120.98,120.94,120.9,120.87,120.82,120.78,121.99,121.91,121.84,121.77,121.69,121.62,121.54,121.46,121.38,121.3,121.22,121.13,121.05,120.96,120.87,120.78,120.68,120.58,120.47,120.37,120.26,120.14,120.02,119.89,119.76
122.16,122.13,122.09,122.05,122.01,121.97,121.93,121.9,121.86,121.82,121.78,121.74,121.7,121.66,121.62,121.57,121.53,121.49,121.44,121.4,121.36,121.32,121.28,121.23,121.19,121.15,121.12,121.07,121.02,120.97,120.94,120.9,120.86,120.81,120.77,121.98,121.91,121.83,121.76,121.68,121.61,121.53,121.44,121.36,121.28,121.19,121.11,121.02,120.93,120.85,120.75,120.66,120.56,120.45,120.35,120.23,120.12,119.99,119.87,119.73
122.18,122.13,122.09,122.05,122.01,121.97,121.92,121.88,121.84,121.82,121.78,121.73,121.69,121.65,121.62,121.58,121.53,121.48,121.43,121.39,121.35,121.3,121.25,121.21,121.17,121.15,121.12,121.08,121.03,120.98,120.94,120.91,120.86,120.81,120.77,121.97,121.89,121.82,121.74,121.67,121.59,121.51,121.43,121.35,121.27,121.18,121.1,121.01,120.92,120.83,120.74,120.64,120.54,120.43,120.32,120.21,120.09,119.97,119.84,119.7
122.17,122.11,122.09,122.04,121.98,121.96,121.93,121.89,121.85,121.81,121.77,121.73,121.69,121.66,121.62,121.58,121.53,121.48,121.43,121.4,121.36,121.32,121.28,121.23,121.19,121.15,121.11,121.07,121.02,120.97,120.93,120.89,120.85,120.8,120.75,121.96,121.89,121.82,121.75,121.67,121.59,121.51,121.42,121.34,121.25,121.17,121.08,120.99,120.9,120.81,120.72,120.62,120.52,120.41,120.3,120.19,120.07,119.94,119.81,119.67
122.17,122.13,122.09,122.05,121.99,121.96,121.92,121.89,121.85,121.82,121.78,121.73,121.69,121.65,121.6,121.56,121.52,121.47,121.43,121.39,121.36,121.32,121.27,121.22,121.18,121.15,121.11,121.07,121.02,120.98,120.93,120.9,120.85,120.8,120.76,121.95,121.88,121.8,121.73,121.65,121.57,121.49,121.4,121.32,121.24,121.16,121.07,120.99,120.9,120.8,120.7,120.6,120.5,120.39,120.28,120.17,120.05,119.92,119.79,119.65
122.17,122.14,122.1,122.04,122.01,121.97,121.93,121.89,121.85,121.81,121.77,121.72,121.69,121.66,121.61,121.57,121.52,121.48,121.44,121.41,121.35,121.31,121.26,121.22,121.17,121.14,121.1,121.06,121.02,120.97,120.93,120.89,120.85,120.8,120.76,121.95,121.88,121.8,121.72,121.65,121.57,121.49,121.4,121.32,121.23,121.14,121.06,120.97,120.88,120.78,120.69,120.59,120.48,120.38,120.27,120.15,120.03,119.9,119.77,119.62
122.16,122.12,122.08,122.04,121.99,121.95,121.92,121.89,121.85,121.81,121.77,121.73,121.69,121.66,121.61,121.56,121.52,121.47,121.43,121.39,121.35,121.31,121.27,121.22,121.18,121.15,121.11,121.07,121.02,120.97,120.93,120.89,120.84,120.8,120.75,121.94,121.86,121.79,121.71,121.63,121.55,121.47,121.39,121.3,121.22,121.13,121.05,120.96,120.87,120.77,120.68,120.58,120.47,120.36,120.25,120.13,120.01,119.88,119.74,119.59
122.17,122.12,122.08,122.03,122,121.96,121.92,121.88,121.84,121.81,121.76,121.72,121.68,121.64,121.61,121.57,121.52,121.47,121.43,121.39,121.35,121.3,121.26,121.22,121.18,121.13,121.1,121.06,121.01,120.97,120.93,120.89,120.85,120.8,120.76,121.94,121.86,121.78,121.7,121.63,121.55,121.47,121.39,121.3,121.21,121.13,121.04,120.94,120.85,120.75,120.65,120.55,120.45,120.34,120.22,120.11,119.98,119.85,119.71,119.56
122.15,122.12,122.07,122.04,121.99,121.95,121.92,121.89,121.85,121.81,121.77,121.73,121.69,121.65,121.61,121.56,121.51,121.47,121.43,121.39,121.35,121.31,121.27,121.22,121.18,121.15,121.11,121.07,121.02,120.97,120.92,120.88,120.84,120.79,120.75,121.93,121.85,121.78,121.7,121.62,121.54,121.46,121.37,121.29,121.2,121.11,121.02,120.92,120.83,120.74,120.64,120.54,120.44,120.33,120.22,120.1,119.97,119.84,119.69,119.53
122.18,122.12,122.07,122.03,121.99,121.96,121.92,121.89,121.84,121.8,121.76,121.73,121.67,121.63,121.58,121.54,121.5,121.46,121.43,121.4,121.35,121.31,121.26,121.21,121.17,121.14,121.1,121.05,121,120.95,120.91,120.87,120.84,120.8,120.75,121.92,121.85,121.77,121.69,121.61,121.53,121.44,121.36,121.27,121.19,121.1,121.01,120.92,120.83,120.73,120.63,120.53,120.42,120.31,120.2,120.07,119.94,119.81,119.66,119.5
122.15,122.12,122.08,122.02,122,121.95,121.92,121.88,121.85,121.81,121.76,121.72,121.68,121.64,121.62,121.58,121.53,121.48,121.44,121.39,121.34,121.29,121.25,121.22,121.18,121.14,121.1,121.06,121,120.95,120.91,120.87,120.82,120.78,120.74,121.91,121.83,121.75,121.68,121.6,121.52,121.44,121.35,121.27,121.18,121.09,121,120.91,120.81,120.71,120.61,120.51,120.4,120.29,120.17,120.05,119.92,119.79,119.64,119.47
122.17,122.11,122.08,122.03,121.99,121.94,121.92,121.88,121.84,121.81,121.76,121.72,121.69,121.65,121.61,121.56,121.51,121.45,121.42,121.38,121.35,121.31,121.27,121.23,121.18,121.14,121.1,121.06,121,120.95,120.91,120.87,120.83,120.79,121.99,121.92,121.84,121.76,121.68,121.6,121.51,121.43,121.34,121.26,121.17,121.08,120.99,120.9,120.8,120.7,120.6,120.5,120.39,120.28,120.16,120.04,119.91,119.77,119.61,119.44
122.16,122.13,122.07,122.03,122,121.97,121.92,121.88,121.84,121.81,121.77,121.72,121.68,121.64,121.6,121.55,121.5,121.46,121.42,121.38,121.35,121.3,121.26,121.21,121.17,121.14,121.1,121.06,121.01,120.96,120.92,120.87,120.83,122.05,121.97,121.89,121.81,121.73,121.66,121.58,121.5,121.42,121.34,121.25,121.16,121.07,120.98,120.88,120.79,120.69,120.59,120.48,120.37,120.26,120.14,120.02,119.88,119.74,119.59,119.41
122.16,122.12,122.08,122.03,121.99,121.95,121.92,121.89,121.85,121.8,121.75,121.72,121.68,121.65,121.6,121.56,121.51,121.47,121.43,121.39,121.34,121.3,121.25,121.21,121.17,121.14,121.09,121.05,121,120.96,120.91,120.87,120.82,120.78,121.97,121.9,121.82,121.74,121.66,121.58,121.49,121.42,121.33,121.24,121.14,121.05,120.96,120.87,120.78,120.68,120.58,120.47,120.36,120.25,120.12,120,119.86,119.72,119.56,119.37
122.16,122.11,122.05,122.03,122,121.94,121.92,121.88,121.84,121.78,121.75,121.73,121.69,121.64,121.6,121.56,121.51,121.45,121.41,121.38,121.34,121.3,121.26,121.22,121.18,121.14,121.1,121.05,121,120.96,120.91,120.87,120.82,120.78,121.96,121.89,121.81,121.73,121.65,121.57,121.48,121.4,121.31,121.23,121.14,121.05,120.95,120.86,120.77,120.67,120.56,120.45,120.34,120.23,120.11,119.98,119.84,119.69,119.53,119.34
122.16,122.12,122.07,122.03,121.99,121.96,121.93,121.88,121.84,121.8,121.76,121.72,121.67,121.64,121.6,121.56,121.51,121.46,121.43,121.39,121.35,121.31,121.26,121.21,121.16,121.12,121.08,121.04,120.99,120.95,120.91,120.85,122.1,122.02,121.95,121.88,121.8,121.72,121.64,121.56,121.48,121.39,121.3,121.22,121.12,121.03,120.94,120.84,120.74,120.65,120.55,120.44,120.33,120.21,120.09,119.96,119.82,119.67,119.5,119.3
122.16,122.13,122.07,122.04,121.99,121.96,121.91,121.87,121.84,121.8,121.76,121.72,121.68,121.64,121.61,121.55,121.51,121.46,121.42,121.38,121.34,121.3,121.23,121.21,121.16,121.12,121.09,121.04,121,120.95,120.9,120.86,122.1,120.77,121.95,121.87,121.79,121.72,121.63,121.55,121.46,121.37,121.29,121.2,121.11,121.02,120.93,120.83,120.74,120.64,120.53,120.43,120.32,120.2,120.07,119.94,119.8,119.64,119.47,119.26
122.15,122.12,122.07,122.03,121.99,121.95,121.91,121.89,121.84,121.81,121.76,121.72,121.68,121.64,121.6,121.55,121.51,121.46,121.42,121.38,121.34,121.29,121.25,121.2,121.16,121.13,121.08,121.03,120.99,120.94,120.9,120.86,120.82,122.02,121.94,121.86,121.78,121.7,121.62,121.54,121.45,121.37,121.28,121.2,121.11,121.01,120.92,120.82,120.72,120.62,120.52,120.41,120.29,120.17,120.05,119.91,119.77,119.61,119.44,119.21
122.17,122.11,122.07,122.02,121.99,121.95,121.93,121.88,121.84,121.8,121.76,121.72,121.68,121.64,121.6,121.56,121.52,121.46,121.41,121.38,121.34,121.3,121.25,121.21,121.17,121.13,121.09,121.04,121,120.96,120.9,120.85,120.81,122.01,121.93,121.86,121.78,121.7,121.61,121.53,121.45,121.36,121.27,121.18,121.09,121,120.9,120.81,120.71,120.61,120.5,120.39,120.28,120.16,120.03,119.89,119.75,119.59,119.4,119.16
122.15,122.11,122.07,122.03,121.98,121.95,121.92,121.88,121.85,121.8,121.76,121.72,121.68,121.65,121.6,121.56,121.51,121.46,121.42,121.38,121.34,121.3,121.25,121.2,121.16,121.11,121.07,121.02,120.97,120.93,120.88,120.83,120.81,122.01,121.93,121.85,121.77,121.69,121.6,121.52,121.44,121.35,121.26,121.17,121.08,120.98,120.89,120.8,120.7,120.59,120.49,120.38,120.26,120.14,120.01,119.87,119.72,119.56,119.36,119.1
122.16,122.12,122.07,122.03,121.98,121.96,121.91,121.86,121.84,121.8,121.76,121.72,121.68,121.64,121.6,121.55,121.51,121.46,121.42,121.37,121.33,121.29,121.25,121.19,121.14,121.12,121.08,121.03,120.99,120.94,120.89,120.85,122.08,122,121.92,121.84,121.76,121.68,121.59,121.51,121.42,121.34,121.25,121.16,121.07,120.97,120.88,120.78,120.68,120.58,120.47,120.36,120.24,120.12,119.99,119.85,119.7,119.53,119.33,119.03
122.16,122.12,122.07,122.02,121.99,121.95,121.92,121.89,121.86,121.8,121.76,121.72,121.68,121.64,121.6,121.55,121.51,121.46,121.41,121.37,121.33,121.29,121.25,121.2,121.16,121.12,121.07,121.04,120.98,120.93,120.88,120.83,122.07,121.99,121.92,121.84,121.76,121.67,121.59,121.5,121.42,121.33,121.24,121.15,121.06,120.96,120.87,120.76,120.66,120.56,120.46,120.34,120.23,120.1,119.97,119.83,119.67,119.49,119.28,118.95
122.16,122.11,122.07,122.03,121.99,121.95,121.92,121.88,121.83,121.79,121.75,121.72,121.68,121.64,121.6,121.55,121.5,121.45,121.4,121.36,121.33,121.28,121.24,121.2,121.16,121.11,121.07,121.03,120.98,120.93,120.89,120.85,122.07,121.99,121.91,121.83,121.73,121.65,121.57,121.49,121.4,121.32,121.23,121.14,121.05,120.95,120.85,120.75,120.65,120.55,120.44,120.32,120.21,120.08,119.94,119.8,119.64,119.46,119.24,118.81
122.16,122.12,122.08,122.03,121.98,121.95,121.92,121.88,121.84,121.81,121.76,121.72,121.68,121.64,121.58,121.55,121.5,121.45,121.42,121.38,121.33,121.29,121.25,121.2,121.16,121.11,121.07,121.02,120.98,120.93,120.89,120.84,120.79,121.97,121.89,121.81,121.73,121.65,121.57,121.48,121.4,121.32,121.22,121.13,121.03,120.94,120.84,120.74,120.64,120.53,120.42,120.31,120.19,120.06,119.92,119.78,119.61,119.42,119.18,97.076
122.16,122.12,122.08,122.03,121.99,121.96,121.92,121.88,121.84,121.8,121.74,121.71,121.68,121.64,121.59,121.55,121.52,121.45,121.41,121.36,121.31,121.27,121.23,121.19,121.15,121.11,121.07,121.01,120.97,120.93,120.88,122.13,120.79,121.97,121.89,121.81,121.72,121.64,121.55,121.47,121.38,121.29,121.21,121.11,121.02,120.92,120.83,120.73,120.62,120.52,120.41,120.29,120.17,120.04,119.9,119.75,119.58,119.38,119.11,97.08
122.16,122.11,122.06,122.03,121.98,121.94,121.9,121.88,121.84,121.8,121.76,121.72,121.69,121.63,121.59,121.55,121.5,121.46,121.41,121.36,121.32,121.28,121.24,121.19,121.15,121.1,121.06,121.01,120.97,120.92,120.88,120.83,122.04,121.95,121.87,121.79,121.7,121.62,121.53,121.45,121.36,121.28,121.2,121.1,121.01,120.91,120.81,120.71,120.6,120.5,120.39,120.27,120.15,120.02,119.88,119.72,119.55,119.34,119.04,97.074
122.15,122.1,122.07,122.02,121.99,121.95,121.92,121.88,121.84,121.8,121.76,121.71,121.67,121.63,121.59,121.54,121.5,121.45,121.4,121.36,121.32,121.28,121.23,121.17,121.13,121.1,121.06,121.02,120.97,120.92,120.88,120.83,122.03,121.95,121.86,121.78,121.7,121.62,121.53,121.45,121.36,121.27,121.18,121.09,120.99,120.9,120.8,120.7,120.59,120.49,120.37,120.26,120.13,120,119.85,119.69,119.51,119.3,118.94,97.071
122.16,122.11,122.07,122.03,121.98,121.95,121.92,121.88,121.84,121.79,121.74,121.7,121.68,121.63,121.58,121.54,121.5,121.45,121.41,121.36,121.32,121.28,121.23,121.19,121.15,121.1,121.05,121.01,120.97,120.92,120.87,122.09,122.02,121.94,121.86,121.78,121.69,121.61,121.52,121.44,121.35,121.26,121.17,121.08,120.98,120.88,120.78,120.68,120.58,120.47,120.35,120.23,120.11,119.97,119.83,119.66,119.48,119.24,97.113,97.081
122.15,122.12,122.07,122.03,121.99,121.95,121.92,121.89,121.83,121.79,121.75,121.71,121.67,121.62,121.58,121.53,121.5,121.45,121.4,121.35,121.31,121.27,121.22,121.18,121.13,121.09,121.04,120.99,120.96,120.92,122.17,120.83,122.01,121.93,121.84,121.76,121.68,121.6,121.51,121.43,121.34,121.25,121.16,121.06,120.97,120.87,120.77,120.67,120.56,120.45,120.34,120.21,120.09,119.95,119.8,119.63,119.44,119.19,97.101,97.069
122.16,122.11,122.07,122.02,121.99,121.94,121.9,121.88,121.84,121.8,121.75,121.71,121.67,121.63,121.59,121.54,121.49,121.46,121.4,121.35,121.31,121.27,121.22,121.18,121.14,121.09,121.04,121,120.95,120.9,120.86,122.08,122,121.92,121.84,121.76,121.67,121.59,121.5,121.42,121.33,121.24,121.15,121.04,120.95,120.85,120.75,120.65,120.54,120.43,120.32,120.2,120.07,119.93,119.77,119.6,119.4,119.11,97.109,97.077
122.16,122.12,122.07,122.03,122,121.95,121.92,121.89,121.84,121.79,121.75,121.71,121.67,121.63,121.58,121.53,121.49,121.44,121.4,121.36,121.31,121.27,121.23,121.18,121.14,121.09,121.05,121,120.96,120.92,122.17,120.83,122,121.92,121.83,121.75,121.66,121.57,121.49,121.4,121.31,121.22,121.13,121.04,120.94,120.84,120.74,120.64,120.53,120.41,120.29,120.17,120.04,119.9,119.74,119.57,119.36,119.03,97.108,97.08
