105,123.73,142.46,161.19,179.92,198.64,217.37,236.1,254.83,273.56,292.29,311.02,329.75,348.47,367.2,385.93,404.66,423.39,442.12,460.85,479.58,498.31,517.03,535.76,554.49,573.22,591.95,610.68,629.41,648.14,666.86,685.59,704.32,723.05,741.78,760.51,779.24,797.97,816.69,835.42,854.15,872.88,891.61,910.34,929.07,947.8,966.53,985.25,1004,1022.7,1041.4,1060.2,1078.9,1097.6,1116.4,1135.1,1153.8,1172.5,1191.3,1210
0.6,0.60593,0.61186,0.6178,0.62373,0.62966,0.63559,0.64153,0.64746,0.65339,0.65932,0.66525,0.67119,0.67712,0.68305,0.68898,0.69492,0.70085,0.70678,0.71271,0.71864,0.72458,0.73051,0.73644,0.74237,0.74831,0.75424,0.76017,0.7661,0.77203,0.77797,0.7839,0.78983,0.79576,0.80169,0.80763,0.81356,0.81949,0.82542,0.83136,0.83729,0.84322,0.84915,0.85508,0.86102,0.86695,0.87288,0.87881,0.88475,0.89068,0.89661,0.90254,0.90847,0.91441,0.92034,0.92627,0.9322,0.93814,0.94407,0.95
176.49,176.49,176.49,176.49,176.49,176.49,176.49,176.49,176.49,176.49,176.49,176.49,176.49,176.49,176.49,176.49,176.49,176.49,176.49,176.49,176.49,176.49,176.49,176.49,176.49,176.49,176.49,176.49,176.49,176.49,176.49,176.49,176.49,176.49,176.49,176.49,176.49,176.49,176.49,176.49,176.49,176.49,176.49,176.49,176.49,176.49,176.49,176.49,176.49,176.49,176.49,176.49,176.49,176.49,176.49,176.49,176.49,176.49,176.49,176.49
173.63,173.63,173.63,173.63,173.63,173.63,173.63,173.63,173.63,173.63,173.63,173.63,173.63,173.63,173.63,173.63,173.63,173.63,173.63,173.63,173.63,173.63,173.63,173.63,173.63,173.63,173.63,173.63,173.63,173.63,173.63,173.63,173.63,173.63,173.63,173.63,173.63,173.63,173.63,173.63,173.63,173.63,173.63,173.63,173.63,173.63,173.63,173.63,173.63,173.63,173.63,173.63,173.63,173.63,173.63,173.63,173.63,173.63,173.63,173.63
170.96,170.96,170.96,170.96,170.96,170.97,170.97,170.97,170.97,170.97,170.97,170.97,170.97,170.97,170.97,170.97,170.97,170.97,170.97,170.97,170.97,170.97,170.97,170.97,170.97,170.97,170.97,170.97,170.97,170.97,170.97,170.97,170.97,170.97,170.97,170.97,170.97,170.97,170.97,170.97,170.97,170.97,170.97,170.97,170.97,170.97,170.97,170.97,170.97,170.97,170.97,170.97,170.97,170.97,170.97,170.97,170.97,170.97,170.97,170.97
168.46,168.47,168.47,168.47,168.47,168.47,168.48,168.48,168.48,168.48,168.48,168.48,168.48,168.49,168.49,168.49,168.49,168.49,168.49,168.49,168.49,168.49,168.49,168.49,168.49,168.49,168.49,168.49,168.49,168.49,168.49,168.49,168.49,168.49,168.49,168.49,168.49,168.49,168.49,168.49,168.49,168.49,168.49,168.49,168.49,168.49,168.49,168.49,168.49,168.49,168.49,168.49,168.49,168.49,168.49,168.49,168.49,168.49,168.49,168.49
166.1,166.11,166.12,166.12,166.13,166.13,166.14,166.14,166.14,166.15,166.15,166.15,166.15,166.16,166.16,166.16,166.16,166.16,166.17,166.17,166.17,166.17,166.17,166.17,166.17,166.17,166.18,166.18,166.18,166.18,166.18,166.18,166.18,166.18,166.18,166.18,166.18,166.18,166.18,166.18,166.18,166.18,166.18,166.18,166.18,166.18,166.18,166.18,166.18,166.18,166.18,166.18,166.18,166.18,166.18,166.18,166.18,166.18,166.18,166.18
163.86,163.87,163.88,163.89,163.9,163.91,163.92,163.92,163.93,163.94,163.94,163.95,163.96,163.96,163.97,163.97,163.97,163.98,163.98,163.98,163.99,163.99,163.99,163.99,164,164,164,164,164,164.01,164.01,164.01,164.01,164.01,164.01,164.01,164.01,164.01,164.01,164.02,164.02,164.02,164.02,164.02,164.02,164.02,164.02,164.02,164.02,164.02,164.02,164.02,164.02,164.02,164.02,164.02,164.02,164.02,164.02,164.02
161.7,161.72,161.74,161.75,161.77,161.78,161.8,161.81,161.82,161.84,161.85,161.86,161.87,161.87,161.88,161.89,161.9,161.9,161.91,161.92,161.92,161.93,161.93,161.94,161.94,161.95,161.95,161.95,161.96,161.96,161.96,161.96,161.97,161.97,161.97,161.97,161.97,161.98,161.98,161.98,161.98,161.98,161.98,161.98,161.99,161.99,161.99,161.99,161.99,161.99,161.99,161.99,161.99,161.99,161.99,161.99,161.99,161.99,161.99,162
159.62,159.65,159.67,159.7,159.72,159.74,159.76,159.78,159.8,159.82,159.84,159.85,159.87,159.88,159.9,159.91,159.92,159.93,159.94,159.95,159.96,159.97,159.98,159.98,159.99,160,160,160.01,160.02,160.02,160.03,160.03,160.04,160.04,160.04,160.05,160.05,160.05,160.06,160.06,160.06,160.06,160.07,160.07,160.07,160.07,160.08,160.08,160.08,160.08,160.08,160.08,160.08,160.08,160.09,160.09,160.09,160.09,160.09,160.09
157.6,157.64,157.68,157.71,157.74,157.77,157.8,157.83,157.86,157.88,157.91,157.93,157.95,157.97,157.99,158.01,158.02,158.04,158.06,158.07,158.08,158.1,158.11,158.12,158.13,158.14,158.15,158.16,158.17,158.18,158.19,158.19,158.2,158.21,158.21,158.22,158.23,158.23,158.24,158.24,158.25,158.25,158.25,158.26,158.26,158.26,158.27,158.27,158.27,158.28,158.28,158.28,158.28,158.28,158.29,158.29,158.29,158.29,158.29,158.29
155.65,155.69,155.74,155.78,155.83,155.87,155.9,155.94,155.97,156.01,156.04,156.07,156.1,156.13,156.15,156.18,156.2,156.22,156.24,156.26,156.28,156.3,156.32,156.33,156.35,156.37,156.38,156.39,156.41,156.42,156.43,156.44,156.45,156.46,156.47,156.48,156.49,156.5,156.5,156.51,156.52,156.52,156.53,156.54,156.54,156.55,156.55,156.56,156.56,156.57,156.57,156.57,156.58,156.58,156.58,156.59,156.59,156.59,156.59,156.6
153.75,153.81,153.86,153.92,153.97,154.02,154.07,154.11,154.15,154.19,154.23,154.27,154.31,154.34,154.38,154.41,154.44,154.47,154.5,154.52,154.55,154.57,154.59,154.62,154.64,154.66,154.68,154.7,154.71,154.73,154.75,154.76,154.78,154.79,154.8,154.81,154.83,154.84,154.85,154.86,154.87,154.88,154.89,154.9,154.9,154.91,154.92,154.93,154.93,154.94,154.94,154.95,154.96,154.96,154.97,154.97,154.97,154.98,154.98,154.99
151.92,151.98,152.05,152.11,152.17,152.23,152.29,152.34,152.39,152.44,152.49,152.53,152.58,152.62,152.66,152.7,152.74,152.77,152.81,152.84,152.87,152.9,152.93,152.96,152.99,153.01,153.04,153.06,153.08,153.11,153.13,153.15,153.16,153.18,153.2,153.22,153.23,153.25,153.26,153.28,153.29,153.3,153.31,153.33,153.34,153.35,153.36,153.37,153.38,153.39,153.39,153.4,153.41,153.42,153.42,153.43,153.44,153.44,153.45,153.45
150.15,150.22,150.3,150.37,150.44,150.5,150.57,150.63,150.69,150.75,150.8,150.85,150.91,150.96,151,151.05,151.09,151.14,151.18,151.22,151.26,151.29,151.33,151.36,151.39,151.43,151.46,151.49,151.51,151.54,151.57,151.59,151.61,151.64,151.66,151.68,151.7,151.72,151.74,151.76,151.77,151.79,151.8,151.82,151.83,151.85,151.86,151.87,151.89,151.9,151.91,151.92,151.93,151.94,151.95,151.96,151.97,151.98,151.98,151.99
148.44,148.53,148.61,148.69,148.76,148.84,148.91,148.98,149.04,149.11,149.17,149.23,149.29,149.35,149.4,149.46,149.51,149.56,149.6,149.65,149.69,149.74,149.78,149.82,149.86,149.89,149.93,149.96,150,150.03,150.06,150.09,150.12,150.15,150.17,150.2,150.22,150.25,150.27,150.29,150.31,150.33,150.35,150.37,150.39,150.41,150.42,150.44,150.46,150.47,150.49,150.5,150.51,150.52,150.54,150.55,150.56,150.57,150.58,150.59
146.81,146.9,146.99,147.07,147.16,147.24,147.31,147.39,147.46,147.53,147.6,147.67,147.74,147.8,147.86,147.92,147.98,148.03,148.09,148.14,148.19,148.24,148.28,148.33,148.37,148.42,148.46,148.5,148.54,148.57,148.61,148.64,148.68,148.71,148.74,148.77,148.8,148.83,148.86,148.88,148.91,148.93,148.96,148.98,149,149.02,149.04,149.06,149.08,149.1,149.12,149.13,149.15,149.16,149.18,149.19,149.21,149.22,149.23,149.25
145.25,145.34,145.44,145.53,145.62,145.7,145.78,145.87,145.94,146.02,146.1,146.17,146.24,146.31,146.37,146.44,146.5,146.56,146.62,146.68,146.74,146.79,146.84,146.89,146.94,146.99,147.04,147.08,147.13,147.17,147.21,147.25,147.29,147.32,147.36,147.4,147.43,147.46,147.49,147.52,147.55,147.58,147.61,147.64,147.66,147.69,147.71,147.73,147.76,147.78,147.8,147.82,147.84,147.86,147.87,147.89,147.91,147.93,147.94,147.96
143.76,143.86,143.96,144.05,144.14,144.23,144.32,144.41,144.49,144.57,144.65,144.73,144.8,144.88,144.95,145.02,145.09,145.15,145.22,145.28,145.34,145.4,145.46,145.51,145.57,145.62,145.67,145.72,145.77,145.81,145.86,145.9,145.95,145.99,146.03,146.07,146.11,146.14,146.18,146.21,146.25,146.28,146.31,146.34,146.37,146.4,146.43,146.45,146.48,146.5,146.53,146.55,146.57,146.6,146.62,146.64,146.66,146.68,146.7,146.71
142.35,142.45,142.55,142.64,142.74,142.83,142.92,143.01,143.1,143.19,143.27,143.35,143.43,143.51,143.58,143.66,143.73,143.8,143.87,143.93,144,144.06,144.12,144.18,144.24,144.3,144.35,144.41,144.46,144.51,144.56,144.61,144.66,144.7,144.75,144.79,144.83,144.87,144.91,144.95,144.99,145.02,145.06,145.09,145.13,145.16,145.19,145.22,145.25,145.28,145.31,145.33,145.36,145.38,145.41,145.43,145.45,145.48,145.5,145.52
141,141.11,141.21,141.31,141.4,141.5,141.59,141.68,141.77,141.86,141.95,142.03,142.11,142.2,142.27,142.35,142.43,142.5,142.57,142.64,142.71,142.78,142.84,142.91,142.97,143.03,143.09,143.15,143.2,143.26,143.31,143.36,143.41,143.46,143.51,143.56,143.6,143.65,143.69,143.73,143.77,143.81,143.85,143.89,143.93,143.96,144,144.03,144.06,144.09,144.13,144.16,144.18,144.21,144.24,144.27,144.29,144.32,144.34,144.37
139.73,139.83,139.93,140.04,140.13,140.23,140.33,140.42,140.51,140.6,140.69,140.78,140.86,140.94,141.03,141.1,141.18,141.26,141.33,141.41,141.48,141.55,141.62,141.68,141.75,141.81,141.87,141.94,142,142.05,142.11,142.17,142.22,142.27,142.32,142.37,142.42,142.47,142.52,142.56,142.61,142.65,142.69,142.73,142.77,142.81,142.85,142.88,142.92,142.96,142.99,143.02,143.05,143.09,143.12,143.15,143.17,143.2,143.23,143.26
138.52,138.63,138.73,138.83,138.93,139.03,139.12,139.22,139.31,139.4,139.49,139.58,139.67,139.75,139.83,139.92,140,140.07,140.15,140.23,140.3,140.37,140.44,140.51,140.58,140.65,140.71,140.78,140.84,140.9,140.96,141.02,141.07,141.13,141.18,141.24,141.29,141.34,141.39,141.44,141.48,141.53,141.57,141.62,141.66,141.7,141.74,141.78,141.82,141.86,141.89,141.93,141.97,142,142.03,142.06,142.1,142.13,142.16,142.19
137.38,137.49,137.59,137.69,137.79,137.89,137.98,138.08,138.17,138.26,138.35,138.44,138.53,138.61,138.7,138.78,138.86,138.94,139.02,139.1,139.17,139.25,139.32,139.39,139.46,139.53,139.6,139.66,139.73,139.79,139.85,139.91,139.97,140.03,140.09,140.14,140.2,140.25,140.3,140.35,140.4,140.45,140.5,140.54,140.59,140.63,140.68,140.72,140.76,140.8,140.84,140.88,140.92,140.95,140.99,141.02,141.06,141.09,141.12,141.15
136.31,136.41,136.51,136.61,136.71,136.8,136.9,136.99,137.09,137.18,137.27,137.36,137.45,137.53,137.62,137.7,137.78,137.87,137.95,138.02,138.1,138.18,138.25,138.32,138.39,138.46,138.53,138.6,138.67,138.73,138.8,138.86,138.92,138.98,139.04,139.09,139.15,139.21,139.26,139.31,139.37,139.42,139.47,139.51,139.56,139.61,139.65,139.7,139.74,139.78,139.83,139.87,139.91,139.94,139.98,140.02,140.06,140.09,140.13,140.16
135.29,135.39,135.49,135.59,135.68,135.78,135.87,135.97,136.06,136.15,136.24,136.33,136.42,136.51,136.59,136.68,136.76,136.84,136.92,137,137.08,137.15,137.23,137.3,137.37,137.45,137.52,137.58,137.65,137.72,137.78,137.85,137.91,137.97,138.03,138.09,138.15,138.21,138.26,138.32,138.37,138.42,138.47,138.52,138.57,138.62,138.67,138.72,138.76,138.81,138.85,138.89,138.93,138.98,139.02,139.05,139.09,139.13,139.17,139.2
134.33,134.42,134.52,134.62,134.72,134.81,134.9,135,135.09,135.18,135.27,135.36,135.44,135.53,135.62,135.7,135.78,135.86,135.94,136.02,136.1,136.18,136.25,136.33,136.4,136.47,136.54,136.61,136.68,136.75,136.82,136.88,136.94,137.01,137.07,137.13,137.19,137.25,137.3,137.36,137.42,137.47,137.52,137.57,137.63,137.68,137.73,137.77,137.82,137.87,137.91,137.96,138,138.04,138.09,138.13,138.17,138.21,138.24,138.28
133.42,133.51,133.61,133.7,133.8,133.89,133.99,134.08,134.17,134.26,134.34,134.43,134.52,134.6,134.69,134.77,134.85,134.93,135.02,135.09,135.17,135.25,135.32,135.4,135.47,135.54,135.62,135.69,135.76,135.82,135.89,135.96,136.02,136.08,136.15,136.21,136.27,136.33,136.39,136.44,136.5,136.56,136.61,136.66,136.72,136.77,136.82,136.87,136.92,136.96,137.01,137.06,137.1,137.15,137.19,137.23,137.27,137.32,137.36,137.39
132.56,132.65,132.75,132.84,132.93,133.02,133.11,133.2,133.29,133.38,133.47,133.55,133.64,133.72,133.81,133.89,133.97,134.05,134.13,134.21,134.29,134.36,134.44,134.51,134.59,134.66,134.73,134.8,134.87,134.94,135.01,135.07,135.14,135.2,135.27,135.33,135.39,135.45,135.51,135.57,135.62,135.68,135.74,135.79,135.84,135.9,135.95,136,136.05,136.1,136.15,136.19,136.24,136.29,136.33,136.37,136.42,136.46,136.5,136.54
131.75,131.84,131.93,132.02,132.11,132.2,132.29,132.38,132.46,132.55,132.64,132.72,132.81,132.89,132.97,133.05,133.13,133.21,133.29,133.37,133.45,133.52,133.6,133.67,133.74,133.82,133.89,133.96,134.03,134.1,134.16,134.23,134.3,134.36,134.42,134.49,134.55,134.61,134.67,134.73,134.79,134.84,134.9,134.95,135.01,135.06,135.11,135.17,135.22,135.27,135.32,135.36,135.41,135.46,135.5,135.55,135.59,135.64,135.68,135.72
130.98,131.07,131.16,131.25,131.34,131.42,131.51,131.59,131.68,131.76,131.85,131.93,132.01,132.1,132.18,132.26,132.34,132.41,132.49,132.57,132.65,132.72,132.79,132.87,132.94,133.01,133.08,133.15,133.22,133.29,133.36,133.42,133.49,133.55,133.62,133.68,133.74,133.8,133.86,133.92,133.98,134.04,134.1,134.15,134.21,134.26,134.31,134.37,134.42,134.47,134.52,134.57,134.62,134.66,134.71,134.76,134.8,134.85,134.89,134.93
130.26,130.34,130.43,130.52,130.6,130.69,130.77,130.85,130.94,131.02,131.1,131.18,131.26,131.34,131.42,131.5,131.58,131.66,131.73,131.81,131.88,131.96,132.03,132.1,132.18,132.25,132.32,132.39,132.46,132.52,132.59,132.66,132.72,132.79,132.85,132.91,132.97,133.04,133.1,133.15,133.21,133.27,133.33,133.38,133.44,133.49,133.55,133.6,133.65,133.7,133.75,133.8,133.85,133.9,133.95,134,134.04,134.09,134.13,134.17
129.57,129.66,129.74,129.82,129.9,129.99,130.07,130.15,130.23,130.31,130.39,130.47,130.55,130.63,130.71,130.78,130.86,130.93,131.01,131.08,131.16,131.23,131.3,131.38,131.45,131.52,131.59,131.65,131.72,131.79,131.86,131.92,131.99,132.05,132.11,132.18,132.24,132.3,132.36,132.42,132.48,132.54,132.59,132.65,132.7,132.76,132.81,132.87,132.92,132.97,133.02,133.07,133.12,133.17,133.22,133.26,133.31,133.36,133.4,133.45
128.92,129.01,129.09,129.16,129.25,129.33,129.4,129.48,129.56,129.64,129.72,129.79,129.87,129.95,130.02,130.1,130.17,130.25,130.32,130.4,130.47,130.54,130.61,130.68,130.75,130.82,130.89,130.96,131.02,131.09,131.16,131.22,131.29,131.35,131.41,131.47,131.54,131.6,131.66,131.72,131.77,131.83,131.89,131.94,132,132.06,132.11,132.16,132.22,132.27,132.32,132.37,132.42,132.47,132.52,132.56,132.61,132.66,132.7,132.75
128.31,128.39,128.46,128.54,128.62,128.7,128.77,128.85,128.93,129,129.08,129.15,129.23,129.3,129.38,129.45,129.52,129.6,129.67,129.74,129.81,129.88,129.95,130.02,130.09,130.16,130.22,130.29,130.36,130.42,130.49,130.55,130.62,130.68,130.74,130.8,130.86,130.92,130.98,131.04,131.1,131.16,131.21,131.27,131.33,131.38,131.43,131.49,131.54,131.59,131.64,131.69,131.74,131.79,131.84,131.89,131.94,131.98,132.03,132.07
127.73,127.8,127.87,127.95,128.02,128.1,128.17,128.25,128.32,128.4,128.47,128.54,128.62,128.69,128.76,128.83,128.9,128.97,129.04,129.11,129.18,129.25,129.32,129.39,129.46,129.52,129.59,129.66,129.72,129.79,129.85,129.91,129.98,130.04,130.1,130.16,130.22,130.28,130.34,130.4,130.46,130.51,130.57,130.63,130.68,130.73,130.79,130.84,130.89,130.95,131,131.05,131.1,131.15,131.2,131.24,131.29,131.34,131.38,131.43
127.17,127.24,127.32,127.39,127.46,127.53,127.6,127.68,127.75,127.82,127.89,127.96,128.03,128.1,128.17,128.24,128.31,128.38,128.45,128.52,128.59,128.66,128.72,128.79,128.86,128.92,128.99,129.05,129.11,129.18,129.24,129.3,129.37,129.43,129.49,129.55,129.61,129.67,129.72,129.78,129.84,129.9,129.95,130.01,130.06,130.12,130.17,130.22,130.27,130.33,130.38,130.43,130.48,130.53,130.57,130.62,130.67,130.72,130.76,130.81
126.65,126.72,126.79,126.86,126.93,127,127.07,127.13,127.2,127.27,127.34,127.41,127.48,127.55,127.62,127.68,127.75,127.82,127.89,127.95,128.02,128.09,128.15,128.22,128.28,128.35,128.41,128.47,128.54,128.6,128.66,128.72,128.78,128.84,128.9,128.96,129.02,129.08,129.14,129.19,129.25,129.31,129.36,129.42,129.47,129.52,129.58,129.63,129.68,129.73,129.78,129.83,129.88,129.93,129.98,130.03,130.07,130.12,130.17,130.21
126.15,126.22,126.28,126.35,126.42,126.48,126.55,126.62,126.68,126.75,126.82,126.88,126.95,127.02,127.08,127.15,127.22,127.28,127.35,127.41,127.48,127.54,127.61,127.67,127.73,127.8,127.86,127.92,127.98,128.04,128.1,128.16,128.22,128.28,128.34,128.4,128.46,128.52,128.57,128.63,128.68,128.74,128.79,128.85,128.9,128.95,129.01,129.06,129.11,129.16,129.21,129.26,129.31,129.36,129.41,129.46,129.5,129.55,129.59,129.64
125.68,125.74,125.8,125.87,125.93,126,126.06,126.13,126.19,126.25,126.32,126.38,126.45,126.51,126.58,126.64,126.71,126.77,126.83,126.9,126.96,127.02,127.09,127.15,127.21,127.27,127.33,127.39,127.45,127.51,127.57,127.63,127.69,127.75,127.81,127.86,127.92,127.98,128.03,128.09,128.14,128.2,128.25,128.3,128.36,128.41,128.46,128.51,128.56,128.61,128.66,128.71,128.76,128.81,128.86,128.91,128.95,129,129.05,129.09
125.22,125.29,125.34,125.41,125.47,125.53,125.59,125.66,125.72,125.78,125.84,125.91,125.97,126.03,126.09,126.16,126.22,126.28,126.34,126.4,126.47,126.53,126.59,126.65,126.71,126.77,126.83,126.89,126.95,127.01,127.06,127.12,127.18,127.24,127.29,127.35,127.41,127.46,127.52,127.57,127.62,127.68,127.73,127.78,127.84,127.89,127.94,127.99,128.04,128.09,128.14,128.19,128.24,128.28,128.33,128.38,128.43,128.47,128.52,128.56
124.8,124.86,124.91,124.97,125.03,125.09,125.15,125.21,125.27,125.33,125.39,125.45,125.51,125.57,125.63,125.69,125.75,125.81,125.88,125.93,125.99,126.05,126.11,126.17,126.23,126.29,126.35,126.41,126.46,126.52,126.58,126.63,126.69,126.75,126.8,126.86,126.91,126.97,127.02,127.07,127.13,127.18,127.23,127.28,127.34,127.39,127.44,127.49,127.54,127.59,127.64,127.68,127.73,127.78,127.83,127.87,127.92,127.96,128.01,128.05
124.38,124.44,124.5,124.55,124.61,124.67,124.73,124.78,124.84,124.9,124.96,125.02,125.08,125.13,125.19,125.25,125.31,125.37,125.43,125.49,125.54,125.6,125.66,125.72,125.77,125.83,125.89,125.94,126,126.06,126.11,126.17,126.22,126.28,126.33,126.39,126.44,126.49,126.55,126.6,126.65,126.7,126.75,126.81,126.86,126.91,126.96,127.01,127.05,127.1,127.15,127.2,127.25,127.29,127.34,127.39,127.43,127.48,127.52,127.57
123.99,124.05,124.1,124.16,124.21,124.26,124.32,124.38,124.43,124.49,124.55,124.6,124.66,124.72,124.77,124.83,124.89,124.94,125,125.06,125.11,125.17,125.22,125.28,125.34,125.39,125.45,125.5,125.56,125.61,125.67,125.72,125.77,125.83,125.88,125.93,125.99,126.04,126.09,126.14,126.19,126.25,126.3,126.35,126.4,126.45,126.49,126.54,126.59,126.64,126.69,126.73,126.78,126.83,126.87,126.92,126.96,127.01,127.05,127.1
123.62,123.67,123.72,123.77,123.83,123.88,123.93,123.99,124.04,124.1,124.15,124.21,124.26,124.32,124.37,124.42,124.48,124.54,124.59,124.65,124.7,124.75,124.81,124.86,124.92,124.97,125.03,125.08,125.13,125.19,125.24,125.29,125.34,125.4,125.45,125.5,125.55,125.6,125.66,125.71,125.76,125.81,125.86,125.91,125.95,126,126.05,126.1,126.15,126.19,126.24,126.29,126.33,126.38,126.42,126.47,126.51,126.56,126.6,126.64
123.26,123.31,123.36,123.41,123.46,123.51,123.57,123.62,123.67,123.72,123.78,123.83,123.88,123.93,123.99,124.04,124.09,124.14,124.2,124.25,124.31,124.36,124.41,124.46,124.52,124.57,124.62,124.67,124.73,124.78,124.83,124.88,124.93,124.98,125.04,125.09,125.14,125.19,125.24,125.29,125.34,125.38,125.43,125.48,125.53,125.58,125.63,125.67,125.72,125.77,125.81,125.86,125.9,125.95,125.99,126.04,126.08,126.12,126.17,126.21
122.92,122.97,123.02,123.07,123.11,123.16,123.21,123.26,123.31,123.36,123.41,123.47,123.51,123.57,123.62,123.67,123.72,123.77,123.82,123.87,123.93,123.98,124.03,124.08,124.13,124.18,124.23,124.29,124.34,124.39,124.44,124.49,124.54,124.59,124.64,124.69,124.74,124.79,124.83,124.88,124.93,124.98,125.03,125.08,125.12,125.17,125.22,125.26,125.31,125.35,125.4,125.44,125.49,125.53,125.58,125.62,125.66,125.71,125.75,125.79
122.6,122.64,122.69,122.73,122.78,122.83,122.87,122.92,122.97,123.02,123.07,123.12,123.16,123.22,123.27,123.32,123.36,123.41,123.46,123.51,123.56,123.61,123.66,123.71,123.76,123.81,123.86,123.91,123.96,124.01,124.06,124.11,124.16,124.21,124.26,124.31,124.35,124.4,124.45,124.5,124.54,124.59,124.64,124.68,124.73,124.78,124.82,124.87,124.91,124.96,125,125.05,125.09,125.13,125.18,125.22,125.26,125.31,125.35,125.39
122.28,122.32,122.37,122.42,122.46,122.5,122.55,122.6,122.64,122.69,122.74,122.78,122.83,122.88,122.93,122.97,123.02,123.07,123.12,123.17,123.22,123.26,123.31,123.36,123.41,123.46,123.51,123.56,123.6,123.65,123.7,123.75,123.8,123.84,123.89,123.94,123.98,124.03,124.08,124.13,124.17,124.22,124.26,124.31,124.35,124.4,124.44,124.49,124.53,124.58,124.62,124.66,124.71,124.75,124.79,124.84,124.88,124.92,124.96,125
121.98,122.03,122.07,122.11,122.15,122.2,122.24,122.28,122.33,122.37,122.42,122.47,122.51,122.56,122.6,122.65,122.7,122.74,122.79,122.84,122.88,122.93,122.98,123.02,123.07,123.12,123.17,123.21,123.26,123.31,123.35,123.4,123.45,123.49,123.54,123.58,123.63,123.68,123.72,123.77,123.81,123.86,123.9,123.95,123.99,124.04,124.08,124.12,124.17,124.21,124.25,124.3,124.34,124.38,124.42,124.46,124.51,124.55,124.59,124.63
121.69,121.74,121.78,121.82,121.86,121.9,121.94,121.98,122.03,122.07,122.11,122.16,122.2,122.25,122.29,122.34,122.38,122.43,122.47,122.52,122.56,122.61,122.65,122.7,122.74,122.79,122.84,122.88,122.93,122.97,123.02,123.06,123.11,123.16,123.2,123.25,123.29,123.33,123.38,123.42,123.47,123.51,123.56,123.6,123.64,123.69,123.73,123.77,123.82,123.86,123.9,123.94,123.98,124.02,124.07,124.11,124.15,124.19,124.23,124.27
121.42,121.46,121.5,121.54,121.58,121.62,121.66,121.7,121.74,121.78,121.82,121.86,121.91,121.95,121.99,122.04,122.08,122.12,122.17,122.21,122.25,122.3,122.34,122.39,122.43,122.48,122.52,122.57,122.61,122.65,122.7,122.74,122.79,122.83,122.87,122.92,122.96,123.01,123.05,123.09,123.14,123.18,123.22,123.27,123.31,123.35,123.39,123.43,123.48,123.52,123.56,123.6,123.64,123.68,123.72,123.76,123.8,123.84,123.88,123.92
121.15,121.19,121.23,121.27,121.3,121.34,121.38,121.42,121.46,121.5,121.54,121.58,121.62,121.67,121.71,121.75,121.79,121.83,121.87,121.92,121.96,122,122.04,122.09,122.13,122.17,122.22,122.26,122.3,122.35,122.39,122.43,122.48,122.52,122.56,122.6,122.65,122.69,122.73,122.77,122.82,122.86,122.9,122.94,122.98,123.03,123.07,123.11,123.15,123.19,123.23,123.27,123.31,123.35,123.39,123.43,123.47,123.51,123.55,123.59
120.9,120.94,120.97,121.01,121.04,121.08,121.12,121.15,121.19,121.23,121.27,121.31,121.35,121.39,121.43,121.47,121.51,121.55,121.59,121.63,121.67,121.72,121.76,121.8,121.84,121.88,121.93,121.97,122.01,122.05,122.09,122.13,122.18,122.22,122.26,122.3,122.34,122.39,122.43,122.47,122.51,122.55,122.59,122.63,122.67,122.71,122.75,122.8,122.83,122.88,122.91,122.95,122.99,123.03,123.07,123.11,123.15,123.19,123.23,123.26
120.66,120.69,120.72,120.76,120.79,120.83,120.86,120.9,120.94,120.97,121.01,121.05,121.09,121.12,121.16,121.2,121.24,121.28,121.32,121.36,121.4,121.44,121.48,121.52,121.56,121.6,121.64,121.68,121.72,121.77,121.81,121.85,121.89,121.93,121.97,122.01,122.05,122.09,122.13,122.17,122.21,122.25,122.29,122.33,122.37,122.41,122.45,122.49,122.53,122.57,122.61,122.65,122.69,122.73,122.76,122.8,122.84,122.88,122.91,122.95
120.43,120.45,120.49,120.52,120.55,120.59,120.62,120.65,120.69,120.73,120.76,120.8,120.83,120.87,120.91,120.95,120.98,121.02,121.06,121.1,121.14,121.18,121.21,121.25,121.29,121.33,121.37,121.41,121.45,121.49,121.53,121.57,121.61,121.65,121.69,121.73,121.77,121.81,121.85,121.89,121.93,121.97,122.01,122.04,122.08,122.12,122.16,122.2,122.24,122.28,122.32,122.35,122.39,122.43,122.47,122.5,122.54,122.58,122.61,122.65
120.2,120.23,120.26,120.29,120.32,120.35,120.39,120.42,120.45,120.48,120.52,120.56,120.59,120.63,120.66,120.7,120.73,120.77,120.81,120.85,120.88,120.92,120.96,121,121.03,121.07,121.11,121.15,121.19,121.23,121.27,121.3,121.34,121.38,121.42,121.46,121.5,121.54,121.58,121.61,121.65,121.69,121.73,121.77,121.8,121.84,121.88,121.92,121.96,121.99,122.03,122.07,122.11,122.14,122.18,122.22,122.25,122.29,122.32,122.36
119.98,120.01,120.04,120.07,120.1,120.13,120.16,120.19,120.22,120.25,120.29,120.32,120.36,120.39,120.42,120.46,120.5,120.53,120.57,120.6,120.64,120.68,120.71,120.75,120.79,120.82,120.86,120.9,120.93,120.97,121.01,121.05,121.08,121.12,121.16,121.2,121.24,121.27,121.31,121.35,121.39,121.42,121.46,121.5,121.54,121.57,121.61,121.65,121.68,121.72,121.76,121.79,121.83,121.87,121.9,121.94,121.97,122.01,122.04,122.08
119.77,119.8,119.83,119.85,119.88,119.91,119.94,119.97,120,120.03,120.07,120.1,120.13,120.16,120.2,120.23,120.26,120.3,120.33,120.37,120.4,120.44,120.47,120.51,120.55,120.58,120.62,120.65,120.69,120.73,120.76,120.8,120.84,120.87,120.91,120.95,120.98,121.02,121.06,121.09,121.13,121.17,121.2,121.24,121.27,121.31,121.35,121.38,121.42,121.46,121.49,121.53,121.56,121.6,121.63,121.67,121.7,121.74,121.77,121.81
119.57,119.6,119.62,119.65,119.68,119.7,119.73,119.76,119.79,119.82,119.85,119.88,119.91,119.94,119.97,120.01,120.04,120.07,120.11,120.14,120.18,120.21,120.25,120.28,120.31,120.35,120.38,120.42,120.45,120.49,120.52,120.56,120.6,120.63,120.67,120.7,120.74,120.77,120.81,120.85,120.88,120.92,120.95,120.99,121.02,121.06,121.09,121.13,121.17,121.2,121.24,121.27,121.31,121.34,121.37,121.41,121.44,121.48,121.51,121.55
119.38,119.4,119.42,119.45,119.47,119.5,119.53,119.56,119.59,119.61,119.64,119.67,119.7,119.73,119.76,119.79,119.83,119.86,119.89,119.92,119.96,119.99,120.02,120.05,120.09,120.12,120.16,120.19,120.22,120.26,120.29,120.33,120.36,120.4,120.43,120.47,120.5,120.54,120.57,120.61,120.64,120.68,120.71,120.75,120.78,120.82,120.85,120.88,120.92,120.95,120.99,121.02,121.06,121.09,121.12,121.16,121.19,121.22,121.26,121.29
119.19,119.21,119.24,119.26,119.28,119.31,119.33,119.36,119.39,119.41,119.44,119.47,119.5,119.53,119.56,119.59,119.62,119.65,119.68,119.71,119.74,119.78,119.81,119.84,119.87,119.91,119.94,119.97,120,120.04,120.07,120.11,120.14,120.17,120.21,120.24,120.27,120.31,120.34,120.38,120.41,120.44,120.48,120.51,120.55,120.58,120.61,120.65,120.68,120.71,120.75,120.78,120.82,120.85,120.88,120.91,120.95,120.98,121.01,121.05
122.25,122.25,122.25,122.25,122.25,122.25,122.25,122.25,122.25,122.25,122.25,122.25,122.25,122.25,122.25,122.25,122.25,122.25,122.25,122.25,122.25,122.25,122.25,122.25,122.25,122.25,122.25,122.25,122.25,122.25,122.25,122.25,122.25,122.25,122.25,122.25,122.25,122.25,122.25,122.25,122.25,122.25,122.25,122.25,122.25,122.25,122.25,122.25,122.25,122.25,122.25,122.25,122.25,122.25,122.25,122.25,122.25,122.25,122.25,122.25
122.25,122.25,122.25,122.25,122.25,122.25,122.25,122.25,122.25,122.25,122.25,122.25,122.25,122.25,122.25,122.25,122.25,122.25,122.25,122.25,122.25,122.25,122.25,122.25,122.25,122.25,122.25,122.25,122.25,122.25,122.25,122.25,122.25,122.25,122.25,122.25,122.25,122.25,122.25,122.25,122.25,122.25,122.25,122.25,122.25,122.25,122.25,122.25,122.25,122.25,122.25,122.25,122.25,122.25,122.25,122.25,122.25,122.25,122.25,122.25
122.25,122.25,122.25,122.25,122.25,122.25,122.25,122.25,122.25,122.25,122.25,122.25,122.25,122.25,122.25,122.25,122.25,122.25,122.25,122.25,122.25,122.25,122.25,122.25,122.25,122.25,122.25,122.25,122.25,122.25,122.25,122.25,122.25,122.25,122.25,122.25,122.25,122.25,122.25,122.25,122.25,122.25,122.25,122.25,122.25,122.25,122.25,122.25,122.25,122.25,122.25,122.25,122.25,122.25,122.25,122.25,122.25,122.25,122.25,122.25
122.25,122.25,122.25,122.25,122.25,122.25,122.25,122.25,122.25,122.25,122.25,122.25,122.25,122.25,122.25,122.25,122.25,122.25,122.25,122.25,122.25,122.25,122.25,122.25,122.25,122.25,122.25,122.25,122.25,122.25,122.25,122.25,122.25,122.25,122.25,122.25,122.25,122.25,122.25,122.25,122.25,122.25,122.25,122.25,122.25,122.25,122.25,122.25,122.25,122.25,122.25,122.25,122.25,122.25,122.25,122.25,122.25,122.25,122.25,122.25
122.25,122.25,122.25,122.25,122.25,122.25,122.25,122.25,122.25,122.25,122.25,122.25,122.25,122.25,122.25,122.25,122.25,122.25,122.25,122.25,122.25,122.25,122.25,122.25,122.25,122.25,122.25,122.25,122.25,122.25,122.25,122.25,122.25,122.25,122.25,122.25,122.25,122.25,122.25,122.25,122.25,122.25,122.25,122.25,122.25,122.25,122.25,122.25,122.25,122.25,122.25,122.25,122.25,122.25,122.25,122.25,122.25,122.25,122.25,122.25
122.25,122.25,122.25,122.25,122.25,122.25,122.25,122.25,122.25,122.25,122.25,122.25,122.25,122.25,122.25,122.25,122.25,122.25,122.25,122.25,122.25,122.25,122.25,122.25,122.25,122.25,122.25,122.25,122.25,122.25,122.25,122.25,122.25,122.25,122.25,122.25,122.25,122.25,122.25,122.25,122.25,122.25,122.25,122.25,122.25,122.25,122.25,122.25,122.25,122.25,122.25,122.25,122.25,122.25,122.25,122.25,122.25,122.25,122.25,122.25
122.25,122.25,122.25,122.25,122.25,122.25,122.25,122.25,122.25,122.25,122.25,122.25,122.25,122.25,122.25,122.25,122.25,122.25,122.25,122.25,122.25,122.25,122.25,122.25,122.25,122.25,122.25,122.25,122.25,122.25,122.25,122.25,122.25,122.25,122.25,122.25,122.25,122.25,122.25,122.25,122.25,122.25,122.25,122.25,122.25,122.25,122.25,122.25,122.25,122.25,122.25,122.25,122.25,122.25,122.25,122.25,122.25,122.25,122.25,122.25
122.25,122.25,122.25,122.25,122.25,122.25,122.25,122.25,122.25,122.25,122.25,122.25,122.25,122.25,122.25,122.25,122.25,122.25,122.25,122.25,122.25,122.25,122.25,122.25,122.25,122.25,122.25,122.25,122.25,122.25,122.25,122.25,122.25,122.25,122.25,122.25,122.25,122.25,122.25,122.25,122.25,122.25,122.25,122.25,122.25,122.25,122.25,122.25,122.25,122.25,122.25,122.25,122.25,122.25,122.25,122.25,122.25,122.25,122.25,122.25
122.25,122.25,122.25,122.25,122.25,122.25,122.25,122.25,122.25,122.25,122.25,122.25,122.25,122.25,122.25,122.25,122.25,122.25,122.25,122.25,122.25,122.25,122.25,122.25,122.25,122.25,122.25,122.25,122.25,122.25,122.25,122.25,122.25,122.25,122.25,122.25,122.25,122.25,122.25,122.25,122.25,122.25,122.25,122.25,122.25,122.25,122.25,122.25,122.25,122.25,122.25,122.25,122.25,122.25,122.25,122.25,122.25,122.25,122.25,122.25
122.25,122.25,122.25,122.25,122.25,122.25,122.25,122.25,122.25,122.25,122.25,122.25,122.25,122.25,122.25,122.25,122.25,122.25,122.25,122.25,122.25,122.25,122.25,122.25,122.25,122.25,122.25,122.25,122.25,122.25,122.25,122.25,122.25,122.25,122.25,122.25,122.25,122.25,122.25,122.25,122.25,122.25,122.25,122.25,122.25,122.25,122.25,122.25,122.25,122.25,122.25,122.25,122.25,122.25,122.25,122.25,122.25,122.25,122.25,122.25
122.25,122.25,122.25,122.25,122.25,122.25,122.25,122.25,122.25,122.25,122.25,122.25,122.25,122.25,122.25,122.25,122.25,122.25,122.25,122.25,122.25,122.25,122.25,122.25,122.25,122.25,122.25,122.25,122.25,122.25,122.25,122.25,122.25,122.25,122.25,122.25,122.25,122.25,122.25,122.25,122.25,122.25,122.25,122.25,122.25,122.25,122.25,122.25,122.25,122.25,122.25,122.25,122.25,122.25,122.25,122.25,122.25,122.25,122.25,122.25
122.25,122.25,122.25,122.25,122.25,122.25,122.25,122.25,122.25,122.25,122.25,122.25,122.25,122.25,122.25,122.25,122.25,122.25,122.25,122.25,122.25,122.25,122.25,122.25,122.25,122.25,122.25,122.25,122.25,122.25,122.25,122.25,122.25,122.25,122.25,122.25,122.25,122.25,122.25,122.25,122.25,122.25,122.25,122.25,122.25,122.25,122.25,122.25,122.25,122.25,122.25,122.25,122.25,122.25,122.25,122.25,122.25,122.25,122.25,122.25
122.25,122.25,122.25,122.25,122.25,122.25,122.25,122.25,122.25,122.25,122.25,122.25,122.25,122.25,122.25,122.25,122.25,122.25,122.25,122.25,122.25,122.25,122.25,122.25,122.25,122.25,122.25,122.25,122.25,122.25,122.25,122.25,122.25,122.25,122.25,122.25,122.25,122.25,122.25,122.25,122.25,122.25,122.25,122.25,122.25,122.25,122.25,122.25,122.25,122.25,122.25,122.25,122.25,122.25,122.25,122.25,122.25,122.25,122.25,122.25
122.25,122.25,122.25,122.25,122.25,122.25,122.25,122.25,122.25,122.25,122.25,122.25,122.25,122.25,122.25,122.25,122.25,122.25,122.25,122.25,122.25,122.25,122.25,122.25,122.25,122.25,122.25,122.25,122.25,122.25,122.25,122.25,122.25,122.25,122.25,122.25,122.25,122.25,122.25,122.25,122.25,122.25,122.25,122.25,122.25,122.25,122.25,122.25,122.25,122.25,122.25,122.25,122.25,122.25,122.25,122.25,122.25,122.25,122.25,122.25
122.25,122.25,122.25,122.25,122.25,122.25,122.25,122.25,122.25,122.25,122.25,122.25,122.25,122.25,122.25,122.25,122.25,122.25,122.25,122.25,122.25,122.25,122.25,122.25,122.25,122.25,122.25,122.25,122.25,122.25,122.25,122.25,122.25,122.25,122.25,122.25,122.25,122.25,122.25,122.25,122.25,122.25,122.25,122.25,122.25,122.25,122.25,122.25,122.25,122.25,122.25,122.25,122.25,122.25,122.25,122.25,122.25,122.25,122.25,122.25
122.25,122.25,122.25,122.25,122.25,122.25,122.25,122.25,122.25,122.25,122.25,122.25,122.25,122.25,122.25,122.25,122.25,122.25,122.25,122.25,122.25,122.25,122.25,122.25,122.25,122.25,122.25,122.25,122.25,122.25,122.25,122.25,122.25,122.25,122.25,122.25,122.25,122.25,122.25,122.25,122.25,122.25,122.25,122.25,122.25,122.25,122.25,122.25,122.25,122.25,122.25,122.25,122.25,122.25,122.25,122.25,122.25,122.25,122.25,122.25
122.25,122.25,122.25,122.25,122.25,122.25,122.25,122.25,122.25,122.25,122.25,122.25,122.25,122.25,122.25,122.25,122.25,122.25,122.25,122.25,122.25,122.25,122.25,122.25,122.25,122.25,122.25,122.25,122.25,122.25,122.25,122.25,122.25,122.25,122.25,122.25,122.25,122.25,122.25,122.25,122.25,122.25,122.25,122.25,122.25,122.25,122.25,122.25,122.25,122.25,122.25,122.25,122.25,122.25,122.25,122.25,122.25,122.25,122.25,122.25
122.25,122.25,122.25,122.25,122.25,122.25,122.25,122.25,122.25,122.25,122.25,122.25,122.25,122.25,122.25,122.25,122.25,122.25,122.25,122.25,122.25,122.25,122.25,122.25,122.25,122.25,122.25,122.25,122.25,122.25,122.25,122.25,122.25,122.25,122.25,122.25,122.25,122.25,122.25,122.25,122.25,122.25,122.25,122.25,122.25,122.25,122.25,122.25,122.25,122.25,122.25,122.25,122.25,122.25,122.25,122.25,122.25,122.25,122.25,122.25
122.25,122.25,122.25,122.25,122.25,122.25,122.25,122.25,122.25,122.25,122.25,122.25,122.25,122.25,122.25,122.25,122.25,122.25,122.25,122.25,122.25,122.25,122.25,122.25,122.25,122.25,122.25,122.25,122.25,122.25,122.25,122.25,122.25,122.25,122.25,122.25,122.25,122.25,122.25,122.25,122.25,122.25,122.25,122.25,122.25,122.25,122.25,122.25,122.25,122.25,122.25,122.25,122.25,122.25,122.25,122.25,122.25,122.25,122.25,122.25
122.25,122.25,122.25,122.25,122.25,122.25,122.25,122.25,122.25,122.25,122.25,122.25,122.25,122.25,122.25,122.25,122.25,122.25,122.25,122.25,122.25,122.25,122.25,122.25,122.25,122.25,122.25,122.25,122.25,122.25,122.25,122.25,122.25,122.25,122.25,122.25,122.25,122.25,122.25,122.25,122.25,122.25,122.25,122.25,122.25,122.25,122.25,122.25,122.25,122.25,122.25,122.25,122.25,122.25,122.25,122.25,122.25,122.25,122.25,122.25
122.25,122.25,122.25,122.25,122.25,122.25,122.25,122.25,122.25,122.25,122.25,122.25,122.25,122.25,122.25,122.25,122.25,122.25,122.25,122.25,122.25,122.25,122.25,122.25,122.25,122.25,122.25,122.25,122.25,122.25,122.25,122.25,122.25,122.25,122.25,122.25,122.25,122.25,122.25,122.25,122.25,122.25,122.25,122.25,122.25,122.25,122.25,122.25,122.25,122.25,122.25,122.25,122.25,122.25,122.25,122.25,122.25,122.25,122.25,122.25
122.25,122.25,122.25,122.25,122.25,122.25,122.25,122.25,122.25,122.25,122.25,122.25,122.25,122.25,122.25,122.25,122.25,122.25,122.25,122.25,122.25,122.25,122.25,122.25,122.25,122.25,122.25,122.25,122.25,122.25,122.25,122.25,122.25,122.25,122.25,122.25,122.25,122.25,122.25,122.25,122.25,122.25,122.25,122.25,122.25,122.25,122.25,122.25,122.25,122.25,122.25,122.25,122.25,122.25,122.25,122.25,122.25,122.25,122.25,122.25
122.25,122.25,122.25,122.25,122.25,122.25,122.25,122.25,122.25,122.25,122.25,122.25,122.25,122.25,122.25,122.25,122.25,122.25,122.25,122.25,122.25,122.25,122.25,122.25,122.25,122.25,122.25,122.25,122.25,122.25,122.25,122.25,122.25,122.25,122.25,122.25,122.25,122.25,122.25,122.25,122.25,122.25,122.25,122.25,122.25,122.25,122.25,122.25,122.25,122.25,122.25,122.25,122.25,122.25,122.25,122.25,122.25,122.25,122.25,122.25
122.25,122.25,122.25,122.25,122.25,122.25,122.25,122.25,122.25,122.25,122.25,122.25,122.25,122.25,122.25,122.25,122.25,122.25,122.25,122.25,122.25,122.25,122.25,122.25,122.25,122.25,122.25,122.25,122.25,122.25,122.25,122.25,122.25,122.25,122.25,122.25,122.25,122.25,122.25,122.25,122.25,122.25,122.25,122.25,122.25,122.25,122.25,122.25,122.25,122.25,122.25,122.25,122.25,122.25,122.25,122.25,122.25,122.25,122.25,122.25
122.25,122.25,122.25,122.25,122.25,122.25,122.25,122.25,122.25,122.25,122.25,122.25,122.25,122.25,122.25,122.25,122.25,122.25,122.25,122.25,122.25,122.25,122.25,122.25,122.25,122.25,122.25,122.25,122.25,122.25,122.25,122.25,122.25,122.25,122.25,122.25,122.25,122.25,122.25,122.25,122.25,122.25,122.25,122.25,122.25,122.25,122.25,122.25,122.25,122.25,122.25,122.25,122.25,122.25,122.25,122.25,122.25,122.25,122.25,122.25
122.25,122.25,122.25,122.25,122.25,122.25,122.25,122.25,122.25,122.25,122.25,122.25,122.25,122.25,122.25,122.25,122.25,122.25,122.25,122.25,122.25,122.25,122.25,122.25,122.25,122.25,122.25,122.25,122.25,122.25,122.25,122.25,122.25,122.25,122.25,122.25,122.25,122.25,122.25,122.25,122.25,122.25,122.25,122.25,122.25,122.25,122.25,122.25,122.25,122.25,122.25,122.25,122.25,122.25,122.25,122.25,122.25,122.25,122.25,122.25
122.25,122.25,122.25,122.25,122.25,122.25,122.25,122.25,122.25,122.25,122.25,122.25,122.25,122.25,122.25,122.25,122.25,122.25,122.25,122.25,122.25,122.25,122.25,122.25,122.25,122.25,122.25,122.25,122.25,122.25,122.25,122.25,122.25,122.25,122.25,122.25,122.25,122.25,122.25,122.25,122.25,122.25,122.25,122.25,122.25,122.25,122.25,122.25,122.25,122.25,122.25,122.25,122.25,122.25,122.25,122.25,122.25,122.25,122.25,122.25
122.25,122.25,122.25,122.25,122.25,122.25,122.25,122.25,122.25,122.25,122.25,122.25,122.25,122.25,122.25,122.25,122.25,122.25,122.25,122.25,122.25,122.25,122.25,122.25,122.25,122.25,122.25,122.25,122.25,122.25,122.25,122.25,122.25,122.25,122.25,122.25,122.25,122.25,122.25,122.25,122.25,122.25,122.25,122.25,122.25,122.25,122.25,122.25,122.25,122.25,122.25,122.25,122.25,122.25,122.25,122.25,122.25,122.25,122.25,122.25
122.25,122.25,122.25,122.25,122.25,122.25,122.25,122.25,122.25,122.25,122.25,122.25,122.25,122.25,122.25,122.25,122.25,122.25,122.25,122.25,122.25,122.25,122.25,122.25,122.25,122.25,122.25,122.25,122.25,122.25,122.25,122.25,122.25,122.25,122.25,122.25,122.25,122.25,122.25,122.25,122.25,122.25,122.25,122.25,122.25,122.25,122.25,122.25,122.25,122.25,122.25,122.25,122.25,122.25,122.25,122.25,122.25,122.25,122.25,122.25
122.25,122.25,122.25,122.25,122.25,122.25,122.25,122.25,122.25,122.25,122.25,122.25,122.25,122.25,122.25,122.25,122.25,122.25,122.25,122.25,122.25,122.25,122.25,122.25,122.25,122.25,122.25,122.25,122.25,122.25,122.25,122.25,122.25,122.25,122.25,122.25,122.25,122.25,122.25,122.25,122.25,122.25,122.25,122.25,122.25,122.25,122.25,122.25,122.25,122.25,122.25,122.25,122.25,122.25,122.25,122.25,122.25,122.25,122.25,122.25
122.25,122.25,122.25,122.25,122.25,122.25,122.25,122.25,122.25,122.25,122.25,122.25,122.25,122.25,122.25,122.25,122.25,122.25,122.25,122.25,122.25,122.25,122.25,122.25,122.25,122.25,122.25,122.25,122.25,122.25,122.25,122.25,122.25,122.25,122.25,122.25,122.25,122.25,122.25,122.25,122.25,122.25,122.25,122.25,122.25,122.25,122.25,122.25,122.25,122.25,122.25,122.25,122.25,122.25,122.25,122.25,122.25,122.25,122.25,122.25
122.25,122.25,122.25,122.25,122.25,122.25,122.25,122.25,122.25,122.25,122.25,122.25,122.25,122.25,122.25,122.25,122.25,122.25,122.25,122.25,122.25,122.25,122.25,122.25,122.25,122.25,122.25,122.25,122.25,122.25,122.25,122.25,122.25,122.25,122.25,122.25,122.25,122.25,122.25,122.25,122.25,122.25,122.25,122.25,122.25,122.25,122.25,122.25,122.25,122.25,122.25,122.25,122.25,122.25,122.25,122.25,122.25,122.25,122.25,122.25
122.25,122.25,122.25,122.25,122.25,122.25,122.25,122.25,122.25,122.25,122.25,122.25,122.25,122.25,122.25,122.25,122.25,122.25,122.25,122.25,122.25,122.25,122.25,122.25,122.25,122.25,122.25,122.25,122.25,122.25,122.25,122.25,122.25,122.25,122.25,122.25,122.25,122.25,122.25,122.25,122.25,122.25,122.25,122.25,122.25,122.25,122.25,122.25,122.25,122.25,122.25,122.25,122.25,122.25,122.25,122.25,122.25,122.25,122.25,122.25
122.25,122.25,122.25,122.25,122.25,122.25,122.25,122.25,122.25,122.25,122.25,122.25,122.25,122.25,122.25,122.25,122.25,122.25,122.25,122.25,122.25,122.25,122.25,122.25,122.25,122.25,122.25,122.25,122.25,122.25,122.25,122.25,122.25,122.25,122.25,122.25,122.25,122.25,122.25,122.25,122.25,122.25,122.25,122.25,122.25,122.25,122.25,122.25,122.25,122.25,122.25,122.25,122.25,122.25,122.25,122.25,122.25,122.25,122.25,122.25
122.25,122.25,122.25,122.25,122.25,122.25,122.25,122.25,122.25,122.25,122.25,122.25,122.25,122.25,122.25,122.25,122.25,122.25,122.25,122.25,122.25,122.25,122.25,122.25,122.25,122.25,122.25,122.25,122.25,122.25,122.25,122.25,122.25,122.25,122.25,122.25,122.25,122.25,122.25,122.25,122.25,122.25,122.25,122.25,122.25,122.25,122.25,122.25,122.25,122.25,122.25,122.25,122.25,122.25,122.25,122.25,122.25,122.25,122.25,122.25
122.25,122.25,122.25,122.25,122.25,122.25,122.25,122.25,122.25,122.25,122.25,122.25,122.25,122.25,122.25,122.25,122.25,122.25,122.25,122.25,122.25,122.25,122.25,122.25,122.25,122.25,122.25,122.25,122.25,122.25,122.25,122.25,122.25,122.25,122.25,122.25,122.25,122.25,122.25,122.25,122.25,122.25,122.25,122.25,122.25,122.25,122.25,122.25,122.25,122.25,122.25,122.25,122.25,122.25,122.25,122.25,122.25,122.25,122.25,122.25
122.25,122.25,122.25,122.25,122.25,122.25,122.25,122.25,122.25,122.25,122.25,122.25,122.25,122.25,122.25,122.25,122.25,122.25,122.25,122.25,122.25,122.25,122.25,122.25,122.25,122.25,122.25,122.25,122.25,122.25,122.25,122.25,122.25,122.25,122.25,122.25,122.25,122.25,122.25,122.25,122.25,122.25,122.25,122.25,122.25,122.25,122.25,122.25,122.25,122.25,122.25,122.25,122.25,122.25,122.25,122.25,122.25,122.25,122.25,122.25
122.25,122.25,122.25,122.25,122.25,122.25,122.25,122.25,122.25,122.25,122.25,122.25,122.25,122.25,122.25,122.25,122.25,122.25,122.25,122.25,122.25,122.25,122.25,122.25,122.25,122.25,122.25,122.25,122.25,122.25,122.25,122.25,122.25,122.25,122.25,122.25,122.25,122.25,122.25,122.25,122.25,122.25,122.25,122.25,122.25,122.25,122.25,122.25,122.25,122.25,122.25,122.25,122.25,122.25,122.25,122.25,122.25,122.25,122.25,122.25
122.25,122.25,122.25,122.25,122.25,122.25,122.25,122.25,122.25,122.25,122.25,122.25,122.25,122.25,122.25,122.25,122.25,122.25,122.25,122.25,122.25,122.25,122.25,122.25,122.25,122.25,122.25,122.25,122.25,122.25,122.25,122.25,122.25,122.25,122.25,122.25,122.25,122.25,122.25,122.25,122.25,122.25,122.25,122.25,122.25,122.25,122.25,122.25,122.25,122.25,122.25,122.25,122.25,122.25,122.25,122.25,122.25,122.25,122.25,122.25
122.25,122.25,122.25,122.25,122.25,122.25,122.25,122.25,122.25,122.25,122.25,122.25,122.25,122.25,122.25,122.25,122.25,122.25,122.25,122.25,122.25,122.25,122.25,122.25,122.25,122.25,122.25,122.25,122.25,122.25,122.25,122.25,122.25,122.25,122.25,122.25,122.25,122.25,122.25,122.25,122.25,122.25,122.25,122.25,122.25,122.25,122.25,122.25,122.25,122.25,122.25,122.25,122.25,122.25,122.25,122.25,122.25,122.25,122.25,122.25
122.25,122.25,122.25,122.25,122.25,122.25,122.25,122.25,122.25,122.25,122.25,122.25,122.25,122.25,122.25,122.25,122.25,122.25,122.25,122.25,122.25,122.25,122.25,122.25,122.25,122.25,122.25,122.25,122.25,122.25,122.25,122.25,122.25,122.25,122.25,122.25,122.25,122.25,122.25,122.25,122.25,122.25,122.25,122.25,122.25,122.25,122.25,122.25,122.25,122.25,122.25,122.25,122.25,122.25,122.25,122.25,122.25,122.25,122.25,122.25
122.25,122.25,122.25,122.25,122.25,122.25,122.25,122.25,122.25,122.25,122.25,122.25,122.25,122.25,122.25,122.25,122.25,122.25,122.25,122.25,122.25,122.25,122.25,122.25,122.25,122.25,122.25,122.25,122.25,122.25,122.25,122.25,122.25,122.25,122.25,122.25,122.25,122.25,122.25,122.25,122.25,122.25,122.25,122.25,122.25,122.25,122.25,122.25,122.25,122.25,122.25,122.25,122.25,122.25,122.25,122.25,122.25,122.25,122.25,122.25
122.25,122.25,122.25,122.25,122.25,122.25,122.25,122.25,122.25,122.25,122.25,122.25,122.25,122.25,122.25,122.25,122.25,122.25,122.25,122.25,122.25,122.25,122.25,122.25,122.25,122.25,122.25,122.25,122.25,122.25,122.25,122.25,122.25,122.25,122.25,122.25,122.25,122.25,122.25,122.25,122.25,122.25,122.25,122.25,122.25,122.25,122.25,122.25,122.25,122.25,122.25,122.25,122.25,122.25,122.25,122.25,122.25,122.25,122.25,122.25
122.25,122.25,122.25,122.25,122.25,122.25,122.25,122.25,122.25,122.25,122.25,122.25,122.25,122.25,122.25,122.25,122.25,122.25,122.25,122.25,122.25,122.25,122.25,122.25,122.25,122.25,122.25,122.25,122.25,122.25,122.25,122.25,122.25,122.25,122.25,122.25,122.25,122.25,122.25,122.25,122.25,122.25,122.25,122.25,122.25,122.25,122.25,122.25,122.25,122.25,122.25,122.25,122.25,122.25,122.25,122.25,122.25,122.25,122.25,122.25
122.25,122.25,122.25,122.25,122.25,122.25,122.25,122.25,122.25,122.25,122.25,122.25,122.25,122.25,122.25,122.25,122.25,122.25,122.25,122.25,122.25,122.25,122.25,122.25,122.25,122.25,122.25,122.25,122.25,122.25,122.25,122.25,122.25,122.25,122.25,122.25,122.25,122.25,122.25,122.25,122.25,122.25,122.25,122.25,122.25,122.25,122.25,122.25,122.25,122.25,122.25,122.25,122.25,122.25,122.25,122.25,122.25,122.25,122.25,122.25
122.25,122.25,122.25,122.25,122.25,122.25,122.25,122.25,122.25,122.25,122.25,122.25,122.25,122.25,122.25,122.25,122.25,122.25,122.25,122.25,122.25,122.25,122.25,122.25,122.25,122.25,122.25,122.25,122.25,122.25,122.25,122.25,122.25,122.25,122.25,122.25,122.25,122.25,122.25,122.25,122.25,122.25,122.25,122.25,122.25,122.25,122.25,122.25,122.25,122.25,122.25,122.25,122.25,122.25,122.25,122.25,122.25,122.25,122.25,122.25
122.25,122.25,122.25,122.25,122.25,122.25,122.25,122.25,122.25,122.25,122.25,122.25,122.25,122.25,122.25,122.25,122.25,122.25,122.25,122.25,122.25,122.25,122.25,122.25,122.25,122.25,122.25,122.25,122.25,122.25,122.25,122.25,122.25,122.25,122.25,122.25,122.25,122.25,122.25,122.25,122.25,122.25,122.25,122.25,122.25,122.25,122.25,122.25,122.25,122.25,122.25,122.25,122.25,122.25,122.25,122.25,122.25,122.25,122.25,122.25
122.25,122.25,122.25,122.25,122.25,122.25,122.25,122.25,122.25,122.25,122.25,122.25,122.25,122.25,122.25,122.25,122.25,122.25,122.25,122.25,122.25,122.25,122.25,122.25,122.25,122.25,122.25,122.25,122.25,122.25,122.25,122.25,122.25,122.25,122.25,122.25,122.25,122.25,122.25,122.25,122.25,122.25,122.25,122.25,122.25,122.25,122.25,122.25,122.25,122.25,122.25,122.25,122.25,122.25,122.25,122.25,122.25,122.25,122.25,122.25
122.25,122.25,122.25,122.25,122.25,122.25,122.25,122.25,122.25,122.25,122.25,122.25,122.25,122.25,122.25,122.25,122.25,122.25,122.25,122.25,122.25,122.25,122.25,122.25,122.25,122.25,122.25,122.25,122.25,122.25,122.25,122.25,122.25,122.25,122.25,122.25,122.25,122.25,122.25,122.25,122.25,122.25,122.25,122.25,122.25,122.25,122.25,122.25,122.25,122.25,122.25,122.25,122.25,122.25,122.25,122.25,122.25,122.25,122.25,122.25
122.25,122.25,122.25,122.25,122.25,122.25,122.25,122.25,122.25,122.25,122.25,122.25,122.25,122.25,122.25,122.25,122.25,122.25,122.25,122.25,122.25,122.25,122.25,122.25,122.25,122.25,122.25,122.25,122.25,122.25,122.25,122.25,122.25,122.25,122.25,122.25,122.25,122.25,122.25,122.25,122.25,122.25,122.25,122.25,122.25,122.25,122.25,122.25,122.25,122.25,122.25,122.25,122.25,122.25,122.25,122.25,122.25,122.25,122.25,122.25
122.25,122.25,122.25,122.25,122.25,122.25,122.25,122.25,122.25,122.25,122.25,122.25,122.25,122.25,122.25,122.25,122.25,122.25,122.25,122.25,122.25,122.25,122.25,122.25,122.25,122.25,122.25,122.25,122.25,122.25,122.25,122.25,122.25,122.25,122.25,122.25,122.25,122.25,122.25,122.25,122.25,122.25,122.25,122.25,122.25,122.25,122.25,122.25,122.25,122.25,122.25,122.25,122.25,122.25,122.25,122.25,122.25,122.25,122.25,122.25
122.25,122.25,122.25,122.25,122.25,122.25,122.25,122.25,122.25,122.25,122.25,122.25,122.25,122.25,122.25,122.25,122.25,122.25,122.25,122.25,122.25,122.25,122.25,122.25,122.25,122.25,122.25,122.25,122.25,122.25,122.25,122.25,122.25,122.25,122.25,122.25,122.25,122.25,122.25,122.25,122.25,122.25,122.25,122.25,122.25,122.25,122.25,122.25,122.25,122.25,122.25,122.25,122.25,122.25,122.25,122.25,122.25,122.25,122.25,122.25
122.25,122.25,122.25,122.25,122.25,122.25,122.25,122.25,122.25,122.25,122.25,122.25,122.25,122.25,122.25,122.25,122.25,122.25,122.25,122.25,122.25,122.25,122.25,122.25,122.25,122.25,122.25,122.25,122.25,122.25,122.25,122.25,122.25,122.25,122.25,122.25,122.25,122.25,122.25,122.25,122.25,122.25,122.25,122.25,122.25,122.25,122.25,122.25,122.25,122.25,122.25,122.25,122.25,122.25,122.25,122.25,122.25,122.25,122.25,122.25
122.25,122.25,122.25,122.25,122.25,122.25,122.25,122.25,122.25,122.25,122.25,122.25,122.25,122.25,122.25,122.25,122.25,122.25,122.25,122.25,122.25,122.25,122.25,122.25,122.25,122.25,122.25,122.25,122.25,122.25,122.25,122.25,122.25,122.25,122.25,122.25,122.25,122.25,122.25,122.25,122.25,122.25,122.25,122.25,122.25,122.25,122.25,122.25,122.25,122.25,122.25,122.25,122.25,122.25,122.25,122.25,122.25,122.25,122.25,122.25
122.25,122.25,122.25,122.25,122.25,122.25,122.25,122.25,122.25,122.25,122.25,122.25,122.25,122.25,122.25,122.25,122.25,122.25,122.25,122.25,122.25,122.25,122.25,122.25,122.25,122.25,122.25,122.25,122.25,122.25,122.25,122.25,122.25,122.25,122.25,122.25,122.25,122.25,122.25,122.25,122.25,122.25,122.25,122.25,122.25,122.25,122.25,122.25,122.25,122.25,122.25,122.25,122.25,122.25,122.25,122.25,122.25,122.25,122.25,122.25
122.25,122.25,122.25,122.25,122.25,122.25,122.25,122.25,122.25,122.25,122.25,122.25,122.25,122.25,122.25,122.25,122.25,122.25,122.25,122.25,122.25,122.25,122.25,122.25,122.25,122.25,122.25,122.25,122.25,122.25,122.25,122.25,122.25,122.25,122.25,122.25,122.25,122.25,122.25,122.25,122.25,122.25,122.25,122.25,122.25,122.25,122.25,122.25,122.25,122.25,122.25,122.25,122.25,122.25,122.25,122.25,122.25,122.25,122.25,122.25
122.25,122.25,122.25,122.25,122.25,122.25,122.25,122.25,122.25,122.25,122.25,122.25,122.25,122.25,122.25,122.25,122.25,122.25,122.25,122.25,122.25,122.25,122.25,122.25,122.25,122.25,122.25,122.25,122.25,122.25,122.25,122.25,122.25,122.25,122.25,122.25,122.25,122.25,122.25,122.25,122.25,122.25,122.25,122.25,122.25,122.25,122.25,122.25,122.25,122.25,122.25,122.25,122.25,122.25,122.25,122.25,122.25,122.25,122.25,122.25
122.25,122.25,122.25,122.25,122.25,122.25,122.25,122.25,122.25,122.25,122.25,122.25,122.25,122.25,122.25,122.25,122.25,122.25,122.25,122.25,122.25,122.25,122.25,122.25,122.25,122.25,122.25,122.25,122.25,122.25,122.25,122.25,122.25,122.25,122.25,122.25,122.25,122.25,122.25,122.25,122.25,122.25,122.25,122.25,122.25,122.25,122.25,122.25,122.25,122.25,122.25,122.25,122.25,122.25,122.25,122.25,122.25,122.25,122.25,122.25
122.25,122.25,122.25,122.25,122.25,122.25,122.25,122.25,122.25,122.25,122.25,122.25,122.25,122.25,122.25,122.25,122.25,122.25,122.25,122.25,122.25,122.25,122.25,122.25,122.25,122.25,122.25,122.25,122.25,122.25,122.25,122.25,122.25,122.25,122.25,122.25,122.25,122.25,122.25,122.25,122.25,122.25,122.25,122.25,122.25,122.25,122.25,122.25,122.25,122.25,122.25,122.25,122.25,122.25,122.25,122.25,122.25,122.25,122.25,122.25
122.25,122.25,122.25,122.25,122.25,122.25,122.25,122.25,122.25,122.25,122.25,122.25,122.25,122.25,122.25,122.25,122.25,122.25,122.25,122.25,122.25,122.25,122.25,122.25,122.25,122.25,122.25,122.25,122.25,122.25,122.25,122.25,122.25,122.25,122.25,122.25,122.25,122.25,122.25,122.25,122.25,122.25,122.25,122.25,122.25,122.25,122.25,122.25,122.25,122.25,122.25,122.25,122.25,122.25,122.25,122.25,122.25,122.25,122.25,122.25
