0.6,0.59661,0.59322,0.58983,0.58644,0.58305,0.57966,0.57627,0.57288,0.56949,0.5661,0.56271,0.55932,0.55593,0.55254,0.54915,0.54576,0.54237,0.53898,0.53559,0.5322,0.52881,0.52542,0.52203,0.51864,0.51525,0.51186,0.50847,0.50508,0.50169,0.49831,0.49492,0.49153,0.48814,0.48475,0.48136,0.47797,0.47458,0.47119,0.4678,0.46441,0.46102,0.45763,0.45424,0.45085,0.44746,0.44407,0.44068,0.43729,0.4339,0.43051,0.42712,0.42373,0.42034,0.41695,0.41356,0.41017,0.40678,0.40339,0.4
12,16.068,20.136,24.203,28.271,32.339,36.407,40.475,44.542,48.61,52.678,56.746,60.814,64.881,68.949,73.017,77.085,81.153,85.22,89.288,93.356,97.424,101.49,105.56,109.63,113.69,117.76,121.83,125.9,129.97,134.03,138.1,142.17,146.24,150.31,154.37,158.44,162.51,166.58,170.64,174.71,178.78,182.85,186.92,190.98,195.05,199.12,203.19,207.25,211.32,215.39,219.46,223.53,227.59,231.66,235.73,239.8,243.86,247.93,252
149.1,157.78,176.66,160.26,185.62,165.73,207.96,199.81,191.48,183.13,175.53,180.73,228.23,225.24,222.4,219.64,216.89,214.25,211.7,209.17,206.74,204.45,202.25,200.1,198.11,196.33,194.7,193.21,192,191.1,190.47,190.19,190.34,190.96,192.13,193.94,196.58,200.45,206.82,291.49,291.49,291.49,291.49,291.49,291.49,291.49,291.49,291.49,291.49,291.49,291.49,291.49,291.49,291.49,291.49,291.49,291.49,291.49,291.49,291.49
152.33,160.67,179.61,158.77,187.86,166.21,209.38,201.27,192.95,184.54,176.56,178.33,229.17,226.16,223.3,220.51,217.72,215.05,212.46,209.89,207.41,205.07,202.81,200.6,198.55,196.7,194.99,193.42,192.12,191.13,190.41,190.04,190.1,190.64,191.73,193.48,196.07,199.9,206.26,291.49,291.49,291.49,291.49,291.49,291.49,291.49,291.49,291.49,291.49,291.49,291.49,291.49,291.49,291.49,291.49,291.49,291.49,291.49,291.49,291.49
130.74,163.59,182.44,158.35,190.01,166.94,210.74,202.67,194.36,185.91,177.69,176.62,230.08,227.05,224.17,221.35,218.53,215.83,213.2,210.59,208.07,205.68,203.37,201.1,198.98,197.06,195.29,193.64,192.25,191.17,190.36,189.9,189.88,190.33,191.34,193.02,195.56,199.35,205.7,291.49,291.49,291.49,291.49,291.49,291.49,291.49,291.49,291.49,291.49,291.49,291.49,291.49,291.49,291.49,291.49,291.49,291.49,291.49,291.49,291.49
128.97,166.45,185.14,158.57,191.95,174.23,212.05,204.01,195.73,187.25,178.82,175.32,230.95,227.91,225.01,222.16,219.32,216.58,213.92,211.27,208.71,206.28,203.91,201.59,199.42,197.43,195.58,193.85,192.39,191.22,190.33,189.77,189.66,190.03,190.97,192.58,195.06,198.82,205.15,291.49,291.49,291.49,291.49,291.49,291.49,291.49,291.49,291.49,291.49,291.49,291.49,291.49,291.49,291.49,291.49,291.49,291.49,291.49,291.49,291.49
129.14,169.26,160.33,159.22,193.79,176.23,213.3,205.29,197.04,188.56,179.95,174.31,231.8,228.74,225.81,222.94,220.08,217.32,214.62,211.94,209.34,206.87,204.45,202.08,199.85,197.8,195.88,194.08,192.53,191.29,190.3,189.65,189.46,189.74,190.6,192.14,194.57,198.29,204.61,291.49,291.49,291.49,291.49,291.49,291.49,291.49,291.49,291.49,291.49,291.49,291.49,291.49,291.49,291.49,291.49,291.49,291.49,291.49,291.49,291.49
130.16,171.98,153.31,160.17,195.56,178.19,170.39,206.5,198.28,189.83,181.09,173.51,232.61,229.53,226.59,223.7,220.82,218.03,215.31,212.59,209.96,207.44,204.98,202.56,200.27,198.17,196.18,194.31,192.68,191.36,190.29,189.55,189.27,189.47,190.24,191.72,194.09,197.77,204.07,291.49,291.49,291.49,291.49,291.49,291.49,291.49,291.49,291.49,291.49,291.49,291.49,291.49,291.49,291.49,291.49,291.49,291.49,291.49,291.49,291.49
131.64,143.26,151.42,166.34,197.26,180.06,168.07,207.66,199.48,191.05,182.24,174.83,185.1,230.3,227.35,224.44,221.53,218.72,215.97,213.23,210.56,208,205.51,203.03,200.69,198.53,196.49,194.54,192.84,191.43,190.28,189.45,189.08,189.2,189.9,191.3,193.62,197.26,203.54,291.49,291.49,291.49,291.49,291.49,291.49,291.49,291.49,291.49,291.49,291.49,291.49,291.49,291.49,291.49,291.49,291.49,291.49,291.49,291.49,291.49
136.16,141.45,150.61,168.43,198.85,181.86,166.82,208.78,200.62,192.22,183.38,175.54,181.64,231.04,228.08,225.15,222.23,219.39,216.62,213.84,211.15,208.56,206.02,203.5,201.11,198.89,196.79,194.77,193,191.52,190.28,189.37,188.91,188.94,189.56,190.9,193.15,196.75,203.01,291.49,291.49,291.49,291.49,291.49,291.49,291.49,291.49,291.49,291.49,291.49,291.49,291.49,291.49,291.49,291.49,291.49,291.49,291.49,291.49,291.49
138.48,140.97,150.4,170.62,200.34,183.61,166.16,209.85,201.73,193.35,184.5,176.3,179.41,231.76,228.78,225.84,222.9,220.05,217.25,214.45,211.72,209.1,206.52,203.96,201.52,199.25,197.09,195.01,193.17,191.61,190.29,189.29,188.75,188.7,189.23,190.5,192.7,196.25,202.49,291.49,291.49,291.49,291.49,291.49,291.49,291.49,291.49,291.49,291.49,291.49,291.49,291.49,291.49,291.49,291.49,291.49,291.49,291.49,291.49,291.49
140.76,141.17,150.6,172.65,201.74,185.26,165.87,210.88,202.79,194.45,185.58,177.13,177.75,232.45,229.46,226.51,223.55,220.68,217.86,215.04,212.28,209.62,207.01,204.41,201.93,199.61,197.39,195.25,193.34,191.71,190.31,189.23,188.6,188.46,188.92,190.11,192.25,195.76,201.98,291.49,291.49,291.49,291.49,291.49,291.49,291.49,291.49,291.49,291.49,291.49,291.49,291.49,291.49,291.49,291.49,291.49,291.49,291.49,291.49,291.49
142.91,141.82,151.12,174.74,203.06,186.85,165.84,211.87,203.82,195.5,186.64,178.01,176.4,233.11,230.12,227.16,224.19,221.3,218.46,215.61,212.83,210.14,207.5,204.85,202.33,199.96,197.69,195.49,193.51,191.81,190.34,189.17,188.46,188.24,188.61,189.73,191.81,195.27,201.47,291.49,291.49,291.49,291.49,291.49,291.49,291.49,291.49,291.49,291.49,291.49,291.49,291.49,291.49,291.49,291.49,291.49,291.49,291.49,291.49,291.49
145.07,142.74,151.88,176.74,204.32,188.38,166.03,212.83,204.81,196.52,187.66,178.92,175.29,233.75,230.75,227.78,224.8,221.89,219.04,216.17,213.36,210.65,207.97,205.29,202.73,200.32,197.99,195.73,193.69,191.92,190.37,189.12,188.32,188.02,188.31,189.36,191.38,194.79,200.97,291.49,291.49,291.49,291.49,291.49,291.49,291.49,291.49,291.49,291.49,291.49,291.49,291.49,291.49,291.49,291.49,291.49,291.49,291.49,291.49,291.49
147.13,143.83,156.68,178.63,167.62,189.84,166.36,213.75,205.77,197.5,188.65,179.83,174.36,234.37,231.37,228.39,225.39,222.47,219.6,216.71,213.88,211.14,208.43,205.72,203.12,200.66,198.29,195.97,193.87,192.03,190.4,189.07,188.2,187.81,188.02,189,190.95,194.32,200.47,291.49,291.49,291.49,291.49,291.49,291.49,291.49,291.49,291.49,291.49,291.49,291.49,291.49,291.49,291.49,291.49,291.49,291.49,291.49,291.49,291.49
149.13,148.7,158.38,180.48,163.25,191.2,166.82,214.64,206.69,198.45,189.61,180.73,173.46,234.97,231.96,228.97,225.97,223.04,220.15,217.24,214.39,211.62,208.89,206.14,203.5,201.01,198.58,196.21,194.05,192.15,190.45,189.04,188.08,187.61,187.74,188.64,190.53,193.85,199.98,291.49,291.49,291.49,291.49,291.49,291.49,291.49,291.49,291.49,291.49,291.49,291.49,291.49,291.49,291.49,291.49,291.49,291.49,291.49,291.49,291.49
151.07,150.45,160.1,182.27,161.33,192.5,174.4,215.5,207.58,199.37,190.54,181.6,173.84,235.55,232.53,229.54,226.53,223.59,220.68,217.76,214.89,212.1,209.33,206.56,203.88,201.34,198.88,196.45,194.23,192.26,190.49,189.01,187.97,187.42,187.46,188.29,190.12,193.39,199.5,291.49,291.49,291.49,291.49,291.49,291.49,291.49,291.49,291.49,291.49,291.49,291.49,291.49,291.49,291.49,291.49,291.49,291.49,291.49,291.49,291.49
126.92,152.18,161.79,183.99,160.25,193.75,175.79,216.32,208.43,200.26,191.45,182.46,174.3,188.74,233.09,230.09,227.07,224.12,221.2,218.26,215.37,212.56,209.77,206.96,204.25,201.68,199.17,196.69,194.42,192.39,190.55,188.98,187.87,187.24,187.2,187.95,189.71,192.94,199.02,291.49,291.49,291.49,291.49,291.49,291.49,291.49,291.49,291.49,291.49,291.49,291.49,291.49,291.49,291.49,291.49,291.49,291.49,291.49,291.49,291.49
125.47,153.89,163.53,185.64,159.64,194.92,177.14,217.12,209.26,201.12,192.33,183.31,174.85,183.85,233.62,230.62,227.59,224.63,221.71,218.75,215.84,213.01,210.2,207.36,204.62,202.01,199.46,196.93,194.6,192.51,190.61,188.97,187.77,187.06,186.94,187.62,189.31,192.49,198.54,291.49,291.49,291.49,291.49,291.49,291.49,291.49,291.49,291.49,291.49,291.49,291.49,291.49,291.49,291.49,291.49,291.49,291.49,291.49,291.49,291.49
125.02,155.58,165.16,187.2,159.38,196.08,178.44,172.24,210.06,201.94,193.18,184.14,175.45,181.39,234.14,231.14,228.1,225.13,222.2,219.23,216.3,213.45,210.62,207.75,204.98,202.33,199.74,197.17,194.79,192.64,190.67,188.96,187.68,186.89,186.69,187.29,188.92,192.05,198.07,291.49,291.49,291.49,291.49,291.49,291.49,291.49,291.49,291.49,291.49,291.49,291.49,291.49,291.49,291.49,291.49,291.49,291.49,291.49,291.49,291.49
125.12,157.21,166.73,188.7,159.36,197.19,179.71,169.57,210.83,202.75,194.01,184.95,176.09,179.59,234.64,231.64,228.6,225.62,222.67,219.69,216.75,213.88,211.03,208.14,205.33,202.65,200.02,197.41,194.97,192.77,190.73,188.95,187.6,186.73,186.44,186.97,188.54,191.61,197.61,291.49,291.49,291.49,291.49,291.49,291.49,291.49,291.49,291.49,291.49,291.49,291.49,291.49,291.49,291.49,291.49,291.49,291.49,291.49,291.49,291.49
125.58,158.81,168.33,190.15,159.53,198.26,180.95,167.95,211.58,203.52,194.81,185.75,176.74,178.11,235.13,232.12,229.08,226.09,223.14,220.14,217.19,214.3,211.43,208.51,205.68,202.97,200.3,197.64,195.16,192.9,190.8,188.95,187.52,186.57,186.21,186.66,188.16,191.18,197.15,291.49,291.49,291.49,291.49,291.49,291.49,291.49,291.49,291.49,291.49,291.49,291.49,291.49,291.49,291.49,291.49,291.49,291.49,291.49,291.49,291.49
126.28,160.35,169.91,191.52,159.85,199.28,182.15,166.83,212.3,204.27,195.59,186.53,177.4,176.86,235.6,232.59,229.54,226.55,223.59,220.58,217.61,214.71,211.82,208.88,206.02,203.28,200.58,197.88,195.35,193.03,190.87,188.95,187.45,186.43,185.98,186.36,187.78,190.75,196.69,291.49,291.49,291.49,291.49,291.49,291.49,291.49,291.49,291.49,291.49,291.49,291.49,291.49,291.49,291.49,291.49,291.49,291.49,291.49,291.49,291.49
127.14,161.84,171.41,192.84,160.28,200.26,183.3,166.03,213,205,196.35,187.29,178.06,175.79,236.05,233.04,229.99,227,224.03,221.01,218.03,215.12,212.2,209.24,206.36,203.59,200.85,198.11,195.53,193.17,190.95,188.96,187.39,186.28,185.75,186.06,187.41,190.33,196.24,291.49,291.49,291.49,291.49,291.49,291.49,291.49,291.49,291.49,291.49,291.49,291.49,291.49,291.49,291.49,291.49,291.49,291.49,291.49,291.49,291.49
128.1,163.27,172.87,194.09,160.8,201.19,184.4,165.47,213.68,205.71,197.08,188.04,178.71,174.85,236.5,233.48,230.43,227.43,224.46,221.43,218.44,215.51,212.58,209.6,206.69,203.89,201.12,198.34,195.72,193.31,191.03,188.97,187.33,186.15,185.54,185.76,187.05,189.91,195.79,291.49,291.49,291.49,291.49,291.49,291.49,291.49,291.49,291.49,291.49,291.49,291.49,291.49,291.49,291.49,291.49,291.49,291.49,291.49,291.49,291.49
129.09,164.65,174.28,195.28,161.38,202.09,185.46,165.09,214.33,206.39,197.79,188.76,179.36,174.02,236.92,233.91,230.86,227.86,224.87,221.84,218.84,215.89,212.94,209.94,207.01,204.19,201.39,198.57,195.91,193.44,191.11,188.99,187.28,186.02,185.33,185.47,186.7,189.5,195.35,291.49,291.49,291.49,291.49,291.49,291.49,291.49,291.49,291.49,291.49,291.49,291.49,291.49,291.49,291.49,291.49,291.49,291.49,291.49,291.49,291.49
133.43,165.98,175.61,196.43,162.02,202.95,186.49,164.85,214.97,207.05,198.48,189.47,180.01,173.27,237.34,234.33,231.27,228.27,225.28,222.24,219.22,216.26,213.3,210.28,207.33,204.48,201.65,198.8,196.09,193.58,191.19,189.01,187.23,185.89,185.12,185.19,186.34,189.09,194.91,291.49,291.49,291.49,291.49,291.49,291.49,291.49,291.49,291.49,291.49,291.49,291.49,291.49,291.49,291.49,291.49,291.49,291.49,291.49,291.49,291.49
134.74,167.26,176.94,159.25,169.75,203.78,187.48,164.72,215.58,207.69,199.15,190.16,180.65,172.6,237.74,234.73,231.68,228.67,225.67,222.62,219.6,216.63,213.65,210.62,207.64,204.77,201.91,199.02,196.28,193.72,191.28,189.03,187.18,185.77,184.92,184.92,186,188.69,194.48,291.49,291.49,291.49,291.49,291.49,291.49,291.49,291.49,291.49,291.49,291.49,291.49,291.49,291.49,291.49,291.49,291.49,291.49,291.49,291.49,291.49
135.97,168.51,178.23,156.57,170.94,204.57,188.45,164.7,216.18,208.32,199.8,190.83,181.29,172.5,238.13,235.12,232.07,229.05,226.06,223,219.97,216.99,214,210.94,207.95,205.05,202.16,199.24,196.46,193.86,191.37,189.06,187.14,185.66,184.73,184.65,185.66,188.29,194.05,291.49,291.49,291.49,291.49,291.49,291.49,291.49,291.49,291.49,291.49,291.49,291.49,291.49,291.49,291.49,291.49,291.49,291.49,291.49,291.49,291.49
137.17,138.96,179.48,154.86,172.11,205.33,189.38,164.75,216.76,208.92,200.44,191.49,181.92,172.82,238.51,235.5,232.45,229.43,226.43,223.37,220.33,217.34,214.33,211.26,208.25,205.33,202.42,199.46,196.64,194,191.45,189.09,187.1,185.55,184.54,184.38,185.32,187.9,193.62,291.49,291.49,291.49,291.49,291.49,291.49,291.49,291.49,291.49,291.49,291.49,291.49,291.49,291.49,291.49,291.49,291.49,291.49,291.49,291.49,291.49
138.35,137.05,180.68,153.63,173.29,206.07,190.28,164.87,217.32,209.51,201.05,192.12,182.54,173.18,238.87,235.87,232.82,229.8,226.79,223.73,220.68,217.68,214.66,211.58,208.55,205.6,202.66,199.68,196.82,194.14,191.54,189.12,187.07,185.45,184.36,184.13,184.99,187.51,193.2,291.49,291.49,291.49,291.49,291.49,291.49,291.49,291.49,291.49,291.49,291.49,291.49,291.49,291.49,291.49,291.49,291.49,291.49,291.49,291.49,291.49
139.46,135.93,181.87,152.73,174.48,206.78,191.16,171.77,217.87,210.08,201.65,192.74,183.16,173.58,185.93,236.23,233.18,230.16,227.15,224.08,221.02,218.01,214.99,211.89,208.84,205.87,202.91,199.9,197,194.28,191.64,189.16,187.04,185.35,184.18,183.87,184.67,187.13,192.78,291.49,291.49,291.49,291.49,291.49,291.49,291.49,291.49,291.49,291.49,291.49,291.49,291.49,291.49,291.49,291.49,291.49,291.49,291.49,291.49,291.49
140.53,135.24,182.99,152.07,175.64,207.46,192,172.63,218.4,210.63,202.23,193.35,183.76,174,183.07,236.58,233.52,230.51,227.49,224.42,221.36,218.34,215.3,212.19,209.12,206.14,203.15,200.11,197.18,194.42,191.73,189.19,187.02,185.25,184.01,183.62,184.35,186.75,192.37,291.49,291.49,291.49,291.49,291.49,291.49,291.49,291.49,291.49,291.49,291.49,291.49,291.49,291.49,291.49,291.49,291.49,291.49,291.49,291.49,291.49
141.56,134.83,150.28,151.6,176.74,208.11,192.82,173.48,218.91,211.17,202.8,193.94,184.35,174.44,181.15,236.92,233.86,230.85,227.83,224.75,221.69,218.66,215.61,212.49,209.41,206.4,203.39,200.32,197.36,194.56,191.82,189.23,187,185.16,183.85,183.38,184.03,186.38,191.96,291.49,291.49,291.49,291.49,291.49,291.49,291.49,291.49,291.49,291.49,291.49,291.49,291.49,291.49,291.49,291.49,291.49,291.49,291.49,291.49,291.49
142.55,134.64,147.57,151.29,177.78,208.75,193.62,174.33,219.41,211.69,203.35,194.51,184.93,174.89,179.62,237.25,234.2,231.18,228.16,225.08,222.01,218.97,215.91,212.78,209.68,206.66,203.62,200.53,197.53,194.69,191.92,189.27,186.98,185.08,183.69,183.14,183.72,186.01,191.55,291.49,291.49,291.49,291.49,291.49,291.49,291.49,291.49,291.49,291.49,291.49,291.49,291.49,291.49,291.49,291.49,291.49,291.49,291.49,291.49,291.49
143.49,134.61,145.96,151.11,178.8,209.36,194.38,175.18,219.89,212.2,203.88,195.07,185.5,175.36,178.32,237.57,234.52,231.5,228.48,225.4,222.32,219.28,216.21,213.06,209.95,206.91,203.85,200.73,197.71,194.83,192.01,189.32,186.96,185,183.53,182.91,183.42,185.64,191.15,291.49,291.49,291.49,291.49,291.49,291.49,291.49,291.49,291.49,291.49,291.49,291.49,291.49,291.49,291.49,291.49,291.49,291.49,291.49,291.49,291.49
144.4,134.7,144.85,151.03,179.79,209.95,195.13,176.03,220.36,212.7,204.4,195.62,186.05,175.83,177.18,237.88,234.83,231.81,228.8,225.71,222.63,219.58,216.5,213.34,210.21,207.16,204.08,200.93,197.88,194.97,192.11,189.36,186.95,184.92,183.38,182.68,183.12,185.28,190.75,291.49,291.49,291.49,291.49,291.49,291.49,291.49,291.49,291.49,291.49,291.49,291.49,291.49,291.49,291.49,291.49,291.49,291.49,291.49,291.49,291.49
145.28,134.88,144.05,151.04,180.76,165.57,195.84,176.87,220.82,213.18,204.91,196.15,186.6,176.3,176.16,238.18,235.14,232.12,229.1,226.01,222.92,219.87,216.78,213.61,210.47,207.4,204.3,201.13,198.05,195.11,192.2,189.41,186.94,184.85,183.23,182.46,182.82,184.92,190.35,291.49,291.49,291.49,291.49,291.49,291.49,291.49,291.49,291.49,291.49,291.49,291.49,291.49,291.49,291.49,291.49,291.49,291.49,291.49,291.49,291.49
146.12,135.14,143.48,151.13,181.7,163.16,196.54,177.69,173.71,213.65,205.41,196.67,187.14,176.77,175.24,238.48,235.44,232.42,229.4,226.31,223.22,220.16,217.06,213.88,210.73,207.64,204.53,201.33,198.22,195.25,192.3,189.46,186.94,184.78,183.09,182.24,182.53,184.56,189.96,291.49,291.49,291.49,291.49,291.49,291.49,291.49,291.49,291.49,291.49,291.49,291.49,291.49,291.49,291.49,291.49,291.49,291.49,291.49,291.49,291.49
123.91,135.45,143.08,151.28,182.61,161.58,197.21,178.5,170.67,214.11,205.89,197.18,187.66,177.25,174.4,238.77,235.73,232.71,229.69,226.6,223.5,220.44,217.33,214.14,210.98,207.88,204.74,201.52,198.39,195.38,192.4,189.51,186.93,184.71,182.95,182.03,182.24,184.21,189.57,291.49,291.49,291.49,291.49,291.49,291.49,291.49,291.49,291.49,291.49,291.49,291.49,291.49,291.49,291.49,291.49,291.49,291.49,291.49,291.49,291.49
121.45,135.81,142.81,151.48,183.5,160.39,197.86,179.29,168.84,214.56,206.36,197.67,188.18,177.72,173.63,239.05,236.01,233,229.97,226.88,223.78,220.71,217.6,214.4,211.23,208.11,204.96,201.72,198.56,195.52,192.5,189.56,186.93,184.65,182.81,181.82,181.96,183.87,189.19,291.49,291.49,291.49,291.49,291.49,291.49,291.49,291.49,291.49,291.49,291.49,291.49,291.49,291.49,291.49,291.49,291.49,291.49,291.49,291.49,291.49
120.1,136.19,142.65,151.73,184.35,159.47,198.49,180.06,167.48,214.99,206.82,198.16,188.68,178.19,172.92,239.32,236.29,233.27,230.25,227.15,224.05,220.98,217.86,214.65,211.47,208.33,205.17,201.91,198.72,195.65,192.59,189.62,186.93,184.59,182.68,181.61,181.68,183.53,188.81,291.49,291.49,291.49,291.49,291.49,291.49,291.49,291.49,291.49,291.49,291.49,291.49,291.49,291.49,291.49,291.49,291.49,291.49,291.49,291.49,291.49
119.2,136.59,142.58,152,185.17,158.74,199.09,180.8,166.39,215.41,207.27,198.63,189.17,178.66,172.25,239.59,236.55,233.54,230.52,227.42,224.32,221.24,218.12,214.9,211.7,208.56,205.37,202.09,198.88,195.79,192.69,189.67,186.94,184.53,182.55,181.41,181.4,183.19,188.43,291.49,291.49,291.49,291.49,291.49,291.49,291.49,291.49,291.49,291.49,291.49,291.49,291.49,291.49,291.49,291.49,291.49,291.49,291.49,291.49,291.49
118.56,140.7,142.58,157.28,185.95,158.16,199.67,181.53,165.5,215.82,207.71,199.09,189.66,179.12,171.63,239.84,236.82,233.81,230.79,227.69,224.58,221.5,218.37,215.14,211.94,208.78,205.58,202.28,199.05,195.92,192.79,189.73,186.94,184.48,182.43,181.21,181.13,182.85,188.05,291.49,291.49,291.49,291.49,291.49,291.49,291.49,291.49,291.49,291.49,291.49,291.49,291.49,291.49,291.49,291.49,291.49,291.49,291.49,291.49,291.49
118.1,141.35,142.64,157.97,186.71,157.71,200.23,182.24,164.75,216.21,208.13,199.54,190.13,179.57,171.06,240.1,237.07,234.06,231.04,227.94,224.83,221.75,218.61,215.38,212.16,208.99,205.78,202.46,199.2,196.05,192.89,189.79,186.95,184.43,182.31,181.02,180.86,182.52,187.68,291.49,291.49,291.49,291.49,291.49,291.49,291.49,291.49,291.49,291.49,291.49,291.49,291.49,291.49,291.49,291.49,291.49,291.49,291.49,291.49,291.49
117.79,141.99,142.74,158.66,187.44,157.35,200.77,182.93,164.11,216.6,208.55,199.99,190.59,180.02,170.51,240.34,237.32,234.32,231.3,228.19,225.08,221.99,218.85,215.61,212.39,209.21,205.98,202.64,199.36,196.18,192.99,189.84,186.96,184.38,182.2,180.83,180.6,182.19,187.31,291.49,291.49,291.49,291.49,291.49,291.49,291.49,291.49,291.49,291.49,291.49,291.49,291.49,291.49,291.49,291.49,291.49,291.49,291.49,291.49,291.49
117.59,142.62,142.88,159.35,188.15,157.08,201.29,183.6,163.56,216.98,208.95,200.42,191.05,180.46,170,240.58,237.57,234.56,231.54,228.44,225.33,222.23,219.09,215.84,212.61,209.42,206.17,202.82,199.52,196.31,193.09,189.9,186.97,184.34,182.08,180.65,180.34,181.86,186.94,291.49,291.49,291.49,291.49,291.49,291.49,291.49,291.49,291.49,291.49,291.49,291.49,291.49,291.49,291.49,291.49,291.49,291.49,291.49,291.49,291.49
117.49,143.23,143.06,160.04,188.84,156.89,201.8,184.25,163.09,217.35,209.35,200.84,191.49,180.9,169.52,240.82,237.8,234.8,231.78,228.68,225.57,222.47,219.32,216.07,212.83,209.62,206.37,203,199.67,196.44,193.19,189.96,186.99,184.29,181.98,180.46,180.08,181.54,186.58,291.49,291.49,291.49,291.49,291.49,291.49,291.49,291.49,291.49,291.49,291.49,291.49,291.49,291.49,291.49,291.49,291.49,291.49,291.49,291.49,291.49
117.47,143.81,143.26,160.72,189.51,156.76,202.3,184.89,162.69,217.71,209.73,201.25,191.93,181.33,169.07,241.05,238.04,235.04,232.02,228.92,225.8,222.7,219.55,216.29,213.04,209.82,206.56,203.17,199.83,196.57,193.29,190.02,187,184.25,181.87,180.29,179.83,181.22,186.22,291.49,291.49,291.49,291.49,291.49,291.49,291.49,291.49,291.49,291.49,291.49,291.49,291.49,291.49,291.49,291.49,291.49,291.49,291.49,291.49,291.49
117.5,144.39,147.36,161.38,190.17,156.68,202.78,185.5,162.35,218.06,210.1,201.66,192.36,181.75,170.91,241.27,238.26,235.27,232.25,229.15,226.03,222.93,219.77,216.51,213.25,210.02,206.74,203.34,199.98,196.7,193.38,190.09,187.02,184.22,181.77,180.11,179.58,180.91,185.86,291.49,291.49,291.49,291.49,291.49,291.49,291.49,291.49,291.49,291.49,291.49,291.49,291.49,291.49,291.49,291.49,291.49,291.49,291.49,291.49,291.49
117.59,144.97,147.89,162.01,190.81,156.65,203.25,186.09,162.06,218.4,210.47,202.05,192.77,182.17,171.17,241.49,238.48,235.49,232.47,229.37,226.26,223.15,219.99,216.72,213.45,210.22,206.93,203.51,200.13,196.83,193.48,190.15,187.04,184.18,181.67,179.94,179.33,180.59,185.51,291.49,291.49,291.49,291.49,291.49,291.49,291.49,291.49,291.49,291.49,291.49,291.49,291.49,291.49,291.49,291.49,291.49,291.49,291.49,291.49,291.49
117.71,145.54,148.41,162.63,191.43,156.66,203.72,186.67,161.82,218.74,210.82,202.44,193.18,182.57,171.45,241.7,238.7,235.71,232.7,229.59,226.48,223.37,220.2,216.93,213.66,210.41,207.11,203.67,200.28,196.95,193.58,190.21,187.06,184.15,181.58,179.78,179.09,180.29,185.16,291.49,291.49,291.49,291.49,291.49,291.49,291.49,291.49,291.49,291.49,291.49,291.49,291.49,291.49,291.49,291.49,291.49,291.49,291.49,291.49,291.49
117.86,146.08,148.93,163.22,192.05,156.69,204.17,187.22,161.62,219.07,211.17,202.81,193.58,182.98,171.73,241.91,238.91,235.92,232.91,229.81,226.69,223.58,220.42,217.13,213.85,210.6,207.29,203.84,200.42,197.08,193.68,190.27,187.08,184.12,181.48,179.61,178.85,179.98,184.81,291.49,291.49,291.49,291.49,291.49,291.49,291.49,291.49,291.49,291.49,291.49,291.49,291.49,291.49,291.49,291.49,291.49,291.49,291.49,291.49,291.49
118.03,146.62,149.44,163.8,192.64,156.75,204.62,187.77,161.46,219.39,211.5,203.17,193.97,183.37,172.03,184.06,239.12,236.13,233.12,230.02,226.9,223.79,220.62,217.34,214.05,210.79,207.46,204,200.57,197.2,193.78,190.34,187.11,184.1,181.39,179.45,178.62,179.68,184.46,291.49,291.49,291.49,291.49,291.49,291.49,291.49,291.49,291.49,291.49,291.49,291.49,291.49,291.49,291.49,291.49,291.49,291.49,291.49,291.49,291.49
118.2,147.14,149.94,164.37,193.22,156.83,205.05,188.3,161.33,219.71,211.83,203.53,194.35,183.76,172.33,181.97,239.32,236.34,233.33,230.23,227.11,224,220.82,217.53,214.24,210.97,207.64,204.16,200.71,197.32,193.87,190.4,187.13,184.07,181.31,179.3,178.39,179.38,184.12,291.49,291.49,291.49,291.49,291.49,291.49,291.49,291.49,291.49,291.49,291.49,291.49,291.49,291.49,291.49,291.49,291.49,291.49,291.49,291.49,291.49
118.38,147.65,150.43,164.93,193.79,156.93,205.47,188.82,161.24,220.02,212.16,203.87,194.72,184.14,172.63,180.42,239.52,236.54,233.53,230.43,227.31,224.2,221.02,217.73,214.43,211.16,207.81,204.32,200.85,197.45,193.97,190.47,187.16,184.05,181.22,179.14,178.16,179.08,183.78,291.49,291.49,291.49,291.49,291.49,291.49,291.49,291.49,291.49,291.49,291.49,291.49,291.49,291.49,291.49,291.49,291.49,291.49,291.49,291.49,291.49
118.56,148.15,150.9,165.48,194.33,157.05,205.89,189.32,161.17,220.32,212.48,204.2,195.08,184.52,172.94,179.13,239.72,236.74,233.73,230.63,227.51,224.4,221.22,217.92,214.62,211.33,207.98,204.48,200.99,197.57,194.07,190.53,187.18,184.03,181.14,178.99,177.93,178.78,183.44,291.49,291.49,291.49,291.49,291.49,291.49,291.49,291.49,291.49,291.49,291.49,291.49,291.49,291.49,291.49,291.49,291.49,291.49,291.49,291.49,291.49
118.74,148.61,151.35,166.02,194.85,157.19,206.29,189.82,161.12,220.62,212.79,204.53,195.43,184.89,173.25,178.01,239.9,236.93,233.93,230.83,227.71,224.59,221.41,218.11,214.8,211.51,208.14,204.63,201.13,197.69,194.16,190.6,187.21,184.01,181.06,178.85,177.71,178.49,183.1,291.49,291.49,291.49,291.49,291.49,291.49,291.49,291.49,291.49,291.49,291.49,291.49,291.49,291.49,291.49,291.49,291.49,291.49,291.49,291.49,291.49
118.92,149.04,151.79,166.56,195.36,164.57,206.68,190.31,161.09,220.91,213.1,204.85,195.77,185.25,173.57,177,240.09,237.12,234.12,231.02,227.9,224.78,221.6,218.29,214.98,211.68,208.3,204.78,201.27,197.81,194.26,190.67,187.24,183.99,180.99,178.7,177.49,178.2,182.77,291.49,291.49,291.49,291.49,291.49,291.49,291.49,291.49,291.49,291.49,291.49,291.49,291.49,291.49,291.49,291.49,291.49,291.49,291.49,291.49,291.49
119.1,149.46,152.2,167.09,195.84,165.1,207.06,190.78,161.08,221.2,213.4,205.16,196.1,185.61,173.88,176.08,240.27,237.3,234.3,231.21,228.09,224.97,221.78,218.48,215.16,211.85,208.47,204.93,201.41,197.92,194.35,190.73,187.27,183.98,180.92,178.56,177.28,177.92,182.44,291.49,291.49,291.49,291.49,291.49,291.49,291.49,291.49,291.49,291.49,291.49,291.49,291.49,291.49,291.49,291.49,291.49,291.49,291.49,291.49,291.49
123.03,149.83,152.6,167.6,196.29,165.63,207.43,191.25,169.41,221.48,213.7,205.46,196.43,185.96,174.19,175.23,240.45,237.48,234.49,231.39,228.27,225.15,221.97,218.65,215.33,212.02,208.62,205.08,201.54,198.04,194.45,190.8,187.3,183.96,180.84,178.42,177.06,177.63,182.11,291.49,291.49,291.49,291.49,291.49,291.49,291.49,291.49,291.49,291.49,291.49,291.49,291.49,291.49,291.49,291.49,291.49,291.49,291.49,291.49,291.49
123.35,150.2,152.99,168.11,196.72,166.17,207.78,191.71,169.9,221.75,213.99,205.77,196.75,186.31,174.51,174.45,240.62,237.66,234.66,231.57,228.45,225.33,222.14,218.83,215.5,212.18,208.78,205.23,201.67,198.16,194.54,190.87,187.33,183.95,180.78,178.29,176.85,177.35,181.78,291.49,291.49,291.49,291.49,291.49,291.49,291.49,291.49,291.49,291.49,291.49,291.49,291.49,291.49,291.49,291.49,291.49,291.49,291.49,291.49,291.49
299.71,238.68,188.72,174.34,136.21,129.04,93.381,89.542,86.078,82.867,79.755,75.638,46.111,44.959,43.878,42.867,41.924,41.032,40.19,39.394,38.636,37.909,37.215,36.553,35.914,35.295,34.697,34.118,33.553,32.999,32.456,31.921,31.389,30.856,30.316,29.763,29.18,28.534,27.719,0,0,0,0,0,0,0,0,0,0,0,0,0,0,0,0,0,0,0,0,0
294.1,234.61,185.52,172.35,134.07,127.51,91.798,88.14,84.84,81.776,78.82,75.21,45.313,44.217,43.184,42.216,41.313,40.459,39.649,38.884,38.153,37.453,36.783,36.144,35.526,34.927,34.347,33.787,33.239,32.701,32.174,31.654,31.137,30.618,30.093,29.555,28.986,28.357,27.562,0,0,0,0,0,0,0,0,0,0,0,0,0,0,0,0,0,0,0,0,0
317.45,230.6,182.4,170.25,131.96,125.96,90.252,86.769,83.624,80.701,77.884,74.679,44.539,43.495,42.507,41.583,40.719,39.899,39.121,38.385,37.681,37.006,36.361,35.744,35.146,34.566,34.005,33.462,32.931,32.409,31.897,31.392,30.889,30.384,29.874,29.349,28.796,28.182,27.406,0,0,0,0,0,0,0,0,0,0,0,0,0,0,0,0,0,0,0,0,0
313.26,226.68,179.35,168.12,129.92,123.38,88.746,85.432,82.433,79.644,76.962,74.093,43.788,42.792,41.85,40.966,40.14,39.353,38.605,37.897,37.221,36.57,35.947,35.351,34.774,34.212,33.669,33.143,32.628,32.122,31.625,31.134,30.645,30.154,29.658,29.147,28.608,28.01,27.253,0,0,0,0,0,0,0,0,0,0,0,0,0,0,0,0,0,0,0,0,0
308.79,222.84,203.24,165.99,127.93,121.71,87.281,84.13,81.268,78.604,76.052,73.478,43.058,42.11,41.211,40.367,39.575,38.82,38.101,37.422,36.77,36.143,35.542,34.967,34.409,33.865,33.339,32.83,32.331,31.84,31.357,30.881,30.405,29.928,29.445,28.948,28.422,27.84,27.102,0,0,0,0,0,0,0,0,0,0,0,0,0,0,0,0,0,0,0,0,0
304.29,219.12,201.97,163.87,125.97,120.06,113.51,82.862,80.132,77.584,75.153,72.848,42.349,41.448,40.59,39.783,39.025,38.3,37.61,36.957,36.33,35.725,35.145,34.59,34.051,33.525,33.016,32.524,32.04,31.562,31.094,30.632,30.169,29.706,29.236,28.752,28.24,27.672,26.953,0,0,0,0,0,0,0,0,0,0,0,0,0,0,0,0,0,0,0,0,0
299.84,243.7,199.78,160.54,124.05,118.45,112.65,81.629,79.022,76.585,74.266,71.918,68.107,40.806,39.987,39.215,38.489,37.794,37.131,36.503,35.9,35.317,34.757,34.222,33.701,33.192,32.699,32.222,31.753,31.29,30.836,30.387,29.938,29.487,29.03,28.558,28.06,27.507,26.807,0,0,0,0,0,0,0,0,0,0,0,0,0,0,0,0,0,0,0,0,0
293.9,240.92,197.47,158.35,122.19,116.87,111.64,80.427,77.939,75.608,73.391,71.162,67.939,40.183,39.401,38.661,37.966,37.3,36.663,36.061,35.48,34.918,34.378,33.861,33.358,32.866,32.389,31.927,31.473,31.023,30.582,30.146,29.71,29.271,28.827,28.368,27.884,27.345,26.662,0,0,0,0,0,0,0,0,0,0,0,0,0,0,0,0,0,0,0,0,0
289.39,238,195.12,156.18,120.38,115.32,110.58,79.257,76.883,74.652,72.532,70.415,67.59,39.578,38.831,38.123,37.458,36.819,36.208,35.628,35.07,34.528,34.007,33.508,33.022,32.546,32.084,31.637,31.197,30.761,30.333,29.91,29.486,29.06,28.628,28.181,27.709,27.185,26.519,0,0,0,0,0,0,0,0,0,0,0,0,0,0,0,0,0,0,0,0,0
284.99,235.06,192.77,154.08,118.63,113.81,109.5,78.119,75.852,73.717,71.689,69.675,67.165,38.991,38.276,37.6,36.963,36.351,35.763,35.206,34.668,34.146,33.643,33.163,32.693,32.232,31.785,31.353,30.926,30.503,30.088,29.678,29.266,28.851,28.432,27.997,27.538,27.027,26.379,0,0,0,0,0,0,0,0,0,0,0,0,0,0,0,0,0,0,0,0,0
280.74,232.13,190.43,152.01,116.92,112.32,108.41,77.012,74.846,72.804,70.865,68.941,66.706,38.42,37.738,37.091,36.482,35.894,35.33,34.794,34.276,33.773,33.288,32.825,32.371,31.925,31.492,31.074,30.661,30.25,29.848,29.45,29.049,28.646,28.238,27.816,27.368,26.871,26.24,0,0,0,0,0,0,0,0,0,0,0,0,0,0,0,0,0,0,0,0,0
276.58,229.23,188.12,149.99,115.26,110.88,107.32,75.934,73.865,71.912,70.058,68.215,66.225,37.867,37.215,36.596,36.013,35.449,34.906,34.392,33.894,33.408,32.941,32.494,32.056,31.624,31.205,30.801,30.4,30.002,29.611,29.225,28.836,28.445,28.048,27.637,27.202,26.718,26.103,0,0,0,0,0,0,0,0,0,0,0,0,0,0,0,0,0,0,0,0,0
272.54,226.39,184.47,148.03,139.66,109.46,106.24,74.886,72.91,71.041,69.267,67.501,65.733,37.33,36.707,36.114,35.556,35.015,34.494,33.999,33.52,33.052,32.601,32.17,31.747,31.329,30.924,30.532,30.144,29.758,29.379,29.005,28.627,28.247,27.861,27.461,27.038,26.567,25.968,0,0,0,0,0,0,0,0,0,0,0,0,0,0,0,0,0,0,0,0,0
268.61,222.02,182.12,146.12,138.79,108.09,105.17,73.867,71.979,70.189,68.493,66.8,65.029,36.808,36.213,35.646,35.111,34.592,34.091,33.616,33.155,32.703,32.269,31.853,31.444,31.04,30.648,30.269,29.893,29.519,29.151,28.788,28.421,28.051,27.677,27.288,26.876,26.418,25.835,0,0,0,0,0,0,0,0,0,0,0,0,0,0,0,0,0,0,0,0,0
264.78,219.16,179.83,144.25,137.61,106.75,103.08,72.876,71.072,69.357,67.734,66.114,64.433,36.303,35.733,35.19,34.678,34.18,33.698,33.242,32.798,32.363,31.944,31.542,31.147,30.757,30.377,30.011,29.647,29.284,28.927,28.575,28.219,27.86,27.496,27.117,26.717,26.271,25.704,0,0,0,0,0,0,0,0,0,0,0,0,0,0,0,0,0,0,0,0,0
287.81,216.36,177.6,142.43,136.35,105.44,101.93,71.911,70.187,68.546,66.993,65.441,63.842,60.52,35.267,34.747,34.256,33.778,33.315,32.877,32.449,32.03,31.625,31.238,30.857,30.479,30.112,29.757,29.405,29.053,28.707,28.366,28.02,27.671,27.317,26.95,26.56,26.126,25.574,0,0,0,0,0,0,0,0,0,0,0,0,0,0,0,0,0,0,0,0,0
284.74,213.62,175.4,140.66,135.08,104.17,100.82,70.973,69.325,67.753,66.267,64.781,63.255,60.617,34.814,34.315,33.846,33.386,32.942,32.52,32.109,31.705,31.314,30.941,30.572,30.207,29.851,29.509,29.168,28.826,28.491,28.16,27.824,27.485,27.142,26.784,26.405,25.983,25.447,0,0,0,0,0,0,0,0,0,0,0,0,0,0,0,0,0,0,0,0,0
281.58,210.96,173.29,138.93,133.79,102.92,99.724,95.548,68.486,66.98,65.557,64.134,62.674,60.398,34.373,33.896,33.445,33.005,32.577,32.172,31.776,31.386,31.009,30.649,30.294,29.94,29.596,29.265,28.934,28.603,28.279,27.957,27.631,27.302,26.969,26.621,26.253,25.843,25.32,0,0,0,0,0,0,0,0,0,0,0,0,0,0,0,0,0,0,0,0,0
278.42,208.36,171.24,137.25,132.52,101.7,98.654,95.021,67.669,66.226,64.863,63.499,62.099,60.101,33.944,33.487,33.056,32.633,32.222,31.832,31.451,31.075,30.711,30.364,30.021,29.679,29.346,29.026,28.706,28.385,28.07,27.759,27.442,27.122,26.799,26.461,26.103,25.704,25.196,0,0,0,0,0,0,0,0,0,0,0,0,0,0,0,0,0,0,0,0,0
275.29,205.82,169.21,135.61,131.26,100.51,97.606,94.373,66.873,65.49,64.184,62.876,61.534,59.771,33.527,33.089,32.676,32.27,31.875,31.5,31.133,30.77,30.42,30.085,29.753,29.423,29.101,28.791,28.481,28.17,27.865,27.563,27.256,26.945,26.631,26.303,25.955,25.567,25.073,0,0,0,0,0,0,0,0,0,0,0,0,0,0,0,0,0,0,0,0,0
272.21,203.35,167.24,134.02,130.01,99.356,96.579,93.682,66.097,64.771,63.52,62.266,60.98,59.42,33.122,32.702,32.306,31.916,31.536,31.176,30.822,30.473,30.134,29.812,29.491,29.172,28.86,28.561,28.261,27.959,27.663,27.37,27.072,26.771,26.466,26.147,25.809,25.433,24.953,0,0,0,0,0,0,0,0,0,0,0,0,0,0,0,0,0,0,0,0,0
269.19,200.94,165.32,132.46,128.78,98.227,95.576,92.969,65.341,64.07,62.87,61.667,60.436,59.057,32.728,32.325,31.946,31.571,31.205,30.859,30.519,30.182,29.855,29.544,29.235,28.925,28.624,28.335,28.044,27.752,27.465,27.181,26.892,26.599,26.304,25.994,25.666,25.3,24.833,0,0,0,0,0,0,0,0,0,0,0,0,0,0,0,0,0,0,0,0,0
266.23,198.6,163.45,130.95,127.57,97.127,94.597,92.249,64.603,63.385,62.236,61.081,59.901,58.687,32.344,31.958,31.594,31.234,30.882,30.549,30.222,29.897,29.582,29.282,28.983,28.684,28.393,28.113,27.832,27.548,27.27,26.995,26.715,26.431,26.144,25.843,25.524,25.169,24.715,0,0,0,0,0,0,0,0,0,0,0,0,0,0,0,0,0,0,0,0,0
263.33,196.32,161.63,129.47,126.39,96.054,93.639,91.527,63.884,62.716,61.615,60.507,59.377,58.314,31.971,31.601,31.251,30.905,30.567,30.247,29.932,29.618,29.315,29.025,28.737,28.448,28.166,27.895,27.623,27.348,27.079,26.813,26.54,26.265,25.987,25.695,25.385,25.04,24.599,0,0,0,0,0,0,0,0,0,0,0,0,0,0,0,0,0,0,0,0,0
258.89,194.09,159.86,128.04,125.22,95.008,92.702,90.807,63.184,62.064,61.008,59.944,58.861,57.939,31.607,31.252,30.917,30.584,30.259,29.951,29.648,29.346,29.053,28.774,28.496,28.215,27.943,27.681,27.418,27.151,26.89,26.633,26.369,26.101,25.832,25.548,25.247,24.912,24.484,0,0,0,0,0,0,0,0,0,0,0,0,0,0,0,0,0,0,0,0,0
256,191.92,158.12,151.45,122.77,93.989,91.785,90.093,62.5,61.426,60.415,59.393,58.355,57.565,31.253,30.912,30.591,30.272,29.959,29.663,29.371,29.079,28.797,28.528,28.259,27.988,27.724,27.471,27.216,26.958,26.705,26.456,26.2,25.94,25.679,25.404,25.112,24.787,24.371,0,0,0,0,0,0,0,0,0,0,0,0,0,0,0,0,0,0,0,0,0
253.2,189.81,156.43,150.39,121.58,92.995,90.887,89.385,61.834,60.804,59.834,58.853,57.858,56.797,30.908,30.581,30.273,29.966,29.666,29.381,29.099,28.818,28.546,28.286,28.027,27.765,27.509,27.265,27.019,26.768,26.524,26.282,26.034,25.782,25.529,25.262,24.979,24.663,24.259,0,0,0,0,0,0,0,0,0,0,0,0,0,0,0,0,0,0,0,0,0
250.45,212.58,154.78,149.24,120.41,92.025,90.007,88.686,61.183,60.196,59.267,58.324,57.369,56.358,30.572,30.259,29.963,29.668,29.379,29.105,28.834,28.563,28.3,28.05,27.799,27.546,27.299,27.063,26.824,26.582,26.345,26.111,25.87,25.626,25.381,25.122,24.847,24.541,24.149,0,0,0,0,0,0,0,0,0,0,0,0,0,0,0,0,0,0,0,0,0
247.77,210.88,153.16,148.06,119.26,91.079,89.146,87.996,60.549,59.602,58.711,57.806,56.889,55.924,30.245,29.944,29.661,29.377,29.099,28.835,28.575,28.313,28.059,27.818,27.576,27.331,27.092,26.864,26.634,26.398,26.169,25.943,25.71,25.473,25.235,24.984,24.717,24.42,24.041,0,0,0,0,0,0,0,0,0,0,0,0,0,0,0,0,0,0,0,0,0
245.16,209.11,151.58,146.87,118.13,90.157,88.304,86.379,59.93,59.022,58.168,57.298,56.418,55.496,53.443,29.637,29.366,29.093,28.825,28.572,28.32,28.068,27.823,27.59,27.357,27.12,26.889,26.669,26.446,26.218,25.996,25.777,25.551,25.322,25.092,24.848,24.589,24.301,23.933,0,0,0,0,0,0,0,0,0,0,0,0,0,0,0,0,0,0,0,0,0
242.61,207.34,150.05,145.69,117.03,89.257,87.479,85.647,59.325,58.455,57.636,56.801,55.956,55.074,53.35,29.338,29.078,28.815,28.557,28.314,28.072,27.828,27.591,27.368,27.142,26.913,26.69,26.478,26.262,26.041,25.826,25.615,25.396,25.173,24.95,24.714,24.463,24.184,23.827,0,0,0,0,0,0,0,0,0,0,0,0,0,0,0,0,0,0,0,0,0
240.12,205.56,172.64,144.52,115.95,88.38,86.672,84.928,58.735,57.901,57.116,56.314,55.503,54.658,53.163,29.047,28.796,28.544,28.296,28.061,27.828,27.593,27.365,27.149,26.932,26.71,26.494,26.289,26.081,25.867,25.659,25.455,25.242,25.027,24.811,24.581,24.339,24.068,23.722,0,0,0,0,0,0,0,0,0,0,0,0,0,0,0,0,0,0,0,0,0
237.7,203.81,171.5,143.36,114.9,87.524,85.881,84.221,58.16,57.359,56.607,55.837,55.058,54.248,52.941,28.762,28.521,28.279,28.04,27.814,27.59,27.363,27.143,26.935,26.725,26.511,26.302,26.105,25.903,25.696,25.495,25.297,25.091,24.882,24.674,24.451,24.216,23.954,23.619,0,0,0,0,0,0,0,0,0,0,0,0,0,0,0,0,0,0,0,0,0
235.33,202.07,170.26,142.22,113.87,86.688,85.108,83.526,57.598,56.83,56.109,55.369,54.621,53.846,52.7,28.483,28.253,28.02,27.789,27.572,27.356,27.138,26.925,26.725,26.523,26.316,26.114,25.923,25.728,25.528,25.333,25.142,24.943,24.74,24.538,24.323,24.095,23.841,23.517,0,0,0,0,0,0,0,0,0,0,0,0,0,0,0,0,0,0,0,0,0
233.02,200.37,168.99,141.09,112.87,85.872,84.351,82.842,57.049,56.311,55.621,54.911,54.192,53.449,52.448,28.212,27.99,27.766,27.544,27.336,27.128,26.917,26.712,26.519,26.324,26.124,25.929,25.745,25.556,25.363,25.174,24.989,24.797,24.601,24.405,24.196,23.976,23.73,23.416,0,0,0,0,0,0,0,0,0,0,0,0,0,0,0,0,0,0,0,0,0
230.76,198.69,167.71,139.98,111.88,108.64,83.61,82.169,56.514,55.805,55.144,54.461,53.77,53.059,52.189,27.946,27.734,27.518,27.305,27.104,26.904,26.701,26.503,26.317,26.129,25.935,25.747,25.57,25.388,25.2,25.018,24.839,24.653,24.463,24.274,24.072,23.858,23.62,23.317,0,0,0,0,0,0,0,0,0,0,0,0,0,0,0,0,0,0,0,0,0
228.55,197.04,166.44,138.88,110.91,108.06,82.884,81.509,79.115,55.31,54.676,54.02,53.356,52.675,51.925,27.687,27.483,27.276,27.07,26.878,26.685,26.489,26.298,26.119,25.938,25.751,25.569,25.398,25.222,25.04,24.864,24.691,24.511,24.327,24.145,23.949,23.742,23.512,23.219,0,0,0,0,0,0,0,0,0,0,0,0,0,0,0,0,0,0,0,0,0
249.82,195.41,165.18,137.81,109.96,107.41,82.174,80.86,78.853,54.825,54.218,53.588,52.95,52.297,51.66,27.433,27.238,27.038,26.841,26.656,26.47,26.281,26.097,25.925,25.75,25.569,25.393,25.228,25.058,24.883,24.713,24.546,24.371,24.193,24.017,23.828,23.628,23.405,23.122,0,0,0,0,0,0,0,0,0,0,0,0,0,0,0,0,0,0,0,0,0
248.07,193.82,163.93,136.75,109.03,106.74,81.479,80.224,78.479,54.351,53.769,53.164,52.551,51.926,51.392,27.186,26.999,26.807,26.616,26.438,26.26,26.077,25.9,25.735,25.566,25.391,25.221,25.062,24.898,24.728,24.564,24.403,24.234,24.061,23.891,23.708,23.515,23.3,23.026,0,0,0,0,0,0,0,0,0,0,0,0,0,0,0,0,0,0,0,0,0
246.2,192.26,162.7,135.72,108.12,106.06,80.799,79.599,78.069,53.888,53.33,52.748,52.16,51.561,51.125,26.944,26.764,26.58,26.396,26.226,26.054,25.878,25.707,25.548,25.385,25.216,25.052,24.899,24.74,24.576,24.417,24.262,24.098,23.932,23.767,23.59,23.403,23.196,22.931,0,0,0,0,0,0,0,0,0,0,0,0,0,0,0,0,0,0,0,0,0
244.3,190.72,161.49,134.7,107.23,105.38,80.134,78.987,77.643,53.434,52.899,52.341,51.775,51.203,50.859,26.708,26.535,26.358,26.181,26.017,25.852,25.682,25.517,25.364,25.207,25.044,24.886,24.738,24.585,24.426,24.273,24.123,23.965,23.804,23.645,23.474,23.293,23.093,22.838,0,0,0,0,0,0,0,0,0,0,0,0,0,0,0,0,0,0,0,0,0
242.42,187.81,160.29,132.42,106.36,104.69,79.484,78.386,77.208,52.991,52.477,51.941,51.398,50.85,50.594,26.477,26.311,26.141,25.971,25.813,25.654,25.49,25.331,25.184,25.033,24.875,24.722,24.58,24.432,24.279,24.131,23.986,23.833,23.678,23.525,23.359,23.185,22.992,22.746,0,0,0,0,0,0,0,0,0,0,0,0,0,0,0,0,0,0,0,0,0
240.55,186.28,159.12,131.39,105.51,104.02,78.848,77.796,76.769,52.556,52.064,51.548,51.027,50.503,50.33,26.251,26.092,25.928,25.765,25.613,25.46,25.302,25.149,25.007,24.861,24.709,24.562,24.425,24.282,24.134,23.991,23.851,23.704,23.554,23.406,23.246,23.078,22.892,22.654,0,0,0,0,0,0,0,0,0,0,0,0,0,0,0,0,0,0,0,0,0
238.69,184.77,157.96,130.38,104.68,103.34,78.226,77.216,76.33,52.131,51.658,51.163,50.663,50.162,50.068,26.03,25.878,25.72,25.562,25.417,25.27,25.117,24.97,24.834,24.693,24.546,24.404,24.272,24.135,23.991,23.853,23.719,23.576,23.431,23.289,23.135,22.973,22.793,22.564,0,0,0,0,0,0,0,0,0,0,0,0,0,0,0,0,0,0,0,0,0
236.87,183.3,156.82,129.39,103.86,102.68,77.616,76.648,75.892,51.715,51.261,50.785,50.305,49.827,49.809,25.813,25.668,25.516,25.364,25.224,25.083,24.936,24.794,24.663,24.528,24.386,24.248,24.122,23.989,23.851,23.717,23.588,23.451,23.311,23.174,23.025,22.868,22.695,22.476,0,0,0,0,0,0,0,0,0,0,0,0,0,0,0,0,0,0,0,0,0
235.06,181.85,155.7,128.41,103.06,102.02,77.019,76.09,75.455,51.307,50.872,50.414,49.954,49.498,49.551,25.602,25.462,25.316,25.17,25.036,24.9,24.758,24.622,24.496,24.365,24.228,24.096,23.974,23.846,23.712,23.584,23.46,23.327,23.192,23.06,22.916,22.765,22.599,22.388,0,0,0,0,0,0,0,0,0,0,0,0,0,0,0,0,0,0,0,0,0
233.29,180.44,154.6,127.45,102.27,101.37,76.432,75.542,75.021,50.908,50.491,50.05,49.609,49.174,49.297,25.395,25.261,25.12,24.98,24.851,24.72,24.584,24.452,24.331,24.206,24.073,23.946,23.828,23.706,23.576,23.453,23.333,23.205,23.074,22.948,22.809,22.664,22.504,22.301,0,0,0,0,0,0,0,0,0,0,0,0,0,0,0,0,0,0,0,0,0
231.54,179.05,152.19,126.51,101.5,100.72,75.857,75.005,74.591,50.516,50.117,49.693,49.27,48.855,48.383,25.192,25.063,24.928,24.794,24.67,24.544,24.413,24.286,24.169,24.049,23.921,23.798,23.685,23.567,23.442,23.323,23.208,23.084,22.959,22.837,22.703,22.564,22.41,22.215,0,0,0,0,0,0,0,0,0,0,0,0,0,0,0,0,0,0,0,0,0
229.83,177.68,151.08,125.59,100.74,100.09,75.292,74.478,74.165,50.132,49.752,49.342,48.936,48.542,48.091,24.993,24.87,24.741,24.611,24.492,24.371,24.244,24.122,24.011,23.895,23.771,23.653,23.545,23.431,23.31,23.195,23.085,22.966,22.845,22.728,22.599,22.465,22.317,22.131,0,0,0,0,0,0,0,0,0,0,0,0,0,0,0,0,0,0,0,0,0
228.14,176.34,149.98,124.69,99.991,99.468,74.737,73.961,73.743,49.756,49.393,48.998,48.609,48.234,47.804,24.799,24.681,24.556,24.431,24.317,24.201,24.079,23.962,23.855,23.743,23.624,23.51,23.406,23.297,23.18,23.07,22.964,22.849,22.732,22.62,22.496,22.367,22.226,22.047,0,0,0,0,0,0,0,0,0,0,0,0,0,0,0,0,0,0,0,0,0
226.49,175.02,148.9,123.81,99.258,98.855,74.193,73.454,73.326,49.386,49.041,48.661,48.287,47.931,47.52,24.608,24.495,24.375,24.255,24.146,24.035,23.917,23.804,23.701,23.594,23.48,23.369,23.27,23.165,23.052,22.946,22.844,22.734,22.622,22.514,22.395,22.271,22.135,21.964,0,0,0,0,0,0,0,0,0,0,0,0,0,0,0,0,0,0,0,0,0
224.86,173.72,147.84,122.94,98.538,98.252,73.659,72.955,72.913,49.024,48.696,48.33,47.971,47.632,47.241,46.167,24.313,24.198,24.083,23.978,23.871,23.758,23.649,23.551,23.448,23.337,23.231,23.136,23.035,22.926,22.824,22.727,22.62,22.512,22.409,22.295,22.176,22.046,21.882,0,0,0,0,0,0,0,0,0,0,0,0,0,0,0,0,0,0,0,0,0
223.27,172.45,146.81,122.09,97.832,97.657,73.134,72.465,72.506,48.668,48.357,48.006,47.661,47.339,46.965,46.074,24.135,24.024,23.913,23.813,23.71,23.602,23.497,23.403,23.303,23.197,23.095,23.004,22.907,22.802,22.704,22.611,22.509,22.405,22.306,22.196,22.082,21.958,21.802,0,0,0,0,0,0,0,0,0,0,0,0,0,0,0,0,0,0,0,0,0
221.71,171.19,145.79,121.25,97.138,97.072,72.618,71.984,72.104,48.319,48.024,47.688,47.357,47.05,46.694,45.941,23.96,23.854,23.747,23.651,23.552,23.448,23.347,23.257,23.162,23.059,22.961,22.874,22.78,22.68,22.586,22.496,22.398,22.298,22.204,22.099,21.99,21.871,21.722,0,0,0,0,0,0,0,0,0,0,0,0,0,0,0,0,0,0,0,0,0
220.18,169.96,144.79,120.42,96.457,96.495,72.112,71.51,71.707,47.976,47.697,47.375,47.058,46.766,46.427,45.79,23.788,23.687,23.584,23.492,23.398,23.297,23.2,23.114,23.023,22.924,22.83,22.746,22.656,22.56,22.469,22.384,22.289,22.193,22.103,22.002,21.898,21.785,21.643,0,0,0,0,0,0,0,0,0,0,0,0,0,0,0,0,0,0,0,0,0
218.68,168.76,143.81,119.61,95.79,95.926,71.616,71.044,71.316,47.639,47.375,47.069,46.764,46.487,46.163,45.63,23.62,23.522,23.424,23.336,23.245,23.148,23.056,22.973,22.886,22.791,22.7,22.62,22.534,22.441,22.355,22.272,22.182,22.09,22.004,21.907,21.808,21.7,21.565,0,0,0,0,0,0,0,0,0,0,0,0,0,0,0,0,0,0,0,0,0
217.2,167.58,142.84,118.81,95.136,94.206,71.129,70.586,70.93,47.309,47.059,46.768,46.476,46.212,45.904,45.464,23.455,23.361,23.267,23.183,23.096,23.003,22.913,22.835,22.751,22.66,22.572,22.496,22.414,22.324,22.241,22.163,22.076,21.988,21.906,21.813,21.718,21.616,21.488,0,0,0,0,0,0,0,0,0,0,0,0,0,0,0,0,0,0,0,0,0
215.74,166.42,141.9,118.03,94.496,93.617,70.651,70.135,70.549,46.984,46.748,46.471,46.193,45.941,45.648,45.294,23.293,23.203,23.112,23.032,22.949,22.859,22.774,22.699,22.618,22.53,22.447,22.374,22.295,22.209,22.13,22.055,21.972,21.887,21.809,21.721,21.63,21.533,21.411,0,0,0,0,0,0,0,0,0,0,0,0,0,0,0,0,0,0,0,0,0
212.9,165.29,140.97,117.25,93.87,93.037,70.184,69.692,69.153,46.666,46.443,46.18,45.914,45.674,45.396,45.122,23.134,23.048,22.961,22.884,22.804,22.718,22.636,22.565,22.488,22.403,22.323,22.254,22.178,22.096,22.02,21.948,21.869,21.788,21.714,21.629,21.543,21.451,21.336,0,0,0,0,0,0,0,0,0,0,0,0,0,0,0,0,0,0,0,0,0
211.45,164.18,140.06,116.49,93.257,92.464,69.725,69.255,68.748,46.354,46.142,45.894,45.64,45.411,45.148,44.947,22.978,22.895,22.812,22.739,22.662,22.58,22.501,22.433,22.359,22.278,22.201,22.135,22.063,21.984,21.911,21.843,21.767,21.69,21.619,21.539,21.457,21.369,21.262,0,0,0,0,0,0,0,0,0,0,0,0,0,0,0,0,0,0,0,0,0
