-10,-9.322,-8.6441,-7.9661,-7.2881,-6.6102,-5.9322,-5.2542,-4.5763,-3.8983,-3.2203,-2.5424,-1.8644,-1.1864,-0.50847,0.16949,0.84746,1.5254,2.2034,2.8814,3.5593,4.2373,4.9153,5.5932,6.2712,6.9492,7.6271,8.3051,8.9831,9.661,10.339,11.017,11.695,12.373,13.051,13.729,14.407,15.085,15.763,16.441,17.119,17.797,18.475,19.153,19.831,20.508,21.186,21.864,22.542,23.22,23.898,24.576,25.254,25.932,26.61,27.288,27.966,28.644,29.322,30
0,0.00042373,0.00084746,0.0012712,0.0016949,0.0021186,0.0025424,0.0029661,0.0033898,0.0038136,0.0042373,0.004661,0.0050847,0.0055085,0.0059322,0.0063559,0.0067797,0.0072034,0.0076271,0.0080508,0.0084746,0.0088983,0.009322,0.0097458,0.010169,0.010593,0.011017,0.011441,0.011864,0.012288,0.012712,0.013136,0.013559,0.013983,0.014407,0.014831,0.015254,0.015678,0.016102,0.016525,0.016949,0.017373,0.017797,0.01822,0.018644,0.019068,0.019492,0.019915,0.020339,0.020763,0.021186,0.02161,0.022034,0.022458,0.022881,0.023305,0.023729,0.024153,0.024576,0.025
274.53,274.38,274.22,274.07,273.91,273.75,273.6,273.44,273.29,273.13,272.98,272.82,272.66,272.51,272.36,272.21,272.04,271.89,271.74,271.59,271.43,271.28,271.12,270.97,270.82,270.66,270.5,270.35,270.2,270.04,269.89,269.74,269.58,269.43,269.27,269.12,268.97,268.82,268.66,268.51,268.36,268.2,268.05,267.9,267.75,267.59,267.44,267.29,267.14,266.94,266.77,266.61,266.45,266.3,266.14,265.98,265.83,265.67,265.52,265.37
274.54,274.39,274.22,274.07,273.91,273.75,273.6,273.44,273.28,273.13,272.97,272.81,272.66,272.51,272.35,272.2,272.04,271.88,271.73,271.57,271.42,271.26,271.11,270.96,270.8,270.65,270.49,270.34,270.19,270.03,269.87,269.72,269.57,269.41,269.26,269.11,268.96,268.8,268.65,268.49,268.34,268.19,268.03,267.88,267.73,267.58,267.42,267.27,267.12,266.91,266.75,266.59,266.43,266.27,266.12,265.96,265.8,265.65,265.49,265.34
274.53,274.38,274.23,274.06,273.91,273.76,273.59,273.44,273.28,273.12,272.97,272.81,272.66,272.5,272.34,272.19,272.03,271.88,271.72,271.57,271.41,271.26,271.1,270.95,270.79,270.64,270.48,270.33,270.17,270.02,269.86,269.71,269.56,269.4,269.25,269.09,268.94,268.78,268.63,268.48,268.32,268.17,268.02,267.86,267.71,267.56,267.4,267.25,267.1,266.89,266.73,266.57,266.41,266.25,266.09,265.94,265.78,265.63,265.47,265.32
274.54,274.38,274.23,274.06,273.91,273.75,273.59,273.44,273.28,273.12,272.96,272.81,272.65,272.49,272.34,272.18,272.03,271.87,271.71,271.56,271.41,271.25,271.09,270.94,270.78,270.63,270.47,270.32,270.16,270.01,269.85,269.7,269.54,269.39,269.24,269.08,268.93,268.77,268.62,268.46,268.31,268.16,268,267.85,267.69,267.54,267.39,267.23,267.08,266.93,266.71,266.55,266.39,266.23,266.07,265.92,265.76,265.6,265.45,265.29
274.54,274.38,274.22,274.06,273.91,273.75,273.59,273.44,273.27,273.12,272.96,272.81,272.65,272.49,272.33,272.18,272.02,271.87,271.71,271.55,271.4,271.24,271.09,270.93,270.78,270.62,270.46,270.31,270.15,270,269.84,269.69,269.53,269.38,269.22,269.07,268.91,268.76,268.61,268.45,268.3,268.14,267.99,267.83,267.68,267.52,267.37,267.22,267.06,266.86,266.69,266.53,266.37,266.22,266.05,265.9,265.74,265.58,265.43,265.27
274.54,274.37,274.22,274.06,273.91,273.75,273.59,273.43,273.27,273.11,272.96,272.8,272.65,272.49,272.33,272.18,272.02,271.86,271.7,271.55,271.39,271.23,271.08,270.92,270.77,270.61,270.45,270.3,270.14,269.99,269.83,269.68,269.52,269.37,269.21,269.06,268.9,268.75,268.59,268.44,268.28,268.13,267.97,267.82,267.67,267.51,267.36,267.2,267.01,266.84,266.68,266.52,266.35,266.19,266.04,265.88,265.72,265.56,265.41,265.25
274.54,274.38,274.22,274.06,273.9,273.75,273.58,273.43,273.27,273.11,272.96,272.79,272.64,272.49,272.33,272.17,272.01,271.85,271.7,271.54,271.38,271.23,271.07,270.91,270.76,270.6,270.45,270.29,270.14,269.98,269.83,269.67,269.51,269.36,269.2,269.04,268.89,268.74,268.58,268.43,268.27,268.12,267.96,267.8,267.65,267.5,267.34,267.19,267.03,266.83,266.66,266.5,266.34,266.18,266.02,265.86,265.7,265.55,265.39,265.23
274.53,274.38,274.22,274.06,273.9,273.74,273.59,273.43,273.27,273.11,272.96,272.79,272.64,272.48,272.32,272.17,272.01,271.85,271.69,271.54,271.38,271.23,271.06,270.91,270.75,270.6,270.44,270.28,270.13,269.97,269.81,269.66,269.51,269.35,269.19,269.03,268.88,268.72,268.57,268.41,268.26,268.1,267.95,267.79,267.64,267.48,267.33,267.17,267.02,266.81,266.65,266.48,266.32,266.16,266.01,265.84,265.69,265.53,265.37,265.22
274.54,274.38,274.22,274.07,273.9,273.74,273.58,273.42,273.26,273.11,272.95,272.79,272.64,272.47,272.32,272.16,272,271.85,271.69,271.53,271.37,271.21,271.06,270.9,270.75,270.59,270.44,270.28,270.12,269.96,269.81,269.65,269.49,269.34,269.18,269.03,268.87,268.72,268.56,268.4,268.25,268.09,267.94,267.78,267.63,267.47,267.31,267.16,267,266.8,266.63,266.47,266.31,266.15,265.99,265.83,265.67,265.52,265.36,265.2
274.53,274.38,274.22,274.06,273.9,273.74,273.58,273.42,273.27,273.11,272.95,272.79,272.63,272.47,272.31,272.16,272,271.84,271.68,271.53,271.37,271.21,271.05,270.9,270.74,270.58,270.43,270.27,270.12,269.96,269.8,269.64,269.49,269.33,269.17,269.02,268.86,268.7,268.55,268.39,268.24,268.08,267.93,267.77,267.62,267.46,267.3,267.15,266.96,266.78,266.62,266.46,266.3,266.14,265.98,265.82,265.66,265.5,265.34,265.18
274.53,274.38,274.22,274.06,273.9,273.74,273.58,273.43,273.26,273.11,272.94,272.78,272.63,272.47,272.32,272.15,271.99,271.84,271.68,271.52,271.37,271.21,271.05,270.89,270.73,270.58,270.42,270.26,270.11,269.95,269.79,269.63,269.48,269.32,269.17,269.01,268.86,268.7,268.54,268.38,268.23,268.07,267.92,267.76,267.61,267.45,267.29,267.14,266.98,266.77,266.61,266.44,266.28,266.12,265.96,265.8,265.65,265.49,265.33,265.17
274.54,274.38,274.22,274.06,273.9,273.74,273.58,273.42,273.26,273.1,272.94,272.78,272.62,272.47,272.31,272.15,271.99,271.83,271.68,271.52,271.36,271.2,271.05,270.89,270.73,270.57,270.41,270.26,270.1,269.94,269.79,269.63,269.47,269.32,269.16,269,268.84,268.69,268.53,268.38,268.22,268.07,267.91,267.75,267.59,267.44,267.28,267.13,266.97,266.76,266.59,266.43,266.27,266.11,265.95,265.79,265.63,265.47,265.32,265.16
274.54,274.38,274.22,274.05,273.9,273.73,273.58,273.42,273.25,273.1,272.94,272.78,272.62,272.46,272.3,272.14,271.99,271.83,271.67,271.51,271.36,271.2,271.04,270.88,270.73,270.57,270.41,270.25,270.1,269.94,269.78,269.62,269.47,269.31,269.15,269,268.84,268.68,268.52,268.37,268.21,268.05,267.9,267.74,267.59,267.43,267.27,267.12,266.92,266.75,266.58,266.42,266.26,266.1,265.94,265.78,265.62,265.46,265.3,265.14
274.54,274.38,274.21,274.06,273.9,273.74,273.58,273.42,273.25,273.1,272.94,272.78,272.62,272.46,272.31,272.14,271.98,271.82,271.67,271.51,271.35,271.19,271.03,270.88,270.72,270.56,270.41,270.25,270.09,269.93,269.77,269.62,269.46,269.3,269.14,268.99,268.83,268.67,268.52,268.36,268.2,268.05,267.89,267.73,267.58,267.42,267.26,267.11,266.95,266.74,266.58,266.41,266.25,266.09,265.93,265.77,265.61,265.45,265.29,265.13
274.53,274.38,274.22,274.05,273.89,273.73,273.57,273.42,273.26,273.1,272.93,272.78,272.62,272.46,272.3,272.14,271.98,271.82,271.66,271.51,271.35,271.19,271.03,270.87,270.71,270.55,270.4,270.24,270.08,269.92,269.77,269.61,269.45,269.29,269.14,268.98,268.82,268.67,268.51,268.35,268.2,268.04,267.88,267.72,267.57,267.41,267.26,267.1,266.91,266.73,266.57,266.4,266.24,266.08,265.92,265.76,265.6,265.44,265.28,265.12
274.53,274.38,274.21,274.05,273.89,273.73,273.57,273.42,273.26,273.09,272.93,272.77,272.62,272.46,272.3,272.14,271.98,271.82,271.66,271.5,271.34,271.19,271.03,270.87,270.71,270.55,270.4,270.24,270.08,269.92,269.76,269.61,269.44,269.29,269.13,268.97,268.82,268.66,268.5,268.35,268.19,268.03,267.87,267.72,267.56,267.4,267.25,267.09,266.89,266.72,266.56,266.39,266.23,266.07,265.91,265.75,265.59,265.43,265.27,265.11
274.54,274.38,274.21,274.06,273.89,273.73,273.58,273.41,273.25,273.1,272.93,272.77,272.62,272.45,272.3,272.13,271.97,271.82,271.66,271.5,271.34,271.18,271.02,270.87,270.71,270.55,270.39,270.23,270.07,269.91,269.76,269.6,269.44,269.28,269.13,268.97,268.81,268.65,268.49,268.34,268.18,268.02,267.87,267.71,267.55,267.4,267.24,267.08,266.92,266.71,266.55,266.38,266.22,266.06,265.9,265.74,265.58,265.42,265.26,265.1
274.54,274.37,274.22,274.06,273.89,273.73,273.57,273.41,273.25,273.09,272.93,272.77,272.61,272.45,272.29,272.14,271.98,271.81,271.65,271.5,271.34,271.18,271.02,270.86,270.7,270.54,270.38,270.23,270.07,269.91,269.75,269.6,269.44,269.27,269.12,268.96,268.81,268.65,268.49,268.33,268.17,268.02,267.86,267.7,267.54,267.39,267.23,267.07,266.87,266.7,266.54,266.37,266.21,266.05,265.89,265.73,265.57,265.41,265.25,265.09
274.54,274.37,274.21,274.05,273.89,273.74,273.57,273.41,273.25,273.09,272.93,272.77,272.61,272.45,272.29,272.13,271.97,271.81,271.65,271.5,271.34,271.18,271.02,270.86,270.7,270.54,270.38,270.22,270.07,269.9,269.75,269.59,269.43,269.27,269.11,268.96,268.8,268.64,268.49,268.33,268.17,268.01,267.86,267.69,267.54,267.38,267.22,267.07,266.91,266.7,266.53,266.37,266.2,266.04,265.88,265.72,265.56,265.4,265.24,265.08
274.54,274.38,274.21,274.05,273.89,273.73,273.57,273.41,273.25,273.09,272.93,272.76,272.61,272.44,272.29,272.13,271.97,271.81,271.65,271.49,271.33,271.17,271.01,270.85,270.69,270.53,270.38,270.21,270.06,269.9,269.74,269.58,269.42,269.27,269.11,268.95,268.79,268.63,268.48,268.32,268.16,268.01,267.85,267.69,267.53,267.37,267.22,267.06,266.86,266.69,266.52,266.36,266.19,266.03,265.87,265.71,265.55,265.39,265.23,265.07
274.54,274.38,274.21,274.05,273.89,273.73,273.57,273.41,273.24,273.08,272.93,272.77,272.61,272.45,272.29,272.13,271.97,271.81,271.65,271.49,271.33,271.17,271.01,270.85,270.69,270.53,270.37,270.21,270.06,269.9,269.74,269.58,269.42,269.26,269.1,268.95,268.79,268.63,268.47,268.31,268.15,267.99,267.84,267.68,267.52,267.37,267.21,267.05,266.85,266.68,266.51,266.35,266.19,266.03,265.86,265.7,265.54,265.38,265.22,265.06
274.54,274.37,274.21,274.05,273.9,273.73,273.57,273.41,273.24,273.09,272.93,272.77,272.61,272.45,272.28,272.12,271.96,271.8,271.64,271.48,271.32,271.17,271.01,270.85,270.69,270.53,270.37,270.21,270.05,269.89,269.73,269.57,269.42,269.26,269.1,268.94,268.78,268.62,268.46,268.31,268.15,267.99,267.83,267.68,267.52,267.36,267.2,267.04,266.84,266.68,266.51,266.34,266.18,266.02,265.85,265.69,265.53,265.37,265.21,265.05
274.54,274.37,274.21,274.05,273.89,273.73,273.57,273.4,273.24,273.09,272.92,272.77,272.6,272.44,272.28,272.12,271.96,271.8,271.64,271.48,271.32,271.17,271,270.84,270.68,270.53,270.37,270.21,270.05,269.89,269.73,269.57,269.41,269.25,269.1,268.93,268.78,268.62,268.46,268.3,268.14,267.98,267.83,267.67,267.51,267.35,267.19,267.04,266.83,266.66,266.5,266.33,266.17,266.01,265.85,265.69,265.53,265.36,265.21,265.05
274.53,274.38,274.21,274.05,273.89,273.73,273.56,273.4,273.24,273.08,272.93,272.77,272.6,272.43,272.28,272.12,271.96,271.8,271.64,271.48,271.32,271.16,271,270.84,270.68,270.52,270.36,270.2,270.04,269.88,269.72,269.56,269.41,269.25,269.09,268.93,268.77,268.62,268.45,268.3,268.14,267.98,267.82,267.66,267.5,267.35,267.19,267.03,266.83,266.66,266.49,266.33,266.16,266,265.84,265.68,265.52,265.36,265.2,265.04
274.54,274.37,274.21,274.05,273.89,273.73,273.56,273.4,273.24,273.08,272.92,272.76,272.6,272.44,272.28,272.12,271.95,271.8,271.63,271.47,271.32,271.16,271,270.83,270.68,270.52,270.36,270.2,270.04,269.88,269.72,269.56,269.4,269.24,269.09,268.93,268.77,268.61,268.45,268.29,268.13,267.97,267.81,267.66,267.5,267.34,267.18,267.02,266.87,266.65,266.48,266.32,266.15,266,265.83,265.67,265.51,265.35,265.19,265.03
274.54,274.37,274.21,274.05,273.89,273.72,273.57,273.4,273.25,273.08,272.92,272.76,272.59,272.44,272.27,272.11,271.95,271.79,271.63,271.47,271.31,271.15,270.99,270.83,270.67,270.51,270.35,270.19,270.04,269.88,269.72,269.56,269.4,269.24,269.08,268.92,268.76,268.6,268.44,268.29,268.13,267.97,267.81,267.65,267.49,267.33,267.18,267.02,266.81,266.64,266.47,266.31,266.15,265.99,265.83,265.66,265.5,265.34,265.18,265.02
274.54,274.37,274.21,274.05,273.89,273.73,273.56,273.4,273.24,273.08,272.92,272.76,272.59,272.44,272.27,272.11,271.96,271.79,271.63,271.47,271.3,271.15,270.99,270.83,270.67,270.51,270.35,270.19,270.03,269.87,269.71,269.55,269.39,269.23,269.07,268.92,268.76,268.6,268.44,268.28,268.12,267.96,267.8,267.64,267.48,267.33,267.17,267.01,266.85,266.64,266.47,266.31,266.14,265.98,265.81,265.65,265.49,265.33,265.17,265.01
274.54,274.37,274.21,274.05,273.89,273.72,273.56,273.4,273.24,273.08,272.92,272.75,272.59,272.43,272.27,272.11,271.95,271.79,271.63,271.47,271.31,271.15,270.99,270.83,270.67,270.51,270.35,270.19,270.02,269.87,269.71,269.55,269.39,269.23,269.07,268.91,268.75,268.59,268.43,268.27,268.11,267.96,267.8,267.64,267.48,267.32,267.16,267.01,266.8,266.63,266.46,266.3,266.13,265.97,265.81,265.65,265.48,265.32,265.16,265
274.54,274.37,274.21,274.05,273.89,273.73,273.56,273.4,273.24,273.07,272.92,272.75,272.59,272.43,272.27,272.11,271.95,271.79,271.62,271.47,271.3,271.14,270.98,270.82,270.67,270.5,270.34,270.19,270.02,269.86,269.7,269.55,269.38,269.22,269.06,268.91,268.74,268.59,268.43,268.27,268.11,267.95,267.79,267.63,267.47,267.32,267.16,267,266.84,266.62,266.45,266.29,266.12,265.96,265.8,265.64,265.48,265.32,265.16,264.99
274.53,274.37,274.22,274.05,273.88,273.72,273.56,273.4,273.24,273.08,272.92,272.75,272.59,272.43,272.27,272.11,271.94,271.78,271.62,271.46,271.3,271.14,270.98,270.82,270.66,270.5,270.34,270.18,270.02,269.86,269.7,269.54,269.38,269.22,269.06,268.9,268.74,268.58,268.43,268.26,268.11,267.94,267.79,267.63,267.47,267.31,267.15,266.99,266.78,266.62,266.45,266.28,266.12,265.96,265.79,265.63,265.47,265.31,265.15,264.99
274.54,274.37,274.22,274.05,273.88,273.73,273.56,273.4,273.24,273.08,272.91,272.75,272.59,272.43,272.27,272.1,271.94,271.79,271.62,271.46,271.3,271.14,270.98,270.82,270.66,270.5,270.34,270.18,270.02,269.86,269.7,269.53,269.37,269.22,269.06,268.9,268.74,268.57,268.42,268.26,268.1,267.94,267.78,267.62,267.46,267.3,267.15,266.99,266.78,266.61,266.44,266.28,266.11,265.95,265.79,265.62,265.46,265.3,265.14,264.98
274.54,274.37,274.22,274.05,273.88,273.72,273.56,273.4,273.24,273.08,272.91,272.75,272.58,272.42,272.27,272.11,271.94,271.78,271.62,271.46,271.3,271.13,270.98,270.81,270.65,270.49,270.33,270.17,270.01,269.85,269.69,269.53,269.37,269.21,269.05,268.89,268.73,268.57,268.41,268.25,268.09,267.93,267.77,267.62,267.46,267.3,267.14,266.96,266.77,266.6,266.44,266.27,266.1,265.94,265.78,265.62,265.46,265.29,265.13,264.97
274.54,274.38,274.21,274.05,273.88,273.72,273.56,273.4,273.24,273.07,272.91,272.75,272.59,272.42,272.26,272.1,271.94,271.78,271.61,271.45,271.3,271.13,270.97,270.81,270.65,270.49,270.33,270.17,270.01,269.85,269.69,269.53,269.37,269.21,269.05,268.89,268.73,268.57,268.41,268.25,268.09,267.93,267.77,267.61,267.45,267.29,267.13,266.97,266.76,266.59,266.43,266.26,266.1,265.93,265.77,265.61,265.45,265.28,265.12,264.96
274.54,274.38,274.21,274.04,273.89,273.72,273.56,273.4,273.24,273.07,272.91,272.74,272.59,272.42,272.26,272.1,271.93,271.77,271.61,271.45,271.29,271.13,270.97,270.81,270.65,270.49,270.32,270.17,270.01,269.84,269.68,269.52,269.36,269.2,269.04,268.88,268.72,268.56,268.4,268.24,268.08,267.92,267.76,267.6,267.44,267.28,267.13,266.97,266.76,266.59,266.42,266.26,266.09,265.93,265.77,265.6,265.44,265.28,265.12,264.96
274.54,274.38,274.2,274.05,273.88,273.72,273.56,273.39,273.23,273.07,272.91,272.75,272.58,272.41,272.26,272.1,271.93,271.77,271.61,271.45,271.29,271.13,270.96,270.8,270.65,270.48,270.32,270.16,270,269.84,269.68,269.52,269.36,269.2,269.04,268.88,268.72,268.55,268.4,268.24,268.08,267.92,267.76,267.6,267.44,267.28,267.12,266.96,266.75,266.58,266.41,266.25,266.08,265.92,265.76,265.6,265.43,265.27,265.11,264.95
274.53,274.37,274.21,274.05,273.88,273.72,273.56,273.39,273.23,273.07,272.9,272.74,272.58,272.42,272.26,272.09,271.93,271.77,271.61,271.45,271.28,271.12,270.96,270.8,270.64,270.48,270.32,270.16,270,269.83,269.67,269.52,269.36,269.19,269.03,268.87,268.71,268.55,268.39,268.24,268.07,267.91,267.75,267.59,267.44,267.27,267.11,266.95,266.74,266.58,266.41,266.24,266.08,265.91,265.75,265.59,265.43,265.26,265.1,264.94
274.53,274.37,274.21,274.04,273.88,273.72,273.56,273.39,273.23,273.07,272.9,272.75,272.58,272.42,272.25,272.1,271.93,271.77,271.61,271.45,271.28,271.12,270.96,270.8,270.64,270.48,270.31,270.16,269.99,269.83,269.67,269.51,269.35,269.19,269.03,268.87,268.71,268.55,268.39,268.23,268.07,267.91,267.75,267.59,267.43,267.27,267.11,266.94,266.74,266.57,266.4,266.23,266.07,265.91,265.74,265.58,265.42,265.26,265.09,264.93
274.54,274.37,274.21,274.05,273.88,273.72,273.55,273.39,273.23,273.06,272.91,272.74,272.57,272.42,272.25,272.09,271.93,271.77,271.61,271.44,271.28,271.12,270.95,270.79,270.63,270.48,270.31,270.15,269.99,269.83,269.67,269.51,269.34,269.19,269.03,268.86,268.7,268.54,268.38,268.22,268.06,267.9,267.74,267.58,267.42,267.26,267.1,266.94,266.73,266.56,266.39,266.23,266.06,265.9,265.74,265.57,265.41,265.25,265.09,264.92
274.54,274.37,274.21,274.04,273.88,273.72,273.55,273.4,273.23,273.06,272.9,272.74,272.57,272.41,272.25,272.09,271.93,271.77,271.6,271.44,271.28,271.12,270.95,270.79,270.63,270.47,270.31,270.15,269.98,269.82,269.66,269.5,269.34,269.18,269.02,268.86,268.7,268.54,268.38,268.22,268.06,267.9,267.74,267.58,267.41,267.26,267.1,266.92,266.72,266.55,266.39,266.22,266.06,265.89,265.73,265.57,265.4,265.24,265.08,264.92
274.54,274.37,274.21,274.04,273.88,273.72,273.55,273.39,273.23,273.06,272.9,272.74,272.57,272.41,272.25,272.09,271.92,271.76,271.6,271.43,271.28,271.11,270.95,270.79,270.63,270.47,270.3,270.15,269.98,269.82,269.66,269.5,269.34,269.17,269.01,268.86,268.69,268.53,268.37,268.21,268.05,267.89,267.73,267.57,267.41,267.25,267.09,266.93,266.72,266.55,266.38,266.21,266.05,265.89,265.72,265.56,265.39,265.23,265.07,264.91
274.54,274.37,274.21,274.04,273.88,273.72,273.55,273.39,273.22,273.06,272.9,272.74,272.58,272.41,272.25,272.08,271.92,271.76,271.6,271.44,271.27,271.11,270.95,270.79,270.63,270.46,270.3,270.14,269.98,269.82,269.65,269.49,269.33,269.17,269.01,268.85,268.69,268.53,268.36,268.21,268.05,267.89,267.73,267.56,267.4,267.25,267.08,266.92,266.71,266.54,266.37,266.21,266.04,265.88,265.72,265.55,265.39,265.22,265.06,264.9
274.54,274.37,274.21,274.04,273.88,273.71,273.56,273.39,273.23,273.06,272.89,272.73,272.57,272.41,272.25,272.08,271.92,271.76,271.6,271.43,271.27,271.11,270.95,270.79,270.63,270.46,270.3,270.14,269.98,269.81,269.65,269.49,269.33,269.17,269.01,268.84,268.68,268.53,268.36,268.2,268.04,267.88,267.72,267.56,267.4,267.24,267.08,266.89,266.7,266.54,266.37,266.2,266.04,265.87,265.71,265.54,265.38,265.22,265.06,264.89
274.54,274.37,274.2,274.04,273.88,273.71,273.54,273.39,273.22,273.06,272.9,272.73,272.57,272.41,272.25,272.08,271.91,271.76,271.59,271.43,271.26,271.11,270.94,270.78,270.62,270.46,270.29,270.13,269.97,269.81,269.65,269.49,269.32,269.16,269,268.84,268.68,268.52,268.36,268.2,268.04,267.87,267.72,267.55,267.39,267.23,267.07,266.88,266.7,266.53,266.36,266.19,266.03,265.86,265.7,265.54,265.37,265.21,265.05,264.88
274.54,274.37,274.21,274.05,273.87,273.72,273.55,273.39,273.22,273.06,272.89,272.73,272.56,272.4,272.24,272.08,271.92,271.75,271.59,271.43,271.26,271.1,270.94,270.78,270.62,270.45,270.29,270.13,269.96,269.81,269.64,269.48,269.32,269.16,269,268.84,268.67,268.51,268.35,268.19,268.03,267.87,267.71,267.55,267.39,267.23,267.06,266.91,266.69,266.52,266.36,266.19,266.02,265.86,265.7,265.53,265.37,265.2,265.04,264.88
274.54,274.37,274.2,274.04,273.88,273.72,273.55,273.38,273.22,273.05,272.89,272.73,272.57,272.4,272.24,272.08,271.91,271.75,271.59,271.42,271.26,271.1,270.94,270.78,270.61,270.45,270.29,270.13,269.96,269.81,269.64,269.48,269.32,269.16,268.99,268.83,268.67,268.51,268.35,268.19,268.02,267.86,267.7,267.54,267.38,267.22,267.06,266.87,266.68,266.52,266.35,266.18,266.02,265.85,265.69,265.52,265.36,265.2,265.03,264.87
274.54,274.37,274.21,274.04,273.88,273.71,273.55,273.39,273.22,273.05,272.89,272.73,272.57,272.4,272.24,272.07,271.91,271.75,271.59,271.42,271.26,271.1,270.93,270.77,270.61,270.45,270.29,270.12,269.96,269.8,269.64,269.48,269.31,269.15,268.99,268.83,268.67,268.51,268.35,268.18,268.02,267.86,267.7,267.54,267.38,267.21,267.05,266.89,266.68,266.51,266.34,266.18,266.01,265.85,265.68,265.52,265.35,265.19,265.03,264.86
274.53,274.37,274.2,274.04,273.88,273.72,273.55,273.38,273.21,273.06,272.89,272.73,272.57,272.4,272.24,272.08,271.91,271.74,271.58,271.42,271.26,271.09,270.93,270.77,270.6,270.45,270.28,270.12,269.96,269.79,269.63,269.47,269.31,269.15,268.99,268.82,268.66,268.5,268.34,268.18,268.02,267.85,267.7,267.53,267.37,267.21,267.05,266.89,266.67,266.5,266.33,266.17,266,265.84,265.67,265.51,265.34,265.18,265.02,264.86
274.54,274.37,274.2,274.04,273.87,273.72,273.55,273.38,273.22,273.06,272.89,272.73,272.56,272.39,272.23,272.07,271.91,271.74,271.58,271.42,271.26,271.09,270.93,270.77,270.61,270.44,270.28,270.12,269.95,269.79,269.63,269.47,269.3,269.14,268.98,268.82,268.66,268.5,268.33,268.17,268.01,267.85,267.69,267.53,267.37,267.2,267.04,266.85,266.67,266.5,266.33,266.16,266,265.83,265.66,265.5,265.34,265.17,265.01,264.85
274.53,274.36,274.21,274.04,273.88,273.71,273.55,273.38,273.22,273.05,272.89,272.72,272.56,272.4,272.23,272.07,271.9,271.74,271.58,271.42,271.25,271.09,270.92,270.77,270.6,270.44,270.28,270.11,269.95,269.79,269.62,269.46,269.3,269.14,268.98,268.81,268.65,268.49,268.33,268.17,268,267.85,267.68,267.52,267.36,267.2,267.04,266.88,266.66,266.49,266.32,266.16,265.99,265.82,265.66,265.49,265.33,265.17,265,264.84
274.54,274.37,274.21,274.04,273.87,273.71,273.54,273.38,273.22,273.05,272.89,272.73,272.56,272.39,272.23,272.07,271.91,271.74,271.57,271.41,271.25,271.09,270.93,270.76,270.6,270.44,270.28,270.11,269.95,269.78,269.62,269.46,269.29,269.13,268.97,268.81,268.65,268.49,268.32,268.16,268,267.84,267.67,267.51,267.35,267.19,267.03,266.83,266.66,266.48,266.31,266.15,265.98,265.82,265.65,265.49,265.32,265.16,265,264.83
274.54,274.38,274.21,274.04,273.88,273.71,273.54,273.38,273.22,273.05,272.88,272.72,272.56,272.39,272.23,272.06,271.91,271.74,271.58,271.41,271.24,271.08,270.92,270.76,270.59,270.43,270.27,270.11,269.94,269.78,269.62,269.45,269.29,269.13,268.97,268.8,268.64,268.48,268.32,268.16,268,267.83,267.67,267.51,267.35,267.19,267.02,266.87,266.65,266.48,266.31,266.14,265.97,265.81,265.64,265.48,265.32,265.15,264.99,264.82
274.54,274.37,274.2,274.04,273.87,273.71,273.54,273.37,273.22,273.05,272.88,272.72,272.56,272.39,272.23,272.06,271.9,271.74,271.57,271.41,271.25,271.08,270.91,270.75,270.6,270.43,270.27,270.1,269.94,269.78,269.62,269.45,269.29,269.12,268.97,268.8,268.64,268.48,268.32,268.15,267.99,267.83,267.67,267.5,267.34,267.18,267.02,266.86,266.64,266.47,266.3,266.14,265.97,265.8,265.64,265.47,265.31,265.14,264.98,264.82
274.53,274.37,274.21,274.05,273.87,273.71,273.55,273.38,273.21,273.05,272.88,272.72,272.56,272.39,272.23,272.06,271.9,271.73,271.57,271.41,271.24,271.08,270.91,270.75,270.59,270.43,270.26,270.1,269.93,269.77,269.61,269.45,269.28,269.12,268.96,268.8,268.64,268.47,268.31,268.15,267.98,267.82,267.66,267.5,267.34,267.18,267.01,266.81,266.63,266.46,266.3,266.13,265.96,265.8,265.63,265.47,265.3,265.14,264.97,264.81
274.54,274.37,274.2,274.04,273.88,273.71,273.55,273.38,273.21,273.05,272.88,272.72,272.55,272.39,272.22,272.06,271.89,271.73,271.57,271.4,271.24,271.08,270.91,270.75,270.58,270.42,270.26,270.1,269.93,269.77,269.61,269.44,269.28,269.11,268.95,268.79,268.63,268.47,268.3,268.14,267.98,267.82,267.66,267.49,267.33,267.17,267.01,266.84,266.63,266.46,266.29,266.12,265.95,265.79,265.62,265.46,265.29,265.13,264.97,264.8
274.54,274.38,274.2,274.04,273.87,273.71,273.54,273.38,273.21,273.04,272.88,272.71,272.55,272.39,272.22,272.05,271.9,271.73,271.56,271.4,271.24,271.07,270.91,270.75,270.58,270.42,270.25,270.09,269.93,269.76,269.6,269.44,269.28,269.11,268.95,268.79,268.62,268.46,268.3,268.14,267.97,267.81,267.65,267.49,267.33,267.16,267,266.8,266.62,266.45,266.28,266.11,265.95,265.78,265.62,265.45,265.29,265.12,264.96,264.79
274.54,274.37,274.2,274.04,273.87,273.71,273.54,273.37,273.21,273.05,272.88,272.72,272.55,272.38,272.22,272.05,271.89,271.73,271.56,271.4,271.23,271.07,270.9,270.74,270.58,270.41,270.25,270.09,269.92,269.76,269.6,269.43,269.27,269.11,268.95,268.78,268.62,268.46,268.29,268.13,267.97,267.81,267.64,267.48,267.32,267.16,267,266.79,266.62,266.44,266.28,266.11,265.94,265.78,265.61,265.44,265.28,265.12,264.95,264.79
274.53,274.36,274.21,274.04,273.88,273.71,273.54,273.37,273.21,273.04,272.88,272.71,272.55,272.38,272.22,272.05,271.89,271.72,271.56,271.4,271.23,271.07,270.91,270.74,270.58,270.41,270.25,270.08,269.92,269.76,269.59,269.43,269.27,269.1,268.94,268.78,268.62,268.45,268.29,268.13,267.96,267.8,267.64,267.47,267.32,267.15,266.99,266.79,266.61,266.44,266.27,266.1,265.93,265.77,265.6,265.44,265.27,265.11,264.94,264.78
274.53,274.37,274.2,274.04,273.88,273.71,273.54,273.37,273.21,273.05,272.88,272.71,272.55,272.39,272.22,272.05,271.89,271.72,271.56,271.39,271.23,271.06,270.9,270.74,270.57,270.41,270.24,270.08,269.92,269.75,269.59,269.42,269.26,269.1,268.94,268.77,268.61,268.45,268.28,268.12,267.96,267.79,267.63,267.47,267.31,267.14,266.98,266.82,266.6,266.43,266.26,266.1,265.93,265.76,265.6,265.43,265.26,265.1,264.94,264.77
274.54,274.37,274.2,274.04,273.87,273.71,273.54,273.37,273.21,273.04,272.88,272.71,272.55,272.38,272.22,272.05,271.88,271.71,271.55,271.39,271.23,271.06,270.9,270.73,270.57,270.41,270.24,270.08,269.91,269.75,269.59,269.42,269.26,269.1,268.93,268.77,268.61,268.45,268.28,268.12,267.95,267.79,267.63,267.47,267.3,267.14,266.98,266.77,266.6,266.43,266.25,266.09,265.92,265.76,265.59,265.42,265.26,265.1,264.93,264.76
274.54,274.37,274.2,274.04,273.87,273.71,273.54,273.37,273.21,273.04,272.87,272.71,272.54,272.38,272.21,272.05,271.88,271.72,271.56,271.39,271.22,271.06,270.89,270.73,270.57,270.4,270.24,270.07,269.91,269.75,269.58,269.42,269.26,269.09,268.93,268.76,268.6,268.44,268.28,268.11,267.95,267.79,267.62,267.46,267.3,267.14,266.98,266.76,266.59,266.42,266.25,266.08,265.92,265.75,265.58,265.42,265.25,265.09,264.92,264.76
101.28,101.25,101.21,101.18,101.14,101.11,101.07,101.04,101.01,100.97,100.94,100.9,100.87,100.83,100.8,100.76,100.72,100.69,100.65,100.62,100.58,100.55,100.51,100.47,100.44,100.4,100.37,100.33,100.29,100.26,100.22,100.18,100.14,100.11,100.07,100.03,99.995,99.957,99.919,99.881,99.843,99.805,99.766,99.728,99.689,99.65,99.611,99.572,99.955,99.764,99.732,99.739,99.802,99.798,99.785,99.77,99.751,99.735,99.658,99.688
101.28,101.25,101.21,101.18,101.14,101.11,101.08,101.04,101.01,100.97,100.94,100.82,100.87,100.83,100.8,100.76,100.73,100.69,100.66,100.62,100.58,100.55,100.51,100.48,100.44,100.4,100.29,100.33,100.29,100.26,100.22,100.18,100.15,100.11,100.07,100.04,99.998,99.96,99.922,99.884,99.845,99.808,99.77,99.731,99.692,99.654,99.614,99.575,99.959,99.718,99.807,99.818,99.809,99.803,99.788,99.773,99.757,99.687,99.716,99.695
101.28,101.25,101.21,101.18,101.14,101.11,101.08,101.04,101.01,100.97,100.94,100.9,100.87,100.83,100.8,100.76,100.73,100.69,100.66,100.62,100.59,100.55,100.51,100.48,100.44,100.41,100.29,100.33,100.3,100.26,100.22,100.19,100.15,100.11,100.08,100.04,100,99.963,99.924,99.887,99.849,99.811,99.772,99.734,99.695,99.656,99.617,99.578,99.75,99.72,99.814,99.823,99.812,99.806,99.797,99.781,99.765,99.741,99.721,99.651
101.28,101.25,101.21,101.18,101.14,101.11,101.08,101.04,101.01,100.97,100.94,100.9,100.87,100.83,100.8,100.76,100.73,100.69,100.66,100.62,100.59,100.55,100.52,100.48,100.44,100.41,100.37,100.34,100.3,100.26,100.22,100.19,100.15,100.11,100.08,100.04,100,99.965,99.926,99.889,99.851,99.813,99.775,99.736,99.698,99.659,99.62,99.582,100.17,100.13,99.812,99.828,99.823,99.812,99.737,99.783,99.767,99.746,99.726,99.656
101.28,101.25,101.21,101.18,101.14,101.11,101.08,101.04,101.01,100.97,100.94,100.9,100.87,100.83,100.8,100.76,100.73,100.69,100.66,100.62,100.59,100.55,100.52,100.48,100.44,100.41,100.37,100.26,100.3,100.26,100.23,100.19,100.15,100.12,100.08,100.04,100,99.966,99.929,99.89,99.853,99.814,99.777,99.738,99.7,99.661,99.622,99.584,99.964,99.796,99.819,99.828,99.711,99.813,99.805,99.728,99.714,99.696,99.68,99.707
101.28,101.25,101.21,101.18,101.14,101.11,101.08,101.04,101.01,100.97,100.94,100.9,100.87,100.83,100.8,100.76,100.73,100.69,100.66,100.62,100.59,100.55,100.52,100.48,100.45,100.41,100.37,100.34,100.3,100.26,100.23,100.19,100.15,100.12,100.08,100.04,100.01,99.968,99.93,99.892,99.854,99.816,99.778,99.739,99.701,99.662,99.623,99.585,99.698,99.798,99.821,99.826,99.831,99.82,99.804,99.792,99.772,99.753,99.731,99.709
101.28,101.25,101.21,101.18,101.14,101.11,101.08,101.04,101.01,100.97,100.86,100.9,100.87,100.84,100.8,100.77,100.73,100.69,100.66,100.62,100.59,100.55,100.52,100.48,100.45,100.41,100.37,100.34,100.3,100.26,100.23,100.19,100.15,100.12,100.08,100.04,100.01,99.968,99.93,99.893,99.855,99.817,99.779,99.74,99.702,99.664,99.625,99.586,99.97,99.805,99.834,99.83,99.83,99.819,99.75,99.795,99.775,99.704,99.735,99.711
101.28,101.25,101.21,101.18,101.14,101.11,101.08,101.04,101.01,100.97,100.94,100.9,100.87,100.84,100.8,100.77,100.73,100.69,100.66,100.62,100.59,100.55,100.52,100.48,100.45,100.41,100.37,100.34,100.3,100.26,100.23,100.19,100.15,100.12,100.08,100.04,100.01,99.969,99.931,99.894,99.855,99.818,99.779,99.741,99.702,99.664,99.626,99.587,100.17,99.744,99.755,99.837,99.835,99.826,99.81,99.738,99.777,99.76,99.735,99.712
101.28,101.25,101.21,101.18,101.14,101.11,101.08,101.04,101.01,100.97,100.94,100.9,100.87,100.84,100.8,100.77,100.73,100.7,100.66,100.62,100.59,100.55,100.52,100.48,100.45,100.41,100.37,100.34,100.3,100.26,100.23,100.19,100.15,100.12,100.08,100.04,100.01,99.969,99.931,99.893,99.856,99.818,99.701,99.741,99.703,99.664,99.625,99.587,99.966,99.824,99.83,99.835,99.83,99.821,99.812,99.794,99.777,99.758,99.688,99.713
101.28,101.25,101.21,101.18,101.14,101.11,101.08,101.04,101.01,100.97,100.94,100.9,100.87,100.84,100.8,100.77,100.73,100.7,100.66,100.63,100.59,100.55,100.52,100.48,100.45,100.41,100.37,100.34,100.3,100.27,100.23,100.19,100.16,100.12,100.08,100.04,100.01,99.969,99.932,99.893,99.856,99.817,99.78,99.741,99.703,99.664,99.625,99.586,99.736,99.826,99.83,99.838,99.834,99.764,99.811,99.798,99.722,99.758,99.689,99.715
101.28,101.25,101.21,101.18,101.14,101.11,101.08,101.04,101.01,100.97,100.94,100.9,100.87,100.84,100.8,100.77,100.73,100.7,100.66,100.62,100.59,100.55,100.52,100.48,100.45,100.41,100.37,100.34,100.3,100.27,100.23,100.19,100.15,100.12,100.08,100.04,100.01,99.968,99.931,99.893,99.855,99.817,99.779,99.741,99.702,99.664,99.625,99.586,99.969,99.812,99.77,99.844,99.839,99.762,99.81,99.796,99.723,99.758,99.736,99.666
101.28,101.25,101.21,101.18,101.14,101.11,101.08,101.04,101.01,100.97,100.94,100.9,100.87,100.84,100.8,100.77,100.73,100.7,100.66,100.62,100.59,100.55,100.52,100.48,100.45,100.41,100.37,100.34,100.3,100.26,100.23,100.19,100.15,100.12,100.08,100.04,100.01,99.968,99.93,99.893,99.855,99.817,99.778,99.74,99.701,99.663,99.624,99.585,99.965,99.736,99.842,99.771,99.838,99.828,99.811,99.737,99.779,99.757,99.74,99.713
101.28,101.25,101.21,101.18,101.14,101.11,101.08,101.04,101.01,100.97,100.94,100.9,100.87,100.83,100.8,100.76,100.73,100.7,100.66,100.62,100.59,100.55,100.52,100.48,100.45,100.41,100.37,100.34,100.3,100.26,100.23,100.19,100.15,100.12,100.08,100.04,100,99.967,99.93,99.892,99.775,99.816,99.778,99.739,99.7,99.662,99.623,99.584,99.782,99.753,99.769,99.767,99.836,99.762,99.812,99.795,99.778,99.757,99.736,99.716
101.28,101.25,101.21,101.18,101.14,101.11,101.08,101.04,101.01,100.97,100.86,100.82,100.87,100.83,100.8,100.76,100.73,100.69,100.66,100.62,100.59,100.55,100.52,100.48,100.44,100.41,100.3,100.26,100.3,100.26,100.23,100.19,100.15,100.12,100.08,100.04,100,99.966,99.928,99.891,99.853,99.814,99.776,99.738,99.7,99.661,99.622,99.583,100.17,99.829,99.762,99.838,99.834,99.822,99.81,99.799,99.778,99.757,99.735,99.712
101.28,101.25,101.21,101.18,101.14,101.11,101.08,101.04,101.01,100.97,100.94,100.9,100.87,100.83,100.8,100.76,100.73,100.69,100.66,100.62,100.59,100.55,100.52,100.48,100.44,100.41,100.37,100.33,100.3,100.26,100.22,100.19,100.15,100.11,100.08,100.04,100,99.965,99.927,99.89,99.852,99.813,99.775,99.736,99.698,99.659,99.62,99.581,99.703,99.828,99.84,99.773,99.765,99.822,99.81,99.794,99.775,99.755,99.733,99.664
101.28,101.25,101.21,101.18,101.14,101.11,101.08,101.04,101.01,100.97,100.86,100.9,100.87,100.83,100.8,100.76,100.73,100.69,100.66,100.62,100.59,100.55,100.52,100.48,100.44,100.41,100.37,100.33,100.3,100.26,100.22,100.19,100.15,100.11,100.08,100.04,100,99.963,99.926,99.888,99.85,99.812,99.695,99.735,99.696,99.658,99.619,99.58,99.759,99.828,99.759,99.84,99.83,99.823,99.749,99.792,99.773,99.701,99.734,99.711
101.28,101.25,101.21,101.18,101.14,101.11,101.08,101.04,101.01,100.97,100.94,100.9,100.87,100.83,100.8,100.76,100.73,100.69,100.66,100.62,100.59,100.55,100.51,100.48,100.44,100.41,100.37,100.33,100.3,100.26,100.22,100.19,100.15,100.11,100.08,100.04,100,99.963,99.925,99.887,99.849,99.81,99.771,99.734,99.695,99.656,99.617,99.578,100.17,99.754,99.769,99.834,99.829,99.821,99.749,99.791,99.772,99.752,99.73,99.709
101.28,101.25,101.21,101.18,101.14,101.11,101.08,101.04,101.01,100.97,100.94,100.9,100.87,100.83,100.8,100.76,100.73,100.69,100.58,100.62,100.59,100.55,100.51,100.48,100.44,100.41,100.29,100.33,100.3,100.26,100.22,100.19,100.15,100.11,100.07,100.04,99.999,99.961,99.923,99.885,99.847,99.809,99.77,99.732,99.693,99.654,99.615,99.576,99.785,99.828,99.831,99.773,99.834,99.823,99.808,99.791,99.77,99.75,99.73,99.705
101.28,101.25,101.21,101.18,101.14,101.11,101.07,101.04,101.01,100.97,100.94,100.9,100.87,100.83,100.8,100.76,100.73,100.69,100.66,100.62,100.58,100.55,100.51,100.48,100.44,100.4,100.37,100.33,100.29,100.26,100.22,100.18,100.15,100.11,100.07,100.03,99.997,99.96,99.922,99.884,99.846,99.807,99.769,99.729,99.691,99.652,99.613,99.574,100.17,99.826,99.84,99.831,99.831,99.821,99.808,99.791,99.769,99.749,99.676,99.655
101.28,101.25,101.21,101.18,101.14,101.11,101.07,101.04,101.01,100.97,100.94,100.9,100.87,100.83,100.8,100.76,100.73,100.69,100.65,100.62,100.58,100.55,100.51,100.48,100.44,100.4,100.37,100.33,100.29,100.26,100.22,100.18,100.15,100.11,100.07,100.03,99.996,99.957,99.92,99.882,99.843,99.805,99.766,99.727,99.689,99.65,99.612,99.572,99.789,99.75,99.767,99.83,99.763,99.817,99.803,99.729,99.716,99.694,99.727,99.656
101.28,101.25,101.21,101.18,101.14,101.11,101.07,101.04,101.01,100.97,100.94,100.9,100.87,100.83,100.8,100.76,100.73,100.69,100.65,100.62,100.58,100.55,100.51,100.47,100.44,100.4,100.37,100.33,100.29,100.25,100.22,100.18,100.14,100.11,100.07,100.03,99.993,99.956,99.918,99.88,99.842,99.803,99.765,99.726,99.687,99.648,99.609,99.569,99.787,99.813,99.837,99.829,99.83,99.753,99.745,99.785,99.767,99.746,99.722,99.699
101.28,101.25,101.21,101.18,101.14,101.11,101.07,101.04,101,100.97,100.94,100.9,100.87,100.83,100.8,100.76,100.72,100.69,100.65,100.62,100.58,100.55,100.51,100.47,100.44,100.32,100.36,100.33,100.29,100.25,100.22,100.18,100.14,100.1,100.07,100.03,99.992,99.954,99.916,99.878,99.84,99.801,99.684,99.724,99.685,99.645,99.607,99.567,99.792,99.737,99.828,99.834,99.763,99.749,99.799,99.726,99.762,99.742,99.72,99.7
101.28,101.25,101.21,101.18,101.14,101.11,101.07,101.04,101,100.97,100.93,100.9,100.86,100.83,100.79,100.76,100.72,100.69,100.65,100.62,100.58,100.54,100.51,100.47,100.44,100.4,100.36,100.33,100.29,100.25,100.22,100.18,100.14,100.1,100.07,100.03,99.99,99.953,99.914,99.876,99.838,99.799,99.761,99.721,99.682,99.644,99.604,99.565,99.721,99.823,99.834,99.748,99.826,99.734,99.738,99.78,99.762,99.691,99.718,99.694
101.28,101.25,101.21,101.18,101.14,101.11,101.07,101.04,101,100.97,100.93,100.9,100.86,100.83,100.79,100.76,100.72,100.69,100.65,100.62,100.58,100.54,100.51,100.47,100.43,100.4,100.36,100.33,100.29,100.25,100.21,100.18,100.14,100.1,100.06,100.03,99.988,99.951,99.913,99.874,99.836,99.797,99.758,99.719,99.68,99.641,99.602,99.563,99.777,99.749,99.754,99.684,99.821,99.81,99.794,99.721,99.759,99.741,99.715,99.693
101.28,101.25,101.21,101.18,101.14,101.11,101.07,101.04,101,100.97,100.93,100.9,100.86,100.83,100.79,100.76,100.72,100.69,100.65,100.62,100.58,100.54,100.51,100.47,100.43,100.4,100.36,100.32,100.29,100.25,100.21,100.17,100.14,100.1,100.06,100.02,99.986,99.949,99.911,99.872,99.834,99.795,99.756,99.717,99.678,99.639,99.599,99.561,100.15,99.822,99.828,99.822,99.822,99.805,99.734,99.777,99.756,99.735,99.716,99.641
101.28,101.25,101.21,101.18,101.14,101.11,101.07,101.04,101,100.97,100.93,100.9,100.86,100.83,100.79,100.76,100.72,100.69,100.65,100.61,100.58,100.54,100.43,100.47,100.43,100.4,100.28,100.32,100.29,100.25,100.21,100.17,100.14,100.1,100.06,100.02,99.985,99.947,99.909,99.87,99.832,99.793,99.754,99.715,99.676,99.637,99.598,99.558,99.776,99.733,99.758,99.824,99.814,99.743,99.789,99.774,99.7,99.732,99.659,99.686
101.28,101.25,101.21,101.18,101.14,101.11,101.07,101.04,101,100.97,100.93,100.9,100.86,100.83,100.79,100.76,100.72,100.69,100.65,100.61,100.58,100.54,100.5,100.47,100.43,100.39,100.36,100.32,100.28,100.25,100.21,100.17,100.13,100.1,100.06,100.02,99.983,99.945,99.907,99.868,99.83,99.791,99.752,99.713,99.673,99.635,99.594,99.555,100.15,99.744,99.828,99.82,99.816,99.804,99.791,99.775,99.696,99.677,99.657,99.684
101.28,101.25,101.21,101.18,101.14,101.11,101.07,101.04,101,100.97,100.93,100.9,100.86,100.83,100.79,100.76,100.72,100.68,100.65,100.61,100.58,100.54,100.5,100.47,100.43,100.39,100.28,100.32,100.28,100.25,100.21,100.17,100.13,100.1,100.06,100.02,99.981,99.943,99.904,99.866,99.828,99.789,99.75,99.711,99.672,99.632,99.592,99.553,99.713,99.812,99.748,99.824,99.815,99.802,99.79,99.768,99.695,99.727,99.705,99.684
101.28,101.25,101.21,101.18,101.14,101.11,101.07,101.04,101,100.97,100.93,100.9,100.86,100.83,100.79,100.75,100.72,100.68,100.65,100.61,100.58,100.54,100.5,100.47,100.43,100.39,100.28,100.32,100.28,100.24,100.21,100.17,100.13,100.09,100.06,100.02,99.979,99.941,99.903,99.864,99.825,99.786,99.747,99.708,99.669,99.554,99.591,99.55,100.14,99.731,99.822,99.818,99.75,99.8,99.723,99.77,99.749,99.725,99.702,99.63
101.28,101.25,101.21,101.18,101.14,101.11,101.07,101.04,101,100.97,100.93,100.9,100.86,100.83,100.79,100.75,100.72,100.68,100.65,100.61,100.57,100.54,100.5,100.46,100.43,100.39,100.27,100.32,100.28,100.24,100.2,100.17,100.13,100.09,100.05,100.02,99.977,99.939,99.901,99.862,99.823,99.706,99.745,99.706,99.667,99.628,99.588,99.548,99.79,99.729,99.815,99.819,99.748,99.795,99.78,99.764,99.744,99.67,99.649,99.628
101.28,101.25,101.21,101.18,101.14,101.11,101.07,101.04,101,100.97,100.85,100.9,100.86,100.83,100.79,100.75,100.72,100.68,100.64,100.61,100.57,100.54,100.5,100.46,100.43,100.39,100.35,100.31,100.28,100.24,100.2,100.17,100.13,100.09,100.05,100.01,99.976,99.937,99.898,99.86,99.821,99.782,99.743,99.703,99.664,99.624,99.585,99.546,99.776,99.814,99.821,99.745,99.809,99.793,99.781,99.763,99.741,99.723,99.57,99.628
101.28,101.25,101.21,101.18,101.14,101.11,101.07,101.04,101,100.97,100.93,100.9,100.86,100.82,100.79,100.75,100.72,100.68,100.64,100.61,100.57,100.54,100.5,100.46,100.43,100.39,100.35,100.31,100.28,100.24,100.2,100.16,100.13,100.09,100.05,100.01,99.974,99.935,99.896,99.857,99.819,99.78,99.741,99.702,99.662,99.622,99.583,99.619,99.717,99.802,99.811,99.73,99.744,99.733,99.777,99.76,99.739,99.717,99.695,99.625
101.28,101.25,101.21,101.18,101.14,101.11,101.07,101.04,101,100.97,100.93,100.89,100.86,100.82,100.79,100.75,100.72,100.68,100.64,100.61,100.57,100.53,100.5,100.46,100.42,100.39,100.35,100.31,100.27,100.24,100.2,100.16,100.12,100.09,100.05,100.01,99.972,99.933,99.894,99.855,99.817,99.778,99.738,99.698,99.66,99.62,99.58,99.752,99.712,99.807,99.746,99.74,99.806,99.793,99.774,99.758,99.681,99.662,99.691,99.669
101.28,101.25,101.21,101.18,101.14,101.11,101.07,101.04,101,100.97,100.93,100.89,100.86,100.82,100.79,100.75,100.72,100.68,100.64,100.61,100.57,100.53,100.5,100.46,100.42,100.39,100.27,100.31,100.27,100.24,100.2,100.16,100.12,100.08,100.05,100.01,99.97,99.931,99.893,99.854,99.815,99.696,99.736,99.696,99.657,99.542,99.578,99.748,99.787,99.811,99.737,99.744,99.803,99.789,99.776,99.755,99.733,99.712,99.638,99.664
101.28,101.25,101.21,101.18,101.14,101.11,101.07,101.03,101,100.96,100.93,100.89,100.86,100.82,100.79,100.75,100.71,100.68,100.64,100.6,100.57,100.53,100.49,100.46,100.42,100.38,100.35,100.31,100.27,100.23,100.2,100.16,100.12,100.08,100.04,100.01,99.968,99.929,99.891,99.852,99.812,99.773,99.733,99.694,99.654,99.614,99.575,99.957,99.712,99.809,99.808,99.808,99.734,99.784,99.768,99.751,99.731,99.709,99.687,99.664
101.28,101.25,101.21,101.18,101.14,101.11,101.07,101.03,101,100.96,100.93,100.89,100.86,100.82,100.79,100.75,100.71,100.68,100.64,100.6,100.57,100.53,100.49,100.46,100.42,100.38,100.35,100.31,100.27,100.23,100.19,100.16,100.12,100.08,100.04,100,99.965,99.927,99.888,99.85,99.81,99.771,99.732,99.692,99.652,99.612,99.572,99.533,99.778,99.732,99.813,99.805,99.797,99.784,99.769,99.749,99.675,99.707,99.636,99.661
101.28,101.24,101.21,101.18,101.14,101.11,101.07,101.03,101,100.96,100.93,100.89,100.86,100.82,100.79,100.75,100.71,100.68,100.64,100.6,100.57,100.53,100.49,100.46,100.42,100.38,100.26,100.31,100.27,100.23,100.19,100.16,100.12,100.08,100.04,100,99.964,99.925,99.886,99.847,99.808,99.769,99.729,99.69,99.65,99.61,99.57,99.592,99.707,99.805,99.805,99.804,99.796,99.783,99.765,99.746,99.672,99.704,99.681,99.656
101.28,101.24,101.21,101.18,101.14,101.1,101.07,101.03,101,100.96,100.93,100.89,100.86,100.82,100.78,100.75,100.71,100.68,100.64,100.6,100.57,100.53,100.49,100.45,100.42,100.38,100.34,100.31,100.27,100.23,100.19,100.15,100.12,100.08,100.04,100,99.962,99.923,99.884,99.845,99.806,99.688,99.727,99.687,99.648,99.607,99.567,99.949,99.705,99.73,99.803,99.738,99.794,99.781,99.761,99.744,99.723,99.702,99.678,99.653
101.28,101.24,101.21,101.17,101.14,101.1,101.07,101.03,101,100.96,100.93,100.89,100.86,100.82,100.78,100.75,100.71,100.67,100.64,100.6,100.56,100.53,100.49,100.45,100.42,100.38,100.34,100.3,100.27,100.23,100.19,100.15,100.11,100.08,100.04,99.999,99.96,99.921,99.882,99.842,99.803,99.764,99.724,99.685,99.645,99.605,99.565,99.618,99.78,99.803,99.807,99.802,99.787,99.78,99.702,99.741,99.72,99.701,99.676,99.65
101.28,101.25,101.21,101.18,101.14,101.1,101.07,101.03,101,100.96,100.85,100.89,100.86,100.82,100.78,100.75,100.71,100.67,100.64,100.6,100.56,100.53,100.49,100.45,100.42,100.38,100.34,100.3,100.26,100.23,100.19,100.15,100.11,100.07,100.04,99.997,99.958,99.919,99.88,99.841,99.802,99.762,99.722,99.683,99.643,99.602,99.562,99.943,99.764,99.798,99.803,99.801,99.786,99.774,99.759,99.741,99.722,99.644,99.672,99.601
101.28,101.25,101.21,101.17,101.14,101.1,101.07,101.03,101,100.96,100.93,100.89,100.85,100.82,100.78,100.75,100.71,100.67,100.64,100.6,100.56,100.53,100.49,100.45,100.41,100.38,100.34,100.3,100.26,100.22,100.19,100.15,100.11,100.07,100.03,99.995,99.956,99.917,99.877,99.839,99.799,99.759,99.72,99.68,99.64,99.6,99.559,99.938,99.692,99.798,99.795,99.792,99.722,99.771,99.755,99.736,99.662,99.695,99.67,99.647
101.28,101.24,101.21,101.17,101.14,101.1,101.07,101.03,101,100.96,100.93,100.89,100.85,100.82,100.78,100.74,100.71,100.67,100.63,100.6,100.56,100.52,100.49,100.45,100.41,100.37,100.34,100.3,100.26,100.22,100.19,100.15,100.11,100.07,100.03,99.993,99.954,99.915,99.876,99.836,99.797,99.758,99.718,99.678,99.638,99.597,99.557,99.647,99.776,99.715,99.799,99.795,99.781,99.772,99.752,99.734,99.713,99.69,99.669,99.594
101.28,101.24,101.21,101.17,101.14,101.1,101.07,101.03,101,100.96,100.93,100.89,100.85,100.82,100.78,100.74,100.71,100.67,100.63,100.6,100.56,100.52,100.49,100.45,100.41,100.37,100.34,100.3,100.26,100.22,100.18,100.15,100.11,100.07,100.03,99.991,99.952,99.913,99.874,99.834,99.794,99.755,99.715,99.675,99.635,99.595,99.555,99.707,99.701,99.795,99.797,99.794,99.784,99.77,99.749,99.73,99.657,99.687,99.664,99.639
101.28,101.24,101.21,101.17,101.14,101.1,101.07,101.03,101,100.96,100.92,100.89,100.85,100.82,100.78,100.74,100.71,100.67,100.63,100.6,100.56,100.52,100.41,100.45,100.41,100.29,100.33,100.3,100.26,100.22,100.18,100.14,100.11,100.07,100.03,99.989,99.95,99.911,99.872,99.833,99.792,99.753,99.713,99.672,99.633,99.592,99.552,99.929,99.777,99.794,99.793,99.719,99.776,99.767,99.747,99.729,99.707,99.685,99.661,99.637
101.28,101.24,101.21,101.17,101.14,101.1,101.07,101.03,101,100.96,100.92,100.89,100.85,100.82,100.78,100.74,100.71,100.67,100.63,100.6,100.56,100.52,100.48,100.45,100.41,100.37,100.25,100.29,100.26,100.22,100.18,100.14,100.1,100.07,100.03,99.987,99.948,99.909,99.869,99.83,99.79,99.751,99.71,99.67,99.63,99.59,99.549,99.655,99.776,99.709,99.788,99.787,99.774,99.699,99.688,99.726,99.704,99.686,99.659,99.588
101.28,101.24,101.21,101.17,101.14,101.1,101.07,101.03,101,100.96,100.92,100.89,100.85,100.81,100.78,100.74,100.71,100.67,100.63,100.59,100.56,100.52,100.48,100.44,100.41,100.37,100.33,100.29,100.26,100.22,100.18,100.14,100.1,100.06,100.02,99.985,99.946,99.907,99.867,99.828,99.788,99.749,99.709,99.668,99.627,99.588,99.547,99.927,99.77,99.791,99.719,99.788,99.776,99.762,99.743,99.723,99.703,99.68,99.656,99.633
101.28,101.24,101.21,101.17,101.14,101.1,101.07,101.03,100.99,100.96,100.92,100.89,100.85,100.81,100.78,100.74,100.7,100.67,100.63,100.59,100.56,100.52,100.48,100.44,100.41,100.37,100.33,100.29,100.25,100.22,100.18,100.14,100.1,100.06,100.02,99.983,99.944,99.905,99.866,99.825,99.786,99.746,99.706,99.666,99.625,99.585,99.544,99.922,99.693,99.79,99.792,99.717,99.708,99.757,99.74,99.72,99.703,99.625,99.654,99.627
101.28,101.24,101.21,101.17,101.14,101.1,101.07,101.03,100.99,100.96,100.92,100.89,100.85,100.81,100.78,100.74,100.7,100.67,100.63,100.59,100.55,100.52,100.48,100.44,100.4,100.32,100.33,100.29,100.25,100.21,100.18,100.14,100.1,100.06,100.02,99.982,99.942,99.903,99.863,99.824,99.784,99.744,99.704,99.664,99.623,99.583,99.541,99.705,99.769,99.715,99.713,99.782,99.708,99.757,99.683,99.662,99.696,99.674,99.649,99.626
101.28,101.24,101.21,101.17,101.14,101.1,101.07,101.03,100.99,100.96,100.92,100.89,100.85,100.81,100.78,100.74,100.7,100.67,100.63,100.59,100.55,100.52,100.48,100.44,100.4,100.37,100.25,100.29,100.25,100.21,100.17,100.14,100.1,100.06,100.02,99.979,99.94,99.901,99.861,99.822,99.782,99.741,99.701,99.661,99.62,99.579,99.539,99.921,99.693,99.786,99.788,99.776,99.704,99.754,99.676,99.66,99.698,99.62,99.647,99.574
101.28,101.24,101.21,101.17,101.14,101.1,101.07,101.03,100.99,100.96,100.92,100.88,100.85,100.81,100.78,100.74,100.7,100.66,100.63,100.59,100.55,100.52,100.48,100.44,100.4,100.36,100.33,100.29,100.25,100.21,100.17,100.13,100.1,100.06,100.02,99.977,99.938,99.899,99.859,99.82,99.78,99.739,99.699,99.615,99.618,99.578,99.536,99.689,99.689,99.785,99.786,99.775,99.768,99.753,99.736,99.716,99.691,99.671,99.647,99.571
101.28,101.24,101.21,101.17,101.14,101.1,101.07,101.03,100.99,100.96,100.92,100.88,100.85,100.81,100.77,100.74,100.7,100.66,100.63,100.59,100.55,100.51,100.48,100.44,100.4,100.36,100.32,100.29,100.25,100.21,100.17,100.13,100.09,100.05,100.01,99.976,99.937,99.897,99.857,99.817,99.777,99.736,99.697,99.656,99.615,99.574,99.534,99.916,99.766,99.71,99.784,99.776,99.762,99.751,99.731,99.71,99.691,99.617,99.595,99.616
101.28,101.24,101.21,101.17,101.14,101.1,101.07,101.03,100.99,100.96,100.92,100.88,100.85,100.81,100.77,100.74,100.7,100.66,100.63,100.59,100.55,100.51,100.48,100.44,100.4,100.36,100.24,100.28,100.25,100.21,100.17,100.13,100.09,100.05,100.01,99.974,99.934,99.895,99.855,99.815,99.775,99.735,99.694,99.654,99.613,99.572,99.532,99.913,99.761,99.782,99.703,99.776,99.698,99.748,99.728,99.708,99.686,99.612,99.638,99.615
101.28,101.24,101.21,101.17,101.14,101.1,101.07,101.03,100.99,100.96,100.92,100.88,100.85,100.81,100.77,100.74,100.7,100.66,100.62,100.59,100.55,100.51,100.47,100.44,100.4,100.36,100.32,100.28,100.24,100.21,100.17,100.13,100.09,100.05,100.01,99.972,99.932,99.893,99.853,99.813,99.773,99.732,99.692,99.651,99.61,99.569,99.529,99.659,99.766,99.78,99.778,99.706,99.695,99.685,99.727,99.65,99.684,99.661,99.636,99.609
101.28,101.24,101.21,101.17,101.14,101.1,101.06,101.03,100.99,100.96,100.92,100.88,100.85,100.81,100.77,100.74,100.7,100.66,100.62,100.59,100.55,100.51,100.47,100.43,100.4,100.36,100.32,100.28,100.24,100.2,100.17,100.13,100.09,100.05,100.01,99.97,99.931,99.89,99.851,99.811,99.77,99.73,99.69,99.649,99.608,99.567,99.526,100.11,99.761,99.778,99.779,99.704,99.757,99.741,99.723,99.704,99.628,99.659,99.633,99.608
101.28,101.24,101.21,101.17,101.14,101.1,101.06,101.03,100.99,100.95,100.92,100.88,100.85,100.81,100.77,100.73,100.7,100.66,100.62,100.59,100.55,100.51,100.47,100.43,100.4,100.28,100.32,100.28,100.24,100.2,100.16,100.13,100.09,100.05,100.01,99.968,99.928,99.889,99.849,99.808,99.768,99.728,99.688,99.647,99.606,99.564,99.524,99.705,99.686,99.704,99.707,99.763,99.69,99.738,99.722,99.704,99.678,99.656,99.581,99.604
101.28,101.24,101.21,101.17,101.14,101.1,101.06,101.03,100.99,100.95,100.92,100.88,100.84,100.81,100.77,100.73,100.7,100.66,100.62,100.58,100.55,100.51,100.47,100.43,100.39,100.36,100.32,100.28,100.24,100.2,100.16,100.12,100.08,100.04,100.01,99.966,99.926,99.887,99.847,99.807,99.766,99.726,99.685,99.645,99.603,99.562,99.521,99.649,99.682,99.767,99.771,99.767,99.691,99.735,99.66,99.697,99.676,99.655,99.629,99.603
101.28,101.24,101.21,101.17,101.14,101.1,101.06,101.03,100.99,100.95,100.92,100.88,100.84,100.81,100.77,100.73,100.7,100.66,100.62,100.58,100.54,100.51,100.47,100.43,100.39,100.35,100.32,100.28,100.24,100.2,100.16,100.12,100.08,100.04,100,99.964,99.925,99.884,99.845,99.804,99.764,99.723,99.683,99.641,99.6,99.56,99.518,99.707,99.754,99.773,99.703,99.762,99.752,99.736,99.715,99.696,99.673,99.598,99.624,99.599
101.28,101.24,101.21,101.17,101.14,101.1,101.06,101.03,100.99,100.95,100.92,100.88,100.84,100.81,100.69,100.73,100.7,100.66,100.62,100.58,100.54,100.51,100.47,100.43,100.39,100.35,100.31,100.28,100.24,100.2,100.16,100.12,100.08,100.04,100,99.962,99.922,99.882,99.842,99.802,99.762,99.721,99.68,99.639,99.598,99.557,99.516,99.896,99.76,99.769,99.765,99.761,99.747,99.736,99.657,99.694,99.674,99.65,99.574,99.548
101.28,101.24,101.21,101.17,101.14,101.1,101.06,101.03,100.99,100.95,100.92,100.88,100.84,100.81,100.77,100.73,100.69,100.66,100.62,100.58,100.54,100.5,100.47,100.43,100.39,100.35,100.31,100.27,100.24,100.2,100.16,100.12,100.08,100.04,100,99.96,99.921,99.881,99.84,99.8,99.759,99.718,99.678,99.637,99.596,99.476,99.513,99.719,99.757,99.76,99.686,99.757,99.748,99.733,99.711,99.69,99.667,99.592,99.618,99.592
101.28,101.24,101.21,101.17,101.14,101.1,101.06,101.03,100.99,100.95,100.84,100.88,100.84,100.81,100.77,100.73,100.69,100.66,100.62,100.58,100.54,100.5,100.47,100.43,100.39,100.35,100.31,100.27,100.23,100.19,100.16,100.12,100.08,100.04,99.998,99.958,99.918,99.878,99.838,99.798,99.757,99.717,99.676,99.634,99.593,99.552,99.511,99.713,99.682,99.761,99.699,99.759,99.741,99.728,99.71,99.632,99.612,99.641,99.569,99.545
