105,123.73,142.46,161.19,179.92,198.64,217.37,236.1,254.83,273.56,292.29,311.02,329.75,348.47,367.2,385.93,404.66,423.39,442.12,460.85,479.58,498.31,517.03,535.76,554.49,573.22,591.95,610.68,629.41,648.14,666.86,685.59,704.32,723.05,741.78,760.51,779.24,797.97,816.69,835.42,854.15,872.88,891.61,910.34,929.07,947.8,966.53,985.25,1004,1022.7,1041.4,1060.2,1078.9,1097.6,1116.4,1135.1,1153.8,1172.5,1191.3,1210
0.6,0.60593,0.61186,0.6178,0.62373,0.62966,0.63559,0.64153,0.64746,0.65339,0.65932,0.66525,0.67119,0.67712,0.68305,0.68898,0.69492,0.70085,0.70678,0.71271,0.71864,0.72458,0.73051,0.73644,0.74237,0.74831,0.75424,0.76017,0.7661,0.77203,0.77797,0.7839,0.78983,0.79576,0.80169,0.80763,0.81356,0.81949,0.82542,0.83136,0.83729,0.84322,0.84915,0.85508,0.86102,0.86695,0.87288,0.87881,0.88475,0.89068,0.89661,0.90254,0.90847,0.91441,0.92034,0.92627,0.9322,0.93814,0.94407,0.95
327.73,324.92,322.14,319.48,316.87,314.23,311.6,309.05,306.56,304.23,301.9,299.55,297.22,295.04,292.84,290.73,288.87,287.03,285.27,283.52,281.74,279.83,277.8,275.97,274.77,274.08,273.64,273.28,272.94,272.61,272.28,271.95,271.62,271.28,270.94,270.59,270.24,269.88,269.52,269.14,268.76,268.37,267.98,267.57,267.16,266.74,266.31,265.87,265.42,264.96,264.49,264.01,263.53,263.04,262.53,262.02,261.5,260.97,260.43,259.89
319.78,316.9,313.76,310.95,308.24,305.47,302.83,300.06,297.44,295.03,292.48,290.16,287.73,285.12,282.83,280.47,278.31,276.25,274.35,272.51,270.71,268.77,266.59,264.51,263.06,262.37,261.99,261.69,261.41,261.13,260.85,260.57,260.29,260,259.71,259.41,259.12,258.81,258.51,258.2,257.88,257.56,257.23,256.9,256.56,256.22,255.87,255.51,255.15,254.78,254.4,254.01,253.62,253.22,252.81,252.39,251.96,251.53,251.08,250.63
314.19,311.06,308.07,305.05,302.01,299.23,296.37,293.61,290.94,288.3,285.75,283.19,280.75,278.25,275.88,273.41,270.99,268.65,266.54,264.64,262.69,260.75,258.57,256.29,254.59,253.89,253.54,253.29,253.06,252.82,252.59,252.35,252.1,251.85,251.6,251.34,251.08,250.82,250.55,250.27,249.99,249.71,249.42,249.13,248.83,248.53,248.22,247.91,247.59,247.27,246.94,246.61,246.27,245.93,245.58,245.22,244.85,244.48,244.1,243.72
310.55,307.18,303.87,300.71,297.59,294.54,291.48,288.74,286.05,283.17,280.61,277.91,275.41,272.88,270.28,267.79,265.49,263.09,260.8,258.71,256.74,254.75,252.55,250.03,248.3,247.62,247.32,247.09,246.87,246.65,246.43,246.2,245.97,245.74,245.5,245.26,245.01,244.77,244.52,244.26,244,243.74,243.48,243.21,242.94,242.67,242.39,242.1,241.82,241.53,241.23,240.93,240.63,240.32,240.01,239.69,239.37,239.04,238.71,238.37
306.83,303.76,300.42,297.52,294.43,291.5,288.4,285.41,282.61,279.52,276.53,273.74,271.13,268.52,265.94,263.42,261.08,258.54,256.14,253.9,251.98,249.91,247.79,245.21,243.15,242.34,242.04,241.84,241.65,241.46,241.27,241.07,240.87,240.67,240.46,240.25,240.03,239.81,239.59,239.36,239.13,238.89,238.65,238.41,238.16,237.91,237.66,237.4,237.14,236.88,236.61,236.34,236.07,235.79,235.5,235.22,234.93,234.63,234.33,234.03
304.37,301.07,297.47,294.71,291.58,288.29,285.23,282.29,279.14,276.32,273.68,270.84,268.17,265.56,262.96,260.36,257.84,255.23,252.77,250.26,248.04,246.04,243.82,241.27,239.06,238.13,237.82,237.63,237.45,237.28,237.11,236.94,236.77,236.59,236.41,236.23,236.04,235.85,235.66,235.46,235.28,235.15,234.92,234.69,234.45,234.22,233.98,233.73,233.49,233.24,232.99,232.74,232.48,232.22,231.96,231.69,231.42,231.15,230.88,230.6
302.19,298.56,295.56,292.12,289.01,285.83,282.59,279.63,276.56,273.71,270.95,268.16,265.3,262.71,260.07,257.57,254.85,252.36,249.84,247.37,245.21,243.04,241,238.33,235.9,234.88,234.58,234.4,234.24,234.07,233.9,233.73,233.56,233.38,233.2,233.01,232.82,232.63,232.43,232.23,232.03,231.83,231.62,231.4,231.19,230.97,230.75,230.53,230.3,230.07,229.84,229.6,229.36,229.12,228.88,228.63,228.38,228.13,227.87,227.62
300.76,297.44,294.12,290.56,287.36,283.91,280.79,277.7,274.79,271.7,268.62,265.65,262.87,260.26,257.78,255.08,252.51,250.01,247.36,244.92,242.51,240.47,238.38,235.79,233.24,231.85,231.48,231.31,231.16,231.02,230.87,230.72,230.56,230.4,230.24,230.07,229.9,229.73,229.55,229.37,229.19,229,228.81,228.62,228.42,228.22,228.02,227.81,227.61,227.4,227.18,226.96,226.74,226.52,226.3,226.07,225.84,225.6,225.37,225.13
299.15,295.51,292.54,289.26,285.9,282.87,279.6,276.69,273.38,270.13,266.85,264.06,261.21,258.41,255.84,253.02,250.38,247.82,245.33,242.82,240.49,238.24,236.16,233.73,231.04,229.3,228.86,228.69,228.55,228.42,228.29,228.15,228.01,227.87,227.72,227.57,227.42,227.26,227.1,226.93,226.76,226.59,226.42,226.24,226.06,225.88,225.69,225.5,225.31,225.12,224.92,224.72,224.51,224.31,224.1,223.89,223.67,223.46,223.24,223.02
297.65,294.02,290.95,287.61,284.52,281.31,278.11,274.86,272.12,269.03,266.16,263.2,260.22,257.64,254.84,251.84,248.93,246.4,243.77,241.16,238.7,236.36,234.26,232.02,229.16,227.23,226.69,226.51,226.38,226.25,226.12,226,225.87,225.74,225.6,225.47,225.33,225.18,225.04,224.89,224.73,224.58,224.42,224.25,224.09,223.92,223.75,223.57,223.4,223.22,223.04,222.86,222.67,222.49,222.3,222.11,221.93,221.8,221.58,221.36
296.49,292.81,289.42,286.2,282.91,279.71,276.97,273.43,270.62,267.51,264.55,261.56,258.94,255.92,253.39,250.7,248.1,245.46,242.72,240.25,237.71,235.42,233.26,230.97,228.27,225.95,225.26,225.08,224.94,224.82,224.68,224.55,224.42,224.28,224.14,223.99,223.84,223.69,223.54,223.39,223.23,223.06,222.9,222.73,222.56,222.39,222.22,222.04,221.86,221.68,221.5,221.31,221.12,220.93,220.74,220.54,220.35,220.15,219.95,219.74
295.46,292.28,288.48,285.26,281.74,278.82,275.3,272.35,269.45,266.41,263.43,260.5,257.41,254.67,251.98,249.36,246.86,244.23,241.56,238.87,236.58,234.12,232.01,229.72,227.15,224.53,223.51,223.27,223.14,223.03,222.91,222.79,222.66,222.53,222.4,222.27,222.14,222,221.86,221.71,221.57,221.42,221.27,221.11,220.96,220.8,220.63,220.47,220.3,220.13,219.96,219.79,219.61,219.43,219.25,219.07,218.88,218.69,218.5,218.31
294.3,291.25,288,284.38,281.13,277.96,274.4,271.5,268.43,265.17,262.37,259.49,256.53,253.6,250.78,248.31,245.66,243.03,240.49,237.87,235.41,232.83,230.74,228.49,226.16,223.31,221.97,221.67,221.54,221.43,221.32,221.21,221.1,220.98,220.86,220.74,220.61,220.48,220.35,220.22,220.09,219.95,219.81,219.66,219.52,219.37,219.22,219.06,218.91,218.75,218.59,218.42,218.26,218.09,217.92,217.75,217.57,217.4,217.22,217.04
293.59,290.43,287.17,283.99,280.41,277.27,273.68,270.75,267.4,264.39,261.61,258.19,255.68,252.89,249.99,247.33,244.67,241.98,239.55,237,234.47,231.9,229.65,227.53,225.21,222.31,220.63,220.24,220.12,220.01,219.91,219.8,219.7,219.59,219.48,219.36,219.25,219.13,219.01,218.88,218.76,218.63,218.5,218.36,218.23,218.09,217.94,217.8,217.65,217.51,217.36,217.2,217.05,216.89,216.73,216.57,216.4,216.24,216.07,215.9
293.53,289.75,286.18,283.06,279.83,276.13,273.15,269.68,266.67,263.78,260.8,257.84,254.86,251.88,249.07,246.47,243.86,241.06,238.47,236.11,233.43,231,228.72,226.62,224.29,221.61,219.51,218.98,218.84,218.74,218.64,218.54,218.44,218.34,218.24,218.13,218.02,217.91,217.8,217.68,217.56,217.44,217.32,217.19,217.06,216.93,216.8,216.66,216.53,216.39,216.24,216.1,215.95,215.81,215.65,215.5,215.35,215.19,215.03,214.87
292.68,289.22,285.99,282.33,279.43,275.98,273,269.31,266.6,263.52,260.13,257.18,254.39,251.13,248.71,245.9,243.19,240.43,237.85,235.33,232.72,230.19,227.96,225.77,223.65,220.96,218.57,217.87,217.7,217.6,217.5,217.41,217.32,217.22,217.12,217.02,216.92,216.81,216.71,216.6,216.49,216.37,216.25,216.14,216.02,215.89,215.77,215.64,215.51,215.38,215.24,215.11,214.97,214.83,214.68,214.54,214.39,214.24,214.09,213.94
292.68,289.43,286,282.44,278.77,275.36,272.09,269.05,265.69,262.87,259.83,256.7,253.56,250.75,247.99,245.4,242.45,239.85,237.41,234.76,232.08,229.69,227.28,225.07,222.93,220.36,217.78,216.88,216.68,216.58,216.49,216.4,216.31,216.22,216.12,216.03,215.93,215.83,215.73,215.62,215.52,215.41,215.3,215.19,215.07,214.96,214.84,214.72,214.59,214.47,214.34,214.21,214.08,213.94,213.81,213.67,213.53,213.39,213.25,213.1
292.59,289.52,285.29,281.75,278.53,275.22,271.8,268.69,265.49,262.34,259.17,256.2,253.52,250.41,247.55,244.64,242.22,239.61,236.81,234.18,231.69,229.15,226.68,224.52,222.37,219.89,217.19,216.01,215.77,215.67,215.58,215.49,215.4,215.31,215.22,215.13,215.04,214.94,214.85,214.75,214.65,214.55,214.44,214.33,214.22,214.11,214,213.88,213.77,213.65,213.53,213.4,213.28,213.15,213.02,212.89,212.76,212.62,212.48,212.34
291.91,288.58,285.45,281.86,278.42,275.07,271.91,268.67,265.55,262.34,259.45,256.24,253.23,250.42,247.5,244.59,241.65,239.19,236.61,233.86,231.49,228.83,226.31,224.13,222.01,219.61,216.88,215.28,214.97,214.86,214.77,214.68,214.59,214.51,214.42,214.33,214.24,214.15,214.06,213.96,213.87,213.77,213.67,213.57,213.47,213.36,213.25,213.14,213.03,212.92,212.8,212.68,212.56,212.44,212.32,212.19,212.06,211.93,211.8,211.67
291.26,287.8,284.46,281.06,278.35,274.99,271.77,268.71,265.46,262.29,259.46,256.27,253.25,250.24,247.19,244.38,241.49,239.09,236.44,233.63,231.23,228.56,226.25,223.79,221.69,219.42,216.69,214.71,214.27,214.15,214.05,213.97,213.88,213.79,213.71,213.62,213.53,213.44,213.35,213.26,213.17,213.08,212.99,212.89,212.79,212.69,212.59,212.49,212.38,212.27,212.16,212.05,211.93,211.82,211.7,211.58,211.46,211.33,211.21,211.08
290.74,287.75,283.73,280.5,277.32,274.27,271.2,267.93,265.01,261.88,259.1,256.04,253.16,250.29,247.5,244.77,241.68,238.88,236.47,233.84,231.13,228.58,226.09,223.66,221.56,219.3,216.68,214.33,213.68,213.53,213.44,213.35,213.26,213.18,213.09,213,212.92,212.83,212.75,212.66,212.57,212.48,212.39,212.3,212.21,212.12,212.02,211.93,211.83,211.73,211.63,211.53,211.43,211.33,211.22,211.12,211.01,210.91,210.81,210.79
290.17,286.77,283.1,279.72,276.84,273.58,270.32,267.53,264.41,261.11,258.58,255.46,252.65,249.98,247.13,244.24,241.8,239,236.7,234.07,231.62,229.15,226.63,224.3,222.13,219.67,217.2,214.41,213.29,213.07,212.96,212.87,212.78,212.69,212.61,212.52,212.44,212.36,212.28,212.2,212.13,212.06,212,212.05,211.95,211.84,211.74,211.63,211.52,211.41,211.29,211.18,211.06,210.94,210.82,210.7,210.58,210.45,210.32,210.19
289.57,286.14,282.93,279.74,276.42,273.42,269.98,266.91,263.77,260.8,258.01,254.84,252.25,249.3,246.38,243.69,241.24,238.7,236.15,233.69,231.29,228.78,226.27,223.99,221.71,219.63,217.45,214.73,213.01,212.67,212.56,212.48,212.39,212.31,212.23,212.14,212.05,211.97,211.88,211.79,211.69,211.6,211.5,211.41,211.31,211.21,211.11,211,210.9,210.79,210.68,210.57,210.46,210.35,210.23,210.12,210,209.88,209.76,209.63
289.43,285.65,282.55,279.15,275.65,272.69,269.08,266.2,262.96,260.23,257.3,254.35,251.66,248.69,245.96,243.36,240.59,238.04,235.51,233.07,230.73,228.3,225.89,223.55,221.33,219.22,217.13,214.44,212.49,212.03,211.91,211.83,211.74,211.66,211.58,211.5,211.42,211.33,211.25,211.16,211.07,210.98,210.89,210.8,210.71,210.61,210.51,210.42,210.32,210.21,210.11,210.01,209.9,209.79,209.68,209.57,209.46,209.34,209.23,209.11
288.48,285.43,281.77,278.4,275.16,272.12,268.86,265.53,262.64,259.82,256.78,253.58,250.94,248.21,245.39,242.65,240.22,237.5,235.22,232.64,230.21,227.79,225.38,223.08,220.9,218.9,216.76,214.21,212.04,211.43,211.29,211.21,211.13,211.06,210.98,210.9,210.82,210.74,210.66,210.58,210.49,210.41,210.32,210.23,210.14,210.05,209.96,209.86,209.77,209.67,209.57,209.47,209.37,209.26,209.16,209.05,208.94,208.83,208.72,208.61
288.26,284.97,281.57,278.33,274.6,271.46,268.24,265.34,262.13,259.19,256.23,253.34,250.41,247.6,244.94,242.25,239.63,237.1,234.55,232.17,229.88,227.35,225.06,222.74,220.46,218.44,216.42,213.98,211.63,210.88,210.72,210.64,210.56,210.49,210.41,210.33,210.26,210.18,210.1,210.02,209.94,209.86,209.77,209.69,209.61,209.52,209.43,209.34,209.25,209.15,209.06,208.96,208.86,208.77,208.66,208.56,208.46,208.35,208.25,208.14
288.46,284.81,281.29,277.69,274.2,270.99,267.96,264.68,261.85,258.83,255.87,252.85,250.06,247.19,244.38,241.79,239.21,236.65,234.22,231.85,229.3,226.96,224.57,222.26,220.08,218.06,216.05,213.73,211.31,210.36,210.18,210.1,210.02,209.95,209.88,209.8,209.73,209.65,209.58,209.5,209.42,209.34,209.26,209.18,209.1,209.02,208.93,208.84,208.76,208.67,208.57,208.48,208.39,208.29,208.2,208.1,208,207.9,207.8,207.69
287.47,284.3,280.58,277.19,273.79,270.84,267.58,264.45,261.19,258.48,255.1,252.41,249.65,246.99,244.01,241.4,238.69,236.2,233.74,231.29,228.85,226.51,224.06,221.92,219.6,217.68,215.71,213.32,210.9,209.88,209.67,209.59,209.52,209.44,209.37,209.3,209.23,209.16,209.08,209.01,208.93,208.86,208.78,208.7,208.62,208.54,208.46,208.37,208.29,208.2,208.12,208.03,207.94,207.85,207.75,207.66,207.56,207.47,207.37,207.27
287.14,283.89,280.42,276.92,273.7,270.74,267.26,264.38,261.03,257.9,255.1,251.94,249.17,246.51,243.58,240.94,238.17,235.68,233.35,230.79,228.44,226.08,223.75,221.39,219.19,217.23,215.29,213.06,210.58,209.43,209.19,209.11,209.04,208.97,208.9,208.83,208.76,208.69,208.62,208.54,208.47,208.4,208.32,208.25,208.17,208.09,208.01,207.93,207.85,207.77,207.68,207.6,207.51,207.42,207.33,207.24,207.15,207.06,206.96,206.87
287.53,283.81,279.94,276.85,273.37,269.85,267.17,263.79,260.45,257.53,254.48,251.54,248.7,245.94,243.18,240.34,237.77,235.2,232.75,230.46,228.06,225.73,223.37,221.11,218.85,216.85,214.85,212.73,210.18,209,208.75,208.66,208.59,208.52,208.45,208.38,208.31,208.24,208.17,208.1,208.03,207.96,207.89,207.82,207.74,207.67,207.59,207.51,207.43,207.35,207.27,207.19,207.11,207.02,206.93,206.85,206.76,206.67,206.58,206.48
286.62,283.2,279.41,276.19,272.74,269.77,266.45,262.99,260.02,256.92,254.25,251.13,248.15,245.71,242.82,239.98,237.41,234.92,232.43,230.04,227.6,225.27,223.01,220.65,218.5,216.44,214.53,212.34,209.86,208.59,208.32,208.23,208.16,208.1,208.03,207.96,207.89,207.82,207.76,207.69,207.62,207.55,207.48,207.41,207.34,207.26,207.19,207.11,207.04,206.96,206.88,206.8,206.72,206.64,206.56,206.47,206.39,206.3,206.21,206.12
286.96,283.05,279.68,276.15,272.4,269.51,266.13,262.77,259.83,256.64,253.82,250.95,248.1,245.15,242.31,239.63,236.99,234.52,232.12,229.62,227.32,224.87,222.52,220.28,218.12,216.11,214.13,212,209.51,208.21,207.92,207.83,207.76,207.69,207.63,207.56,207.49,207.43,207.36,207.29,207.23,207.16,207.09,207.02,206.95,206.88,206.81,206.73,206.66,206.59,206.51,206.43,206.36,206.28,206.2,206.11,206.03,205.95,205.86,205.78
286.85,282.98,279.58,275.82,272.22,268.71,265.62,262.62,259.55,256.4,253.41,250.46,247.63,245.01,242.05,239.12,236.71,234.17,231.69,229.31,226.97,224.54,222.31,219.84,217.72,215.67,213.83,211.63,209.2,207.84,207.54,207.45,207.38,207.31,207.25,207.18,207.12,207.05,206.99,206.92,206.86,206.79,206.72,206.65,206.59,206.52,206.45,206.38,206.3,206.23,206.16,206.08,206.01,205.93,205.85,205.77,205.69,205.61,205.53,205.45
286.24,282.72,278.84,275.56,272.35,269,265.45,262.25,259.36,256.07,253.12,250.16,247.23,244.3,241.64,238.96,236.44,233.77,231.32,228.81,226.53,224.15,221.94,219.51,217.3,215.35,213.39,211.31,208.8,207.48,207.18,207.09,207.02,206.95,206.89,206.83,206.76,206.7,206.63,206.57,206.5,206.44,206.37,206.31,206.24,206.17,206.1,206.04,205.97,205.89,205.82,205.75,205.68,205.6,205.53,205.45,205.37,205.29,205.21,205.13
285.82,282.42,278.93,275.04,272,268.74,265.41,262.05,259.05,255.87,252.73,249.85,247.01,244.17,241.22,238.76,235.97,233.31,230.92,228.47,226.15,223.89,221.43,219.11,216.98,214.98,213.06,210.93,208.53,207.14,206.84,206.75,206.68,206.61,206.55,206.49,206.43,206.36,206.3,206.23,206.17,206.11,206.04,205.98,205.91,205.85,205.78,205.71,205.64,205.57,205.5,205.43,205.36,205.29,205.22,205.14,205.07,204.99,204.91,204.83
285.28,282.12,278.95,274.99,271.74,268.58,265.04,261.78,258.67,255.72,252.78,249.65,246.7,243.8,241.12,238.36,235.72,233.17,230.59,228.16,225.88,223.37,221.16,218.88,216.7,214.66,212.74,210.54,208.1,206.81,206.52,206.42,206.36,206.29,206.23,206.17,206.1,206.04,205.98,205.92,205.85,205.79,205.73,205.66,205.6,205.53,205.47,205.4,205.34,205.27,205.2,205.13,205.06,204.99,204.92,204.85,204.77,204.7,204.63,204.55
285.58,281.68,278.43,275.05,271.31,268.25,265.01,261.82,258.64,255.4,252.36,249.31,246.38,243.6,240.88,237.86,235.32,232.78,230.28,227.87,225.59,223.14,220.87,218.47,216.4,214.45,212.37,210.25,207.79,206.49,206.21,206.12,206.05,205.99,205.92,205.86,205.8,205.74,205.68,205.61,205.55,205.49,205.43,205.37,205.3,205.24,205.17,205.11,205.04,204.98,204.91,204.84,204.78,204.71,204.64,204.57,204.5,204.42,204.35,204.28
285.37,282.04,278.39,274.8,271.45,268.13,264.62,261.63,258.55,255.16,251.97,249.29,246.14,243.44,240.5,237.99,235.08,232.71,230.14,227.57,225.31,222.89,220.55,218.16,216.05,214.02,212.07,209.94,207.52,206.21,205.92,205.83,205.76,205.7,205.63,205.57,205.51,205.45,205.39,205.33,205.27,205.2,205.14,205.08,205.02,204.96,204.89,204.83,204.77,204.7,204.64,204.57,204.51,204.44,204.37,204.3,204.23,204.16,204.09,204.02
285.43,281.48,278.06,274.59,271.45,267.72,264.42,261.33,258.03,254.94,251.9,248.89,245.9,243.09,240.24,237.59,234.85,232.29,229.83,227.29,224.92,222.45,220.05,217.89,215.77,213.7,211.78,209.58,207.17,205.91,205.64,205.55,205.48,205.42,205.36,205.29,205.23,205.17,205.11,205.05,204.99,204.93,204.87,204.81,204.75,204.69,204.63,204.56,204.5,204.44,204.38,204.31,204.25,204.18,204.11,204.05,203.98,203.91,203.84,203.77
284.98,281.84,278.32,274.65,271.07,267.75,264.21,261.13,258.11,254.55,251.82,248.86,245.85,243,240.01,237.27,234.57,231.93,229.64,226.98,224.79,222.16,219.89,217.57,215.47,213.49,211.53,209.33,206.97,205.66,205.38,205.29,205.22,205.16,205.1,205.03,204.97,204.91,204.85,204.79,204.73,204.67,204.61,204.55,204.49,204.43,204.37,204.31,204.25,204.19,204.13,204.06,204,203.93,203.87,203.8,203.74,203.67,203.6,203.53
285.27,281.24,277.65,274.54,271.14,267.51,264.13,260.62,257.81,254.6,251.62,248.63,245.59,242.63,239.78,237.02,234.56,231.74,229.38,226.85,224.38,222.15,219.54,217.22,215.12,213.09,211.2,209.1,206.6,205.4,205.12,205.03,204.97,204.91,204.84,204.78,204.72,204.66,204.6,204.55,204.49,204.43,204.37,204.31,204.25,204.19,204.13,204.07,204.01,203.95,203.89,203.82,203.76,203.7,203.63,203.57,203.51,203.44,203.37,203.31
285.25,281.23,277.67,274.46,270.95,267.86,264.09,260.59,257.67,254.62,251.41,248.54,245.41,242.58,239.65,236.85,234.23,231.63,229.1,226.49,224.07,221.74,219.4,217.08,214.99,212.93,210.88,208.8,206.35,205.15,204.88,204.79,204.73,204.67,204.61,204.55,204.49,204.43,204.37,204.31,204.25,204.19,204.13,204.07,204.02,203.96,203.9,203.84,203.78,203.72,203.66,203.6,203.54,203.47,203.41,203.35,203.28,203.22,203.16,203.09
284.7,280.95,277.7,273.81,271.01,267.25,264.11,260.78,257.29,254.24,251.56,247.96,245.4,242.26,239.56,236.61,233.93,231.33,228.82,226.36,223.87,221.53,219.22,216.81,214.67,212.63,210.6,208.47,206.11,204.91,204.65,204.57,204.5,204.44,204.38,204.32,204.26,204.2,204.14,204.08,204.02,203.97,203.91,203.85,203.79,203.74,203.68,203.62,203.56,203.5,203.44,203.38,203.32,203.26,203.2,203.14,203.07,203.01,202.95,202.88
284.84,281.11,277.47,274.17,270.33,267.22,263.53,260.48,257.4,253.95,251.12,248.24,245.19,242.09,239.32,236.51,233.8,231.11,228.53,226.21,223.78,221.28,218.97,216.57,214.41,212.4,210.5,208.28,205.85,204.69,204.43,204.35,204.29,204.22,204.16,204.1,204.04,203.98,203.93,203.87,203.81,203.75,203.7,203.64,203.58,203.52,203.47,203.41,203.35,203.29,203.23,203.17,203.11,203.05,202.99,202.93,202.87,202.81,202.75,202.68
284.5,281.06,277.77,274.34,270.3,267.12,263.66,260.51,256.98,253.9,251.09,247.99,244.99,241.96,239.19,236.29,233.72,231.07,228.62,226.05,223.53,221.2,218.74,216.38,214.21,212.16,210.25,208.01,205.59,204.47,204.23,204.14,204.07,204.01,203.95,203.9,203.84,203.78,203.72,203.66,203.61,203.55,203.49,203.43,203.38,203.32,203.26,203.21,203.15,203.09,203.03,202.97,202.92,202.86,202.8,202.74,202.68,202.62,202.56,202.49
284.4,281.12,277.37,273.76,270.42,266.79,263.64,260.25,256.91,254.06,250.68,247.83,245.07,241.82,239.13,236.09,233.48,230.79,228.23,225.84,223.28,220.86,218.68,216.19,213.98,211.96,209.97,207.74,205.34,204.26,204.02,203.94,203.88,203.81,203.76,203.7,203.64,203.58,203.52,203.46,203.41,203.35,203.29,203.24,203.18,203.13,203.07,203.01,202.96,202.9,202.84,202.78,202.73,202.67,202.61,202.55,202.49,202.43,202.37,202.31
284.53,280.63,276.76,273.79,270.03,266.92,263.27,260.12,256.89,253.8,250.89,247.51,244.63,241.91,238.88,236.03,233.35,230.7,228.14,225.64,223.3,220.65,218.47,215.99,213.83,211.79,209.84,207.57,205.12,204.06,203.84,203.75,203.68,203.63,203.56,203.51,203.45,203.39,203.33,203.28,203.22,203.16,203.11,203.05,203,202.94,202.88,202.83,202.77,202.72,202.66,202.6,202.55,202.49,202.43,202.37,202.31,202.25,202.19,202.13
284.35,280.75,277.03,273.37,270.17,266.86,263.27,260.5,256.75,253.81,250.62,247.5,244.71,241.5,238.94,236.01,233.09,230.55,228.13,225.44,223.01,220.62,218.22,215.86,213.68,211.56,209.56,207.35,204.91,203.87,203.65,203.57,203.51,203.44,203.38,203.32,203.27,203.21,203.15,203.09,203.04,202.98,202.93,202.87,202.82,202.76,202.71,202.65,202.6,202.54,202.48,202.43,202.37,202.31,202.26,202.2,202.14,202.08,202.03,201.97
284.44,280.76,277.25,273.46,270.36,266.55,263.37,260.1,256.55,253.73,250.58,247.43,244.67,241.54,238.62,235.92,233.02,230.39,227.85,225.34,222.87,220.5,217.98,215.7,213.54,211.35,209.43,207.13,204.73,203.69,203.48,203.39,203.33,203.27,203.21,203.15,203.09,203.03,202.98,202.92,202.86,202.81,202.76,202.7,202.65,202.59,202.54,202.48,202.43,202.37,202.32,202.26,202.2,202.15,202.09,202.04,201.98,201.92,201.86,201.81
284.31,280.77,276.83,273.4,270.48,266.9,263.32,259.98,256.85,253.68,250.32,247.47,244.21,241.57,238.51,235.67,232.98,230.34,227.76,225.18,222.65,220.36,217.92,215.65,213.27,211.24,209.25,207,204.58,203.51,203.31,203.23,203.16,203.1,203.04,202.98,202.92,202.87,202.81,202.75,202.7,202.64,202.59,202.54,202.48,202.43,202.37,202.32,202.26,202.21,202.15,202.1,202.04,201.99,201.93,201.88,201.82,201.76,201.71,201.65
284.29,280.39,277.2,273.48,269.85,266.36,262.94,259.72,256.38,253.41,250.17,247.34,244.37,241.52,238.35,235.46,232.76,230.13,227.56,225.05,222.66,220.15,217.69,215.33,213.24,211.19,209.06,206.74,204.4,203.36,203.15,203.06,203,202.94,202.88,202.82,202.76,202.71,202.65,202.6,202.54,202.49,202.43,202.38,202.32,202.27,202.21,202.16,202.11,202.05,202,201.94,201.89,201.83,201.78,201.73,201.67,201.61,201.56,201.5
284.23,280.3,276.79,273,269.83,266.29,263.07,259.81,256.74,253.16,250.27,247.28,244.14,241.15,238.31,235.43,232.67,230.12,227.38,224.86,222.39,220,217.63,215.24,212.96,210.96,208.93,206.61,204.21,203.2,202.99,202.91,202.85,202.79,202.73,202.67,202.61,202.55,202.5,202.44,202.39,202.33,202.28,202.23,202.17,202.12,202.06,202.01,201.96,201.9,201.85,201.8,201.74,201.69,201.63,201.58,201.52,201.47,201.41,201.36
284.17,280.3,276.72,273.27,269.83,266.08,262.82,259.49,256.55,253.41,249.93,246.86,244.12,240.93,238.2,235.33,232.63,230.05,227.47,224.72,222.4,219.96,217.49,215.06,212.85,210.85,208.79,206.52,204.03,203.05,202.84,202.76,202.7,202.64,202.58,202.52,202.46,202.4,202.35,202.29,202.24,202.19,202.13,202.08,202.02,201.97,201.92,201.86,201.81,201.76,201.71,201.65,201.6,201.55,201.49,201.44,201.38,201.33,201.27,201.22
284.14,280.42,276.6,273.2,269.75,266.35,262.98,259.51,256.22,253.19,250.2,246.98,243.93,241.2,237.99,235.19,232.46,229.81,227.14,224.85,222.29,219.88,217.36,215.08,212.81,210.69,208.68,206.39,203.96,202.9,202.7,202.62,202.56,202.49,202.43,202.38,202.32,202.26,202.21,202.15,202.1,202.04,201.99,201.94,201.88,201.83,201.78,201.72,201.67,201.62,201.57,201.51,201.46,201.41,201.36,201.3,201.25,201.2,201.14,201.09
283.92,280.2,276.52,272.97,269.75,265.9,262.9,259.49,256.34,253.14,249.99,246.96,243.88,240.96,238,235.3,232.4,229.63,227.06,224.53,222.1,219.81,217.3,214.85,212.66,210.56,208.56,206.14,203.79,202.78,202.56,202.48,202.42,202.36,202.3,202.24,202.18,202.13,202.07,202.02,201.96,201.91,201.85,201.8,201.75,201.7,201.64,201.59,201.54,201.49,201.43,201.38,201.33,201.28,201.22,201.17,201.12,201.07,201.01,200.96
283.97,280.1,276.44,272.9,269.48,266.03,262.77,259.51,256.2,253.18,249.76,246.77,243.74,240.82,237.91,234.98,232.31,229.53,227.02,224.45,222.11,219.51,217.21,214.75,212.56,210.53,208.39,206.08,203.71,202.65,202.43,202.35,202.28,202.22,202.16,202.11,202.05,201.99,201.94,201.88,201.83,201.78,201.72,201.67,201.62,201.56,201.51,201.46,201.41,201.36,201.31,201.25,201.2,201.15,201.1,201.05,200.99,200.94,200.89,200.83
283.76,280.07,276.74,272.85,269.43,265.95,262.56,259.29,256.18,252.88,249.86,246.73,243.88,240.61,237.89,235.26,232.38,229.51,227.07,224.31,221.97,219.36,217.03,214.69,212.41,210.35,208.25,206,203.57,202.51,202.3,202.22,202.15,202.09,202.04,201.98,201.92,201.87,201.81,201.76,201.7,201.65,201.6,201.54,201.49,201.44,201.39,201.34,201.28,201.23,201.18,201.13,201.08,201.03,200.98,200.92,200.87,200.82,200.77,200.72
283.88,280.27,276.44,272.96,269.39,266.17,262.66,259.02,256.21,252.82,249.73,246.48,243.62,240.56,237.78,235.05,232.36,229.48,226.99,224.28,221.86,219.39,217.03,214.52,212.32,210.27,208.23,205.87,203.47,202.38,202.18,202.09,202.03,201.97,201.91,201.86,201.8,201.74,201.69,201.63,201.58,201.53,201.47,201.42,201.37,201.32,201.27,201.21,201.16,201.11,201.06,201.01,200.96,200.91,200.86,200.81,200.76,200.7,200.65,200.6
283.65,279.87,276.69,272.54,269.75,266.02,262.71,259.16,255.9,252.74,249.61,246.76,243.55,240.68,237.6,234.91,232.06,229.55,226.85,224.29,221.72,219.29,216.9,214.46,212.15,210.11,208.1,205.77,203.33,202.27,202.06,201.98,201.92,201.85,201.79,201.74,201.68,201.62,201.57,201.52,201.46,201.41,201.36,201.3,201.25,201.2,201.15,201.1,201.05,201,200.95,200.9,200.85,200.79,200.74,200.69,200.64,200.59,200.54,200.49
283.65,279.98,276.4,272.83,269.4,265.77,262.34,259.35,256.02,252.8,249.86,246.57,243.69,240.63,237.49,234.79,231.96,229.24,226.78,224.2,221.79,219.31,216.84,214.44,212.12,210.12,207.95,205.67,203.2,202.17,201.95,201.86,201.8,201.74,201.68,201.62,201.56,201.51,201.45,201.4,201.35,201.3,201.24,201.19,201.14,201.09,201.04,200.99,200.94,200.89,200.83,200.78,200.73,200.68,200.63,200.58,200.53,200.48,200.43,200.38
102.34,102.37,102.37,102.36,102.32,102.27,102.66,102.92,103.01,102.98,103.07,103.05,103,102.93,102.85,102.75,102.64,102.51,102.36,102.2,102.03,101.86,101.69,101.53,101.36,101.2,101.03,100.87,100.7,100.53,100.37,100.2,100.03,99.855,99.683,99.51,99.336,99.16,98.983,98.805,98.626,98.445,98.262,98.078,97.893,97.706,97.517,97.326,97.133,96.938,96.742,96.544,96.342,96.14,95.934,95.724,95.513,95.3,95.083,94.864
93.804,93.857,93.894,93.916,93.918,93.9,93.862,93.807,93.742,93.667,93.58,93.48,93.361,93.98,93.981,94.061,94.02,93.951,93.863,93.755,93.628,93.482,93.323,93.154,92.985,92.819,92.656,92.494,92.331,92.168,92.003,91.838,91.672,91.504,91.336,91.168,90.999,90.828,90.657,90.486,90.314,90.141,89.967,89.793,89.619,89.444,89.268,89.093,88.917,88.74,88.484,88.306,88.207,88.029,87.85,87.671,87.491,87.312,87.131,86.95
86.942,87.005,87.051,87.08,87.092,87.085,87.06,87.02,86.968,86.907,86.838,86.759,86.668,86.562,86.44,86.304,86.159,86.693,86.746,86.727,86.575,86.592,86.493,86.379,86.25,86.11,85.961,85.807,85.653,85.501,85.353,85.208,85.063,84.918,84.772,84.545,84.48,84.334,84.187,84.039,83.891,83.743,83.594,83.445,83.215,83.146,82.995,82.844,82.692,82.54,82.387,82.152,82.078,81.922,81.765,81.607,81.448,81.287,81.123,80.959
80.629,81.098,81.352,81.484,81.49,81.634,81.673,81.691,81.69,81.673,81.643,81.602,81.553,81.495,81.428,81.351,81.262,81.161,81.05,80.929,80.805,80.678,80.554,80.432,80.313,80.196,80.079,79.963,79.846,79.73,79.613,79.497,79.38,79.264,79.148,79.031,78.915,78.798,78.681,78.565,78.448,78.253,78.215,78.098,77.981,77.864,77.747,77.63,77.512,77.395,77.277,77.16,77.042,76.925,76.807,76.688,76.57,76.451,76.332,76.213
76.773,76.767,76.757,76.742,76.721,76.692,76.654,76.604,76.542,76.893,77.176,77.279,77.323,77.335,77.326,77.302,77.266,77.219,77.163,77.097,77.021,76.936,76.842,76.74,76.633,76.522,76.41,76.298,76.189,76.082,75.978,75.874,75.77,75.666,75.563,75.459,75.355,75.25,75.146,75.041,74.936,74.831,74.726,74.62,74.515,74.409,74.303,74.196,74.089,73.982,73.874,73.766,73.658,73.469,73.44,73.33,73.22,73.108,72.997,72.884
73.65,73.666,73.674,73.677,73.673,73.664,73.65,73.629,73.602,73.567,73.522,73.468,73.403,73.328,73.245,73.157,73.065,72.973,72.882,73.217,73.397,73.415,73.399,73.363,73.311,73.246,73.17,73.083,72.936,72.884,72.774,72.624,72.538,72.414,72.287,72.157,72.024,71.889,71.738,71.587,71.395,70.967,70.884,70.802,70.719,70.636,70.554,70.471,70.388,70.305,70.222,70.139,70.055,69.972,69.889,69.805,69.722,69.638,69.554,69.47
70.902,70.968,71.017,71.052,71.076,71.09,71.097,71.097,71.091,71.079,71.061,71.036,71.004,70.965,70.918,70.862,70.798,70.727,70.65,70.569,70.485,70.402,70.318,70.237,70.158,70.08,70.004,69.928,69.853,69.778,69.703,69.628,69.553,69.478,69.403,69.328,69.253,69.177,69.102,69.027,68.952,68.876,68.8,68.725,68.649,68.573,68.498,68.422,68.346,68.27,68.194,68.117,68.041,67.964,67.888,67.811,67.734,67.657,67.58,67.502
67.784,67.754,68.065,68.393,68.622,68.715,68.777,68.819,68.846,68.862,68.869,68.868,68.86,68.845,68.824,68.797,68.763,68.722,68.674,68.619,68.557,68.489,68.417,68.342,68.264,68.185,68.108,68.031,67.957,67.883,67.812,67.741,67.671,67.601,67.531,67.461,67.39,67.32,67.25,67.179,67.109,67.038,66.967,66.897,66.826,66.755,66.683,66.612,66.541,66.469,66.397,66.325,66.253,66.181,66.108,66.035,65.963,65.89,65.816,65.743
66.172,66.163,66.144,66.116,66.08,66.036,65.984,65.928,66.364,66.614,66.728,66.795,66.836,66.859,66.87,66.871,66.864,66.849,66.827,66.798,66.762,66.721,66.673,66.619,66.559,66.495,66.427,66.355,66.281,66.205,66.13,66.055,65.981,65.91,65.839,65.77,65.701,65.633,65.565,65.497,65.429,65.361,65.292,65.223,65.154,65.085,65.015,64.946,64.876,64.805,64.735,64.664,64.593,64.521,64.45,64.378,64.306,64.233,64.159,64.005
64.735,64.739,64.737,64.727,64.71,64.684,64.651,64.611,64.565,64.513,64.458,64.399,64.34,64.279,64.219,64.723,64.864,64.849,64.966,64.981,64.982,64.971,64.952,64.925,64.827,64.849,64.802,64.748,64.689,64.626,64.558,64.486,64.412,64.335,64.235,64.177,64.097,64.018,63.94,63.862,63.786,63.708,63.635,63.559,63.482,63.405,63.326,63.245,63.162,63.078,62.907,62.816,62.804,62.702,62.59,62.381,62.298,61.929,61.875,61.821
63.443,63.457,63.466,63.468,63.465,63.455,63.438,63.414,63.384,63.347,63.304,63.257,63.205,63.151,63.095,63.038,62.981,62.925,62.869,62.814,62.76,62.708,62.656,62.605,62.555,62.506,62.457,62.407,62.358,62.309,62.26,62.211,62.162,62.112,62.063,62.013,61.964,61.915,61.865,61.815,61.766,61.716,61.667,61.617,61.567,61.517,61.467,61.418,61.367,61.317,61.267,61.217,61.167,61.117,61.066,61.016,60.965,60.914,60.864,60.813
62.271,62.292,62.309,62.321,62.327,62.329,62.324,62.314,62.298,62.275,62.247,62.212,62.173,62.129,62.082,62.031,61.978,61.924,61.87,61.816,61.762,61.709,61.657,61.606,61.557,61.508,61.46,61.413,61.366,61.319,61.272,61.226,61.179,61.132,61.085,61.039,60.992,60.945,60.898,60.851,60.804,60.757,60.71,60.662,60.615,60.568,60.52,60.473,60.426,60.378,60.331,60.283,60.235,60.188,60.14,60.092,60.044,59.996,59.947,59.899
61.198,61.225,61.248,61.267,61.281,61.291,61.296,61.296,61.291,61.281,61.265,61.244,61.217,61.185,61.148,61.108,61.063,61.015,60.966,60.914,60.862,60.81,60.758,60.707,60.657,60.608,60.559,60.512,60.466,60.42,60.375,60.33,60.285,60.241,60.196,60.152,60.107,60.062,60.017,59.973,59.928,59.883,59.838,59.793,59.748,59.703,59.658,59.612,59.567,59.522,59.476,59.431,59.386,59.34,59.294,59.248,59.203,59.157,59.111,59.065
60.202,60.236,60.266,60.291,60.312,60.329,60.341,60.35,60.354,60.353,60.347,60.337,60.321,60.301,60.276,60.246,60.212,60.174,60.132,60.087,60.04,59.992,59.942,59.892,59.841,59.792,59.743,59.695,59.647,59.601,59.556,59.512,59.468,59.424,59.381,59.338,59.296,59.253,59.21,59.167,59.124,59.081,59.038,58.995,58.951,58.908,58.865,58.822,58.778,58.735,58.691,58.648,58.604,58.56,58.517,58.473,58.429,58.385,58.341,58.296
59.26,59.304,59.341,59.374,59.403,59.427,59.447,59.463,59.474,59.481,59.484,59.483,59.477,59.467,59.452,59.433,59.409,59.381,59.349,59.314,59.274,59.232,59.188,59.142,59.094,59.045,58.997,58.948,58.9,58.853,58.807,58.761,58.717,58.673,58.63,58.588,58.546,58.504,58.463,58.421,58.38,58.339,58.297,58.255,58.214,58.093,58.13,58.089,58.047,58.005,57.963,57.921,57.879,57.837,57.794,57.752,57.709,57.667,57.625,57.582
58.34,58.401,58.453,58.497,58.536,58.569,58.597,58.621,58.64,58.655,58.666,58.673,58.675,58.674,58.668,58.658,58.644,58.626,58.603,58.577,58.547,58.514,58.477,58.438,58.396,58.352,58.306,58.259,58.212,58.164,58.117,58.07,58.024,57.979,57.935,57.892,57.849,57.808,57.766,57.726,57.685,57.645,57.604,57.564,57.524,57.483,57.443,57.402,57.362,57.321,57.28,57.24,57.199,57.158,57.117,57.076,57.034,56.993,56.952,56.91
57.364,57.472,57.557,57.625,57.682,57.73,57.771,57.806,57.835,57.859,57.878,57.893,57.904,57.911,57.914,57.913,57.907,57.898,57.885,57.868,57.847,57.822,57.794,57.763,57.729,57.691,57.652,57.61,57.566,57.521,57.475,57.429,57.382,57.336,57.29,57.245,57.2,57.157,57.114,57.072,57.031,56.991,56.951,56.911,56.871,56.832,56.792,56.753,56.713,56.673,56.633,56.593,56.553,56.513,56.473,56.433,56.393,56.352,56.312,56.271
55.851,55.817,56.484,56.659,56.774,56.861,56.929,56.887,57.031,57.07,57.102,57.128,57.149,57.165,57.177,57.185,57.188,57.188,57.183,57.175,57.163,57.147,57.128,57.105,57.079,57.049,57.017,56.982,56.945,56.905,56.863,56.82,56.775,56.73,56.683,56.637,56.591,56.546,56.5,56.456,56.413,56.37,56.329,56.288,56.247,56.207,56.167,56.128,56.089,56.049,56.01,55.97,55.931,55.891,55.851,55.812,55.772,55.731,55.691,55.651
55.399,55.367,55.335,55.303,55.272,55.573,55.907,56.056,56.074,56.149,56.292,56.34,56.379,56.41,56.435,56.455,56.469,56.479,56.484,56.485,56.482,56.475,56.465,56.451,56.433,56.412,56.387,56.36,56.33,56.297,56.261,56.223,56.183,56.141,56.098,56.053,56.007,55.961,55.914,55.856,55.821,55.775,55.73,55.685,55.642,55.599,55.557,55.497,55.474,55.434,55.393,55.272,55.313,55.273,55.232,55.192,55.151,55.029,55.069,54.946
54.984,54.953,54.922,54.892,54.861,54.83,54.8,54.77,54.741,54.712,55.199,55.383,55.409,55.57,55.628,55.673,55.709,55.736,55.756,55.771,55.78,55.785,55.721,55.72,55.772,55.76,55.744,55.725,55.702,55.677,55.648,55.577,55.582,55.546,55.507,55.466,55.423,55.378,55.332,55.263,55.237,55.188,55.139,55.09,55.041,54.993,54.945,54.897,54.851,54.805,54.759,54.712,54.67,54.617,54.582,54.538,54.493,54.354,54.404,54.262
54.601,54.572,54.542,54.512,54.482,54.453,54.423,54.394,54.365,54.337,54.309,54.281,54.253,54.226,54.199,54.173,54.664,54.714,54.88,54.937,54.979,54.922,55.03,54.966,54.976,55.052,55.048,55.04,55.027,54.951,54.989,54.912,54.938,54.907,54.826,54.836,54.796,54.754,54.672,54.662,54.579,54.562,54.508,54.453,54.37,54.314,54.279,54.218,54.156,54.074,54.011,53.962,53.894,53.824,53.75,53.672,53.586,53.49,53.357,53.088
54.247,54.219,54.19,54.161,54.133,54.104,54.075,54.047,54.019,53.991,53.963,53.936,53.909,53.882,53.856,53.83,53.804,53.779,53.753,53.728,53.703,53.678,53.653,53.628,53.783,53.983,53.968,54.11,54.046,54.061,54.144,54.135,54.045,54.095,54.066,53.965,53.989,53.879,53.885,53.763,53.689,53.599,53.537,53.561,53.094,53.068,53.043,53.017,52.991,52.965,52.939,52.913,52.887,52.861,52.836,52.809,52.783,52.757,52.731,52.705
53.918,53.891,53.864,53.836,53.808,53.781,53.753,53.725,53.698,53.67,53.643,53.617,53.59,53.564,53.538,53.513,53.488,53.463,53.438,53.413,53.389,53.364,53.34,53.316,53.291,53.267,53.243,53.219,53.194,53.17,53.145,53.121,53.097,53.072,53.048,53.023,52.998,52.974,52.949,52.925,52.9,52.875,52.85,52.826,52.801,52.776,52.751,52.726,52.701,52.677,52.652,52.627,52.602,52.577,52.551,52.526,52.501,52.476,52.451,52.425
53.613,53.587,53.561,53.534,53.507,53.48,53.453,53.426,53.399,53.373,53.346,53.32,53.294,53.269,53.243,53.218,53.194,53.169,53.145,53.121,53.097,53.073,53.05,53.026,53.002,52.979,52.955,52.932,52.908,52.885,52.861,52.838,52.814,52.79,52.767,52.743,52.719,52.695,52.672,52.648,52.624,52.6,52.576,52.552,52.528,52.504,52.48,52.456,52.432,52.408,52.384,52.36,52.336,52.312,52.287,52.263,52.239,52.215,52.19,52.166
53.328,53.303,53.278,53.252,53.226,53.2,53.174,53.148,53.122,53.096,53.07,53.044,53.019,52.994,52.969,52.944,52.92,52.896,52.872,52.849,52.825,52.802,52.779,52.756,52.733,52.71,52.688,52.665,52.642,52.619,52.596,52.573,52.551,52.528,52.505,52.482,52.459,52.436,52.413,52.39,52.367,52.344,52.321,52.297,52.274,52.251,52.228,52.205,52.181,52.158,52.135,52.112,52.088,52.065,52.041,52.018,51.995,51.971,51.947,51.924
53.062,53.038,53.014,52.989,52.964,52.939,52.913,52.888,52.863,52.837,52.812,52.787,52.762,52.738,52.713,52.689,52.665,52.641,52.618,52.595,52.572,52.549,52.527,52.504,52.482,52.46,52.437,52.415,52.393,52.371,52.349,52.327,52.305,52.282,52.26,52.238,52.216,52.193,52.171,52.149,52.127,52.104,52.082,52.059,52.037,52.015,51.992,51.97,51.947,51.925,51.902,51.879,51.857,51.834,51.812,51.789,51.766,51.744,51.721,51.698
52.813,52.79,52.767,52.743,52.719,52.694,52.67,52.645,52.62,52.596,52.571,52.546,52.522,52.498,52.474,52.45,52.427,52.403,52.38,52.358,52.335,52.313,52.291,52.269,52.247,52.225,52.203,52.182,52.16,52.139,52.117,52.096,52.074,52.053,52.031,52.01,51.988,51.967,51.945,51.923,51.902,51.88,51.858,51.837,51.815,51.793,51.771,51.75,51.728,51.706,51.684,51.662,51.64,51.618,51.596,51.575,51.553,51.531,51.509,51.487
52.579,52.557,52.534,52.511,52.488,52.465,52.441,52.417,52.393,52.369,52.345,52.321,52.297,52.273,52.25,52.226,52.203,52.18,52.158,52.135,52.113,52.091,52.069,52.048,52.026,52.005,51.984,51.963,51.942,51.921,51.9,51.879,51.858,51.837,51.816,51.795,51.775,51.754,51.733,51.712,51.691,51.67,51.649,51.628,51.606,51.585,51.564,51.543,51.522,51.501,51.48,51.458,51.437,51.416,51.395,51.373,51.352,51.331,51.309,51.288
52.359,52.338,52.316,52.294,52.271,52.249,52.226,52.202,52.179,52.156,52.132,52.109,52.086,52.062,52.039,52.016,51.994,51.971,51.949,51.927,51.905,51.883,51.862,51.841,51.819,51.799,51.778,51.757,51.737,51.716,51.696,51.675,51.655,51.635,51.614,51.594,51.574,51.553,51.533,51.513,51.492,51.472,51.451,51.431,51.41,51.39,51.369,51.349,51.328,51.308,51.287,51.267,51.246,51.225,51.205,51.184,51.163,51.143,51.122,51.101
52.152,52.131,52.11,52.089,52.067,52.045,52.023,52,51.978,51.955,51.932,51.909,51.887,51.864,51.841,51.819,51.796,51.774,51.752,51.731,51.709,51.688,51.666,51.646,51.625,51.604,51.584,51.563,51.543,51.523,51.503,51.483,51.464,51.444,51.424,51.404,51.384,51.365,51.345,51.325,51.305,51.285,51.265,51.246,51.226,51.206,51.186,51.166,51.146,51.126,51.106,51.086,51.066,51.046,51.026,51.006,50.986,50.965,50.945,50.925
51.956,51.936,51.916,51.896,51.875,51.853,51.832,51.81,51.788,51.766,51.743,51.721,51.699,51.677,51.654,51.632,51.61,51.589,51.567,51.546,51.524,51.503,51.482,51.462,51.441,51.421,51.401,51.381,51.361,51.341,51.322,51.302,51.283,51.264,51.244,51.225,51.206,51.186,51.167,51.148,51.129,51.109,51.09,51.071,51.051,51.032,51.012,50.993,50.974,50.954,50.935,50.915,50.896,50.876,50.857,50.837,50.818,50.798,50.779,50.759
51.771,51.752,51.732,51.713,51.692,51.672,51.651,51.629,51.608,51.586,51.565,51.543,51.521,51.5,51.478,51.456,51.435,51.413,51.392,51.371,51.35,51.329,51.309,51.288,51.268,51.248,51.228,51.209,51.189,51.17,51.15,51.131,51.112,51.093,51.074,51.056,51.037,51.018,50.999,50.98,50.961,50.943,50.924,50.905,50.886,50.867,50.848,50.829,50.81,50.792,50.773,50.754,50.735,50.716,50.697,50.678,50.659,50.64,50.621,50.602
51.595,51.577,51.558,51.539,51.519,51.499,51.479,51.459,51.438,51.417,51.396,51.374,51.353,51.332,51.311,51.29,51.268,51.247,51.226,51.206,51.185,51.165,51.144,51.124,51.104,51.085,51.065,51.046,51.026,51.007,50.988,50.969,50.951,50.932,50.914,50.895,50.877,50.858,50.84,50.822,50.803,50.785,50.766,50.748,50.73,50.711,50.693,50.675,50.656,50.638,50.619,50.601,50.582,50.564,50.545,50.527,50.508,50.49,50.471,50.453
51.429,51.411,51.393,51.374,51.355,51.336,51.316,51.296,51.276,51.256,51.235,51.215,51.194,51.173,51.152,51.131,51.111,51.09,51.069,51.049,51.029,51.009,50.989,50.969,50.949,50.93,50.91,50.891,50.872,50.853,50.835,50.816,50.798,50.779,50.761,50.743,50.725,50.707,50.689,50.671,50.653,50.635,50.617,50.599,50.581,50.563,50.545,50.527,50.509,50.491,50.473,50.455,50.437,50.419,50.401,50.383,50.365,50.347,50.329,50.311
51.27,51.253,51.236,51.218,51.2,51.181,51.162,51.142,51.123,51.103,51.083,51.063,51.042,51.022,51.002,50.981,50.961,50.941,50.921,50.9,50.88,50.861,50.841,50.821,50.802,50.783,50.763,50.745,50.726,50.707,50.689,50.67,50.652,50.634,50.616,50.598,50.581,50.563,50.545,50.528,50.51,50.493,50.475,50.458,50.44,50.423,50.405,50.388,50.37,50.352,50.335,50.317,50.3,50.282,50.265,50.247,50.229,50.212,50.194,50.176
51.119,51.103,51.086,51.069,51.051,51.033,51.014,50.996,50.977,50.957,50.938,50.918,50.898,50.878,50.858,50.839,50.819,50.799,50.779,50.759,50.739,50.72,50.7,50.681,50.662,50.643,50.624,50.605,50.587,50.568,50.55,50.532,50.514,50.496,50.479,50.461,50.444,50.426,50.409,50.392,50.374,50.357,50.34,50.323,50.306,50.289,50.272,50.254,50.237,50.22,50.203,50.186,50.169,50.151,50.134,50.117,50.1,50.083,50.065,50.048
50.975,50.96,50.944,50.927,50.91,50.892,50.874,50.856,50.837,50.818,50.799,50.78,50.761,50.741,50.722,50.702,50.683,50.663,50.644,50.624,50.605,50.586,50.567,50.548,50.529,50.51,50.491,50.473,50.454,50.436,50.418,50.4,50.383,50.365,50.348,50.33,50.313,50.296,50.279,50.262,50.245,50.228,50.211,50.194,50.178,50.161,50.144,50.127,50.111,50.094,50.077,50.06,50.044,50.027,50.01,49.993,49.976,49.96,49.943,49.926
50.838,50.823,50.807,50.791,50.775,50.758,50.74,50.722,50.704,50.686,50.667,50.649,50.63,50.611,50.592,50.573,50.553,50.534,50.515,50.496,50.477,50.458,50.439,50.42,50.402,50.383,50.365,50.346,50.328,50.31,50.293,50.275,50.257,50.24,50.223,50.206,50.189,50.172,50.155,50.138,50.121,50.105,50.088,50.072,50.055,50.039,50.023,50.006,49.99,49.973,49.957,49.941,49.924,49.908,49.891,49.875,49.858,49.842,49.826,49.809
50.706,50.692,50.677,50.661,50.645,50.629,50.612,50.595,50.577,50.559,50.541,50.523,50.505,50.486,50.467,50.449,50.43,50.411,50.392,50.373,50.355,50.336,50.317,50.299,50.28,50.262,50.244,50.226,50.208,50.19,50.173,50.155,50.138,50.121,50.103,50.087,50.07,50.053,50.036,50.02,50.004,49.987,49.971,49.955,49.939,49.922,49.906,49.89,49.874,49.858,49.842,49.826,49.81,49.794,49.778,49.762,49.746,49.73,49.713,49.697
50.579,50.566,50.552,50.537,50.521,50.506,50.489,50.473,50.455,50.438,50.42,50.403,50.385,50.367,50.348,50.33,50.312,50.293,50.275,50.256,50.238,50.219,50.201,50.183,50.165,50.146,50.128,50.111,50.093,50.075,50.058,50.041,50.023,50.006,49.99,49.973,49.956,49.94,49.923,49.907,49.891,49.875,49.859,49.843,49.827,49.811,49.795,49.779,49.764,49.748,49.732,49.716,49.701,49.685,49.669,49.653,49.638,49.622,49.606,49.59
50.458,50.445,50.432,50.417,50.403,50.387,50.372,50.355,50.339,50.322,50.305,50.287,50.27,50.252,50.234,50.216,50.198,50.18,50.162,50.144,50.126,50.108,50.09,50.072,50.054,50.036,50.018,50,49.983,49.966,49.948,49.931,49.914,49.897,49.881,49.864,49.848,49.831,49.815,49.799,49.783,49.767,49.751,49.735,49.72,49.704,49.689,49.673,49.658,49.642,49.627,49.611,49.596,49.58,49.565,49.549,49.534,49.519,49.503,49.488
50.342,50.329,50.316,50.303,50.289,50.274,50.259,50.243,50.227,50.21,50.194,50.177,50.16,50.142,50.125,50.107,50.09,50.072,50.054,50.036,50.018,50.001,49.983,49.965,49.947,49.93,49.912,49.895,49.878,49.86,49.843,49.826,49.81,49.793,49.776,49.76,49.744,49.727,49.711,49.695,49.68,49.664,49.648,49.633,49.617,49.602,49.586,49.571,49.556,49.541,49.525,49.51,49.495,49.48,49.465,49.45,49.435,49.42,49.404,49.389
50.23,50.218,50.205,50.192,50.179,50.165,50.15,50.135,50.119,50.103,50.087,50.071,50.054,50.037,50.02,50.003,49.985,49.968,49.95,49.933,49.915,49.898,49.88,49.863,49.845,49.828,49.811,49.794,49.776,49.759,49.743,49.726,49.709,49.693,49.676,49.66,49.644,49.628,49.612,49.596,49.58,49.565,49.549,49.534,49.519,49.504,49.488,49.473,49.458,49.443,49.428,49.414,49.399,49.384,49.369,49.354,49.339,49.324,49.31,49.295
50.122,50.111,50.099,50.086,50.073,50.059,50.045,50.031,50.016,50,49.985,49.969,49.952,49.936,49.919,49.902,49.885,49.868,49.851,49.834,49.816,49.799,49.782,49.765,49.748,49.73,49.713,49.696,49.679,49.663,49.646,49.629,49.613,49.596,49.58,49.564,49.548,49.532,49.516,49.501,49.485,49.47,49.455,49.439,49.424,49.409,49.394,49.379,49.365,49.35,49.335,49.32,49.306,49.291,49.277,49.262,49.247,49.233,49.218,49.204
50.019,50.008,49.996,49.984,49.971,49.958,49.945,49.931,49.916,49.901,49.886,49.87,49.854,49.838,49.822,49.805,49.789,49.772,49.755,49.738,49.721,49.704,49.687,49.67,49.653,49.637,49.62,49.603,49.586,49.57,49.553,49.537,49.52,49.504,49.488,49.472,49.456,49.44,49.425,49.409,49.394,49.379,49.364,49.348,49.333,49.319,49.304,49.289,49.274,49.26,49.245,49.231,49.216,49.202,49.188,49.173,49.159,49.145,49.13,49.116
49.919,49.908,49.897,49.885,49.873,49.86,49.847,49.834,49.82,49.805,49.791,49.775,49.76,49.744,49.728,49.712,49.696,49.679,49.663,49.646,49.63,49.613,49.596,49.58,49.563,49.546,49.53,49.513,49.496,49.48,49.464,49.447,49.431,49.415,49.399,49.383,49.368,49.352,49.337,49.321,49.306,49.291,49.276,49.261,49.246,49.231,49.217,49.202,49.188,49.173,49.159,49.145,49.131,49.116,49.102,49.088,49.074,49.06,49.046,49.032
49.823,49.812,49.801,49.79,49.778,49.766,49.754,49.74,49.727,49.713,49.699,49.684,49.669,49.654,49.638,49.622,49.606,49.59,49.574,49.558,49.541,49.525,49.508,49.492,49.476,49.459,49.443,49.426,49.41,49.394,49.378,49.362,49.346,49.33,49.314,49.298,49.283,49.267,49.252,49.237,49.222,49.206,49.192,49.177,49.162,49.148,49.133,49.119,49.104,49.09,49.076,49.062,49.048,49.034,49.02,49.006,48.992,48.978,48.964,48.95
49.73,49.72,49.709,49.698,49.687,49.675,49.663,49.65,49.637,49.624,49.61,49.596,49.581,49.566,49.551,49.535,49.52,49.504,49.488,49.472,49.456,49.44,49.424,49.408,49.391,49.375,49.359,49.343,49.327,49.311,49.295,49.279,49.263,49.247,49.232,49.216,49.201,49.185,49.17,49.155,49.14,49.125,49.11,49.096,49.081,49.067,49.052,49.038,49.024,49.01,48.996,48.982,48.968,48.954,48.94,48.926,48.913,48.899,48.885,48.872
49.641,49.631,49.62,49.609,49.599,49.587,49.575,49.563,49.55,49.537,49.524,49.51,49.496,49.481,49.467,49.452,49.436,49.421,49.405,49.39,49.374,49.358,49.342,49.326,49.31,49.294,49.278,49.262,49.246,49.231,49.215,49.199,49.183,49.168,49.152,49.137,49.122,49.106,49.091,49.076,49.061,49.047,49.032,49.018,49.003,48.989,48.974,48.96,48.946,48.932,48.918,48.905,48.891,48.877,48.863,48.85,48.836,48.823,48.809,48.796
49.554,49.545,49.534,49.524,49.513,49.502,49.491,49.479,49.466,49.454,49.441,49.427,49.414,49.4,49.385,49.371,49.356,49.341,49.325,49.31,49.294,49.279,49.263,49.247,49.232,49.216,49.2,49.185,49.169,49.153,49.138,49.122,49.107,49.091,49.076,49.061,49.045,49.03,49.015,49,48.986,48.971,48.956,48.942,48.928,48.913,48.899,48.885,48.871,48.857,48.844,48.83,48.816,48.803,48.789,48.776,48.763,48.749,48.736,48.723
49.471,49.461,49.452,49.441,49.43,49.42,49.408,49.397,49.385,49.373,49.36,49.347,49.334,49.32,49.306,49.292,49.278,49.263,49.248,49.233,49.218,49.202,49.187,49.171,49.156,49.14,49.125,49.109,49.094,49.078,49.063,49.048,49.032,49.017,49.002,48.987,48.972,48.957,48.942,48.927,48.913,48.898,48.884,48.869,48.855,48.841,48.827,48.813,48.799,48.785,48.772,48.758,48.745,48.731,48.718,48.704,48.691,48.678,48.665,48.652
49.391,49.38,49.371,49.36,49.351,49.34,49.329,49.318,49.306,49.294,49.282,49.27,49.257,49.243,49.23,49.216,49.202,49.188,49.173,49.158,49.143,49.128,49.113,49.098,49.083,49.067,49.052,49.037,49.021,49.006,48.991,48.976,48.96,48.945,48.93,48.915,48.9,48.886,48.871,48.856,48.842,48.827,48.813,48.799,48.785,48.771,48.757,48.743,48.729,48.715,48.702,48.688,48.675,48.662,48.649,48.635,48.622,48.609,48.596,48.583
49.313,49.303,49.293,49.283,49.273,49.263,49.252,49.241,49.23,49.219,49.207,49.194,49.182,49.169,49.156,49.142,49.128,49.114,49.1,49.086,49.071,49.056,49.041,49.027,49.012,48.996,48.981,48.966,48.951,48.936,48.921,48.906,48.891,48.876,48.861,48.846,48.832,48.817,48.802,48.788,48.773,48.759,48.745,48.731,48.717,48.703,48.689,48.675,48.662,48.648,48.635,48.621,48.608,48.595,48.582,48.568,48.555,48.543,48.53,48.517
49.237,49.228,49.218,49.208,49.198,49.188,49.178,49.167,49.156,49.145,49.133,49.121,49.109,49.097,49.084,49.071,49.057,49.044,49.03,49.016,49.001,48.987,48.972,48.957,48.943,48.928,48.913,48.898,48.883,48.868,48.853,48.838,48.824,48.809,48.794,48.779,48.765,48.75,48.736,48.721,48.707,48.693,48.679,48.665,48.651,48.637,48.623,48.61,48.596,48.583,48.569,48.556,48.543,48.53,48.517,48.504,48.491,48.478,48.465,48.453
49.164,49.155,49.145,49.135,49.126,49.115,49.106,49.095,49.084,49.073,49.062,49.05,49.039,49.026,49.014,49.001,48.988,48.975,48.961,48.947,48.933,48.919,48.905,48.89,48.876,48.861,48.847,48.832,48.817,48.802,48.788,48.773,48.758,48.744,48.729,48.715,48.7,48.686,48.671,48.657,48.643,48.629,48.615,48.601,48.587,48.573,48.56,48.546,48.533,48.519,48.506,48.493,48.48,48.467,48.454,48.441,48.428,48.416,48.403,48.39
49.094,49.084,49.074,49.065,49.055,49.045,49.035,49.025,49.015,49.004,48.993,48.981,48.97,48.958,48.946,48.934,48.921,48.908,48.895,48.881,48.867,48.854,48.84,48.825,48.811,48.797,48.782,48.768,48.753,48.739,48.724,48.71,48.695,48.681,48.666,48.652,48.638,48.623,48.609,48.595,48.581,48.567,48.553,48.539,48.525,48.512,48.498,48.485,48.471,48.458,48.445,48.432,48.419,48.406,48.393,48.38,48.368,48.355,48.342,48.33
49.025,49.016,49.007,48.997,48.987,48.977,48.967,48.957,48.947,48.936,48.926,48.915,48.903,48.892,48.88,48.868,48.855,48.843,48.83,48.817,48.803,48.79,48.776,48.762,48.748,48.734,48.72,48.706,48.691,48.677,48.663,48.648,48.634,48.619,48.605,48.591,48.577,48.563,48.549,48.535,48.521,48.507,48.493,48.479,48.466,48.452,48.439,48.425,48.412,48.399,48.386,48.373,48.36,48.347,48.334,48.321,48.309,48.296,48.284,48.271
48.96,48.95,48.94,48.931,48.921,48.912,48.902,48.891,48.882,48.871,48.86,48.849,48.839,48.827,48.816,48.804,48.792,48.78,48.767,48.754,48.741,48.728,48.714,48.701,48.687,48.673,48.659,48.645,48.631,48.617,48.603,48.588,48.574,48.56,48.546,48.532,48.518,48.504,48.49,48.476,48.462,48.448,48.435,48.421,48.407,48.394,48.381,48.367,48.354,48.341,48.328,48.315,48.302,48.29,48.277,48.264,48.252,48.239,48.227,48.215
48.895,48.885,48.877,48.866,48.858,48.847,48.838,48.827,48.817,48.807,48.797,48.787,48.776,48.765,48.753,48.742,48.73,48.718,48.706,48.693,48.68,48.667,48.654,48.641,48.627,48.614,48.6,48.586,48.572,48.558,48.544,48.53,48.516,48.502,48.488,48.474,48.46,48.447,48.433,48.419,48.405,48.392,48.378,48.364,48.351,48.338,48.324,48.311,48.298,48.285,48.272,48.259,48.247,48.234,48.221,48.209,48.196,48.184,48.172,48.159
48.833,48.823,48.814,48.804,48.795,48.785,48.775,48.766,48.756,48.746,48.736,48.725,48.714,48.704,48.692,48.681,48.67,48.658,48.646,48.634,48.621,48.609,48.596,48.583,48.57,48.556,48.543,48.529,48.515,48.502,48.488,48.474,48.46,48.446,48.432,48.419,48.405,48.391,48.377,48.364,48.35,48.337,48.323,48.31,48.296,48.283,48.27,48.257,48.244,48.231,48.218,48.205,48.192,48.18,48.167,48.155,48.143,48.13,48.118,48.106
