-10,-9.322,-8.6441,-7.9661,-7.2881,-6.6102,-5.9322,-5.2542,-4.5763,-3.8983,-3.2203,-2.5424,-1.8644,-1.1864,-0.50847,0.16949,0.84746,1.5254,2.2034,2.8814,3.5593,4.2373,4.9153,5.5932,6.2712,6.9492,7.6271,8.3051,8.9831,9.661,10.339,11.017,11.695,12.373,13.051,13.729,14.407,15.085,15.763,16.441,17.119,17.797,18.475,19.153,19.831,20.508,21.186,21.864,22.542,23.22,23.898,24.576,25.254,25.932,26.61,27.288,27.966,28.644,29.322,30
0,0.00042373,0.00084746,0.0012712,0.0016949,0.0021186,0.0025424,0.0029661,0.0033898,0.0038136,0.0042373,0.004661,0.0050847,0.0055085,0.0059322,0.0063559,0.0067797,0.0072034,0.0076271,0.0080508,0.0084746,0.0088983,0.009322,0.0097458,0.010169,0.010593,0.011017,0.011441,0.011864,0.012288,0.012712,0.013136,0.013559,0.013983,0.014407,0.014831,0.015254,0.015678,0.016102,0.016525,0.016949,0.017373,0.017797,0.01822,0.018644,0.019068,0.019492,0.019915,0.020339,0.020763,0.021186,0.02161,0.022034,0.022458,0.022881,0.023305,0.023729,0.024153,0.024576,0.025
40.374,40.356,40.338,40.32,40.303,40.285,40.268,40.251,40.234,40.217,40.2,41.508,40.167,41.468,40.134,40.118,40.102,40.085,40.069,41.347,40.037,40.022,41.287,39.99,41.247,41.227,41.207,41.187,41.167,41.147,39.883,41.107,41.087,41.066,41.047,41.026,41.007,40.986,40.967,40.947,40.927,40.907,40.887,40.867,40.847,40.828,40.808,40.788,40.768,40.749,40.729,40.71,40.69,40.671,40.651,40.632,40.613,40.594,40.575,40.556
41.665,41.645,41.625,41.605,40.341,41.566,40.307,41.526,41.507,40.258,40.241,41.447,41.428,41.408,41.388,41.368,41.349,41.329,41.31,41.29,41.27,41.251,41.231,41.211,41.192,41.172,41.153,41.133,41.114,41.094,41.075,41.055,41.036,41.016,40.997,40.978,40.958,40.939,40.919,40.9,40.881,40.862,40.843,40.824,40.804,40.785,40.767,40.748,40.729,40.71,40.691,40.673,40.654,40.636,40.617,40.599,40.581,40.563,40.545,40.528
41.601,41.582,41.562,41.543,41.523,41.504,41.485,41.465,41.446,41.426,41.407,41.388,41.369,41.349,41.33,41.311,41.292,41.273,41.254,41.234,41.215,41.197,41.178,41.158,41.139,41.12,41.102,41.083,41.064,41.045,41.026,41.007,40.988,40.97,40.951,40.932,40.914,40.895,40.877,40.858,40.84,40.821,40.803,40.785,40.767,40.749,40.731,40.713,40.695,40.678,40.66,40.643,40.626,40.608,40.591,40.575,40.558,40.541,40.525,40.509
41.541,41.522,41.502,41.483,41.465,41.446,41.426,41.407,41.388,41.369,41.351,41.332,41.313,41.294,41.276,41.258,41.239,41.221,41.203,41.184,41.165,41.147,41.128,41.11,41.092,41.074,41.055,41.037,41.019,41.001,40.983,40.965,40.947,40.929,40.911,40.894,40.876,40.858,40.841,40.824,40.807,40.789,40.772,40.755,40.739,40.722,40.705,40.689,40.673,40.657,40.641,40.625,40.61,40.594,40.579,40.565,40.55,40.536,40.522,40.508
41.484,41.467,41.447,41.431,41.411,41.392,41.373,41.355,41.336,41.318,41.3,41.283,41.266,41.248,41.231,41.212,41.194,41.176,41.158,41.141,41.123,41.105,41.087,41.07,41.053,41.035,41.018,41,40.983,40.966,40.949,40.932,40.916,40.899,40.883,40.866,40.85,40.834,40.818,40.802,40.787,40.771,40.756,40.741,40.726,40.713,40.699,40.685,40.671,40.657,40.644,40.631,40.618,40.606,40.593,40.581,40.569,40.557,40.546,40.535
41.435,41.418,41.401,41.384,41.365,41.346,41.328,41.31,41.292,41.276,41.26,41.248,41.23,41.211,41.193,41.176,41.158,41.141,41.124,41.107,41.09,41.074,41.057,41.041,41.025,41.008,40.993,40.977,40.961,40.946,40.93,40.915,40.9,40.886,40.871,40.857,40.843,40.829,40.815,40.802,40.789,40.776,40.763,40.751,40.739,40.727,40.715,40.713,40.702,40.691,40.68,40.67,40.66,40.65,40.641,40.633,40.625,40.618,40.612,40.607
41.393,41.379,41.365,41.349,41.329,41.311,41.294,41.278,41.263,41.248,41.232,41.225,41.205,41.187,41.17,41.153,41.137,41.121,41.105,41.09,41.074,41.059,41.045,41.03,41.016,41.002,40.988,40.974,40.961,40.948,40.935,40.922,40.91,40.898,40.887,40.876,40.865,40.855,40.844,40.834,40.825,40.816,40.808,40.799,40.792,40.785,40.779,40.773,40.783,40.777,40.773,40.77,40.769,40.769,40.77,40.774,40.781,40.79,40.803,40.821
41.362,41.357,41.346,41.329,41.31,41.294,41.279,41.266,41.253,41.239,41.224,41.221,41.202,41.184,41.167,41.152,41.138,41.124,41.11,41.098,41.085,41.073,41.061,41.05,41.039,41.028,41.018,41.008,40.999,40.99,40.982,40.975,40.968,40.962,40.957,40.952,40.948,40.945,40.943,40.942,40.943,40.945,40.95,40.956,40.967,40.981,41.001,41.029,41.072,42.656,42.596,42.536,42.475,42.414,42.352,42.289,42.227,42.163,42.099,42.035
41.368,41.362,41.352,41.336,41.32,41.309,41.298,41.288,41.277,41.264,41.252,41.254,41.236,41.22,41.208,41.197,41.187,41.179,41.172,41.165,41.16,41.156,41.152,41.15,41.15,41.151,41.154,41.159,41.166,41.178,41.194,41.217,41.253,41.315,42.783,42.727,42.672,42.617,42.56,42.504,42.448,42.391,42.334,42.276,42.218,42.16,42.102,42.043,41.984,41.924,41.854,41.796,41.737,41.679,41.618,41.558,41.497,41.436,41.374,41.311
41.463,41.451,41.442,41.429,41.427,41.429,41.43,41.429,41.429,41.429,41.432,41.439,41.461,41.474,41.506,41.594,42.954,42.906,42.857,42.809,42.759,42.71,42.659,42.609,42.559,42.509,42.459,42.408,42.356,42.305,42.254,42.202,42.15,42.097,42.044,41.991,41.937,41.883,41.83,41.776,41.721,41.666,41.611,41.556,41.5,41.444,41.387,41.331,41.273,41.215,41.158,41.099,41.042,40.984,40.926,40.868,40.808,40.748,40.688,40.628
42.879,42.838,42.808,42.775,42.726,42.685,42.646,42.607,42.568,42.529,42.489,42.447,42.409,42.367,42.322,42.275,42.227,42.18,42.132,42.084,42.036,41.989,41.941,41.893,41.846,41.798,41.749,41.701,41.651,41.601,41.552,41.502,41.451,41.401,41.349,41.298,41.246,41.194,41.142,41.088,41.035,40.983,40.928,40.875,40.821,40.766,40.711,40.656,40.601,40.545,40.489,40.433,40.386,40.328,40.271,40.214,40.156,40.097,40.038,39.979
42.187,42.145,42.114,42.08,42.032,41.994,41.958,41.92,41.88,41.841,41.8,41.758,41.728,41.683,41.636,41.588,41.541,41.494,41.449,41.404,41.358,41.314,41.268,41.222,41.176,41.13,41.082,41.036,40.988,40.94,40.891,40.842,40.793,40.744,40.694,40.643,40.593,40.542,40.491,40.439,40.388,40.336,40.284,40.232,40.179,40.126,40.072,40.019,39.965,39.911,39.857,39.803,39.748,39.708,39.651,39.594,39.537,39.48,39.423,39.365
41.526,41.494,41.458,41.422,41.38,41.346,41.309,41.271,41.231,41.191,41.149,41.108,41.083,41.034,40.985,40.94,40.896,40.853,40.809,40.766,40.723,40.679,40.635,40.591,40.545,40.5,40.454,40.407,40.36,40.313,40.266,40.217,40.169,40.12,40.072,40.023,39.974,39.925,39.875,39.825,39.775,39.725,39.674,39.623,39.573,39.521,39.471,39.418,39.367,39.315,39.263,39.21,39.158,39.105,39.063,39.007,38.952,38.897,38.842,38.788
40.911,40.879,40.839,40.803,40.768,40.733,40.694,40.655,40.614,40.575,40.535,40.495,40.455,40.42,40.376,40.333,40.292,40.251,40.209,40.167,40.125,40.081,40.037,39.993,39.948,39.903,39.857,39.811,39.764,39.717,39.67,39.627,39.58,39.533,39.486,39.439,39.392,39.344,39.296,39.248,39.2,39.151,39.102,39.053,39.005,38.955,38.906,38.856,38.806,38.756,38.706,38.656,38.605,38.554,38.508,38.456,38.403,38.351,38.299,38.247
40.333,40.297,40.258,40.223,40.191,40.152,40.11,40.075,40.037,39.998,39.96,39.922,39.882,39.845,39.803,39.763,39.724,39.683,39.642,39.6,39.558,39.515,39.472,39.428,39.383,39.339,39.293,39.247,39.202,39.163,39.119,39.073,39.028,38.983,38.937,38.892,38.846,38.8,38.753,38.707,38.66,38.614,38.567,38.519,38.472,38.424,38.376,38.329,38.28,38.232,38.185,38.136,38.087,38.037,37.987,37.938,37.888,37.839,37.789,37.739
39.784,39.747,39.713,39.679,39.645,39.604,39.569,39.531,39.495,39.458,39.42,39.386,39.345,39.305,39.266,39.227,39.188,39.148,39.107,39.066,39.024,38.981,38.938,38.895,38.851,38.813,38.77,38.727,38.684,38.641,38.597,38.554,38.51,38.466,38.422,38.377,38.333,38.288,38.243,38.198,38.153,38.11,38.064,38.017,37.971,37.924,37.877,37.831,37.784,37.737,37.691,37.643,37.596,37.549,37.501,37.454,37.406,37.358,37.31,37.262
39.268,39.235,39.203,39.167,39.132,39.095,39.058,39.021,38.993,38.951,38.912,38.874,38.835,38.798,38.76,38.722,38.684,38.644,38.605,38.565,38.524,38.484,38.443,38.401,38.36,38.319,38.277,38.235,38.201,38.157,38.113,38.07,38.026,37.982,37.938,37.895,37.851,37.807,37.763,37.72,37.676,37.632,37.588,37.544,37.499,37.454,37.409,37.364,37.318,37.272,37.227,37.181,37.135,37.089,37.043,36.997,36.951,36.904,36.858,36.812
38.788,38.753,38.719,38.683,38.65,38.616,38.58,38.544,38.507,38.471,38.434,38.397,38.359,38.321,38.283,38.245,38.207,38.17,38.132,38.094,38.056,38.017,37.978,37.939,37.899,37.853,37.812,37.771,37.73,37.688,37.647,37.605,37.564,37.522,37.48,37.438,37.396,37.354,37.311,37.269,37.227,37.184,37.141,37.097,37.054,37.011,36.967,36.924,36.88,36.836,36.792,36.746,36.703,36.658,36.614,36.569,36.525,36.479,36.435,36.39
38.332,38.298,38.264,38.23,38.196,38.16,38.123,38.09,38.055,38.02,37.984,37.948,37.911,37.873,37.836,37.799,37.761,37.724,37.686,37.647,37.608,37.57,37.53,37.491,37.452,37.412,37.372,37.333,37.292,37.253,37.212,37.172,37.131,37.09,37.053,37.012,36.971,36.929,36.888,36.846,36.805,36.763,36.72,36.678,36.636,36.594,36.551,36.509,36.466,36.423,36.38,36.338,36.295,36.252,36.209,36.166,36.122,36.079,36.036,35.993
37.901,37.87,37.838,37.802,37.769,37.735,37.701,37.667,37.63,37.596,37.559,37.523,37.487,37.451,37.414,37.378,37.342,37.304,37.267,37.23,37.192,37.155,37.117,37.079,37.041,37.002,36.964,36.925,36.887,36.847,36.808,36.769,36.73,36.69,36.65,36.609,36.57,36.529,36.487,36.447,36.406,36.365,36.324,36.283,36.243,36.202,36.161,36.12,36.079,36.037,35.996,35.955,35.913,35.871,35.83,35.788,35.746,35.705,35.663,35.62
37.501,37.468,37.433,37.401,37.367,37.334,37.3,37.266,37.231,37.195,37.16,37.125,37.09,37.055,37.019,36.984,36.947,36.911,36.875,36.838,36.8,36.763,36.726,36.689,36.652,36.614,36.576,36.538,36.5,36.461,36.422,36.384,36.346,36.306,36.268,36.229,36.189,36.15,36.111,36.072,36.032,35.992,35.953,35.914,35.874,35.834,35.795,35.755,35.715,35.674,35.634,35.594,35.554,35.513,35.473,35.433,35.392,35.351,35.311,35.269
37.122,37.089,37.054,37.024,36.99,36.956,36.922,36.888,36.854,36.819,36.785,36.751,36.718,36.683,36.647,36.612,36.576,36.54,36.504,36.468,36.432,36.395,36.359,36.323,36.286,36.249,36.212,36.175,36.138,36.1,36.063,36.025,35.988,35.95,35.912,35.874,35.836,35.798,35.76,35.721,35.683,35.645,35.606,35.567,35.528,35.49,35.451,35.411,35.373,35.333,35.294,35.255,35.216,35.176,35.138,35.098,35.059,35.019,34.98,34.941
36.764,36.732,36.701,36.667,36.634,36.602,36.569,36.535,36.502,36.468,36.434,36.4,36.366,36.331,36.296,36.261,36.226,36.192,36.156,36.121,36.086,36.05,36.014,35.978,35.943,35.907,35.87,35.834,35.797,35.761,35.724,35.688,35.651,35.614,35.577,35.54,35.503,35.465,35.428,35.39,35.353,35.315,35.278,35.24,35.203,35.165,35.127,35.089,35.051,35.013,34.975,34.937,34.899,34.861,34.823,34.785,34.746,34.708,34.67,34.632
36.429,36.398,36.366,36.333,36.3,36.268,36.235,36.203,36.169,36.136,36.102,36.069,36.035,36.001,35.967,35.933,35.899,35.864,35.829,35.795,35.76,35.725,35.69,35.655,35.619,35.584,35.549,35.513,35.477,35.441,35.406,35.37,35.334,35.298,35.261,35.225,35.189,35.153,35.116,35.08,35.044,35.007,34.97,34.934,34.897,34.86,34.823,34.786,34.749,34.712,34.675,34.638,34.601,34.564,34.527,34.49,34.453,34.416,34.379,34.341
36.114,36.082,36.05,36.018,35.986,35.954,35.922,35.889,35.856,35.824,35.79,35.757,35.724,35.691,35.657,35.623,35.59,35.556,35.521,35.488,35.453,35.419,35.385,35.35,35.316,35.281,35.246,35.212,35.177,35.142,35.107,35.071,35.036,35.001,34.966,34.931,34.895,34.86,34.825,34.789,34.753,34.717,34.681,34.645,34.609,34.572,34.536,34.501,34.465,34.429,34.393,34.357,34.321,34.285,34.249,34.213,34.177,34.141,34.105,34.069
35.817,35.785,35.754,35.722,35.691,35.658,35.627,35.594,35.562,35.53,35.497,35.464,35.431,35.398,35.365,35.332,35.299,35.266,35.233,35.199,35.166,35.132,35.098,35.065,35.031,34.997,34.963,34.929,34.894,34.86,34.826,34.791,34.756,34.721,34.688,34.654,34.619,34.584,34.549,34.514,34.479,34.444,34.409,34.374,34.339,34.304,34.269,34.234,34.197,34.163,34.128,34.093,34.059,34.024,33.989,33.955,33.919,33.885,33.849,33.814
35.538,35.506,35.475,35.443,35.412,35.381,35.349,35.317,35.286,35.253,35.22,35.187,35.155,35.124,35.092,35.059,35.027,34.993,34.961,34.928,34.895,34.861,34.827,34.795,34.762,34.728,34.694,34.661,34.627,34.593,34.56,34.526,34.492,34.458,34.424,34.39,34.356,34.322,34.289,34.255,34.221,34.187,34.153,34.119,34.086,34.051,34.018,33.983,33.949,33.915,33.881,33.847,33.812,33.781,33.746,33.712,33.677,33.642,33.608,33.573
35.273,35.242,35.212,35.182,35.15,35.117,35.086,35.055,35.023,34.992,34.961,34.929,34.897,34.866,34.834,34.802,34.769,34.736,34.704,34.672,34.639,34.607,34.575,34.54,34.508,34.475,34.443,34.41,34.377,34.345,34.312,34.279,34.246,34.213,34.18,34.147,34.114,34.081,34.048,34.015,33.982,33.947,33.914,33.881,33.847,33.814,33.781,33.747,33.714,33.68,33.647,33.613,33.58,33.547,33.513,33.48,33.447,33.413,33.38,33.346
35.025,34.995,34.964,34.935,34.902,34.872,34.84,34.81,34.779,34.749,34.716,34.685,34.654,34.622,34.591,34.559,34.526,34.495,34.463,34.431,34.399,34.368,34.336,34.304,34.272,34.24,34.208,34.176,34.144,34.111,34.079,34.046,34.014,33.981,33.949,33.916,33.883,33.85,33.818,33.785,33.752,33.72,33.687,33.654,33.621,33.589,33.557,33.525,33.492,33.459,33.427,33.394,33.362,33.329,33.297,33.265,33.232,33.2,33.168,33.136
34.792,34.762,34.732,34.701,34.67,34.64,34.61,34.579,34.548,34.517,34.486,34.455,34.423,34.392,34.361,34.33,34.298,34.267,34.237,34.206,34.174,34.143,34.111,34.079,34.047,34.015,33.983,33.951,33.919,33.89,33.858,33.826,33.793,33.761,33.729,33.697,33.665,33.633,33.601,33.57,33.538,33.506,33.474,33.443,33.411,33.379,33.347,33.316,33.284,33.253,33.22,33.189,33.157,33.125,33.094,33.062,33.03,32.999,32.967,32.935
34.572,34.541,34.51,34.481,34.452,34.42,34.389,34.361,34.328,34.298,34.267,34.237,34.207,34.177,34.146,34.115,34.084,34.055,34.024,33.992,33.961,33.929,33.898,33.867,33.836,33.804,33.773,33.742,33.711,33.68,33.648,33.617,33.587,33.555,33.524,33.494,33.463,33.432,33.401,33.37,33.338,33.307,33.276,33.245,33.214,33.183,33.151,33.12,33.089,33.058,33.026,32.995,32.964,32.932,32.902,32.871,32.84,32.809,32.778,32.747
34.363,34.333,34.303,34.274,34.244,34.213,34.182,34.152,34.123,34.093,34.064,34.034,34.004,33.973,33.943,33.912,33.882,33.851,33.822,33.79,33.76,33.729,33.698,33.668,33.638,33.607,33.577,33.546,33.516,33.486,33.455,33.425,33.394,33.364,33.334,33.302,33.272,33.241,33.21,33.179,33.148,33.117,33.086,33.056,33.025,32.994,32.963,32.933,32.902,32.872,32.842,32.811,32.781,32.751,32.721,32.691,32.66,32.631,32.601,32.571
34.167,34.137,34.109,34.078,34.048,34.018,33.989,33.96,33.931,33.901,33.871,33.841,33.81,33.78,33.75,33.72,33.69,33.66,33.63,33.6,33.571,33.541,33.511,33.481,33.451,33.421,33.392,33.361,33.331,33.301,33.271,33.24,33.21,33.179,33.149,33.118,33.087,33.059,33.029,32.999,32.969,32.938,32.908,32.878,32.848,32.818,32.788,32.758,32.729,32.699,32.67,32.64,32.611,32.582,32.552,32.523,32.493,32.464,32.435,32.406
33.982,33.953,33.923,33.892,33.864,33.835,33.806,33.777,33.747,33.717,33.686,33.657,33.627,33.598,33.569,33.539,33.51,33.481,33.452,33.422,33.393,33.363,33.334,33.304,33.274,33.244,33.214,33.184,33.154,33.124,33.094,33.064,33.033,33.004,32.973,32.943,32.913,32.883,32.853,32.824,32.794,32.77,32.741,32.712,32.683,32.654,32.625,32.596,32.567,32.538,32.509,32.48,32.45,32.421,32.392,32.363,32.334,32.305,32.276,32.247
33.805,33.778,33.747,33.718,33.69,33.661,33.63,33.6,33.569,33.537,33.514,33.485,33.456,33.428,33.399,33.37,33.341,33.312,33.282,33.253,33.223,33.193,33.163,33.133,33.106,33.077,33.047,33.018,32.989,32.96,32.931,32.902,32.873,32.844,32.815,32.786,32.757,32.729,32.7,32.671,32.643,32.615,32.586,32.558,32.53,32.498,32.469,32.439,32.41,32.381,32.353,32.324,32.295,32.266,32.238,32.21,32.181,32.153,32.125,32.097
33.64,33.609,33.575,33.555,33.525,33.493,33.466,33.436,33.407,33.377,33.348,33.324,33.296,33.267,33.238,33.208,33.178,33.149,33.12,33.091,33.061,33.032,33.002,32.974,32.945,32.917,32.891,32.863,32.834,32.806,32.778,32.749,32.721,32.692,32.664,32.636,32.607,32.578,32.55,32.522,32.493,32.465,32.436,32.407,32.379,32.35,32.322,32.293,32.265,32.235,32.207,32.179,32.152,32.124,32.096,32.069,32.041,32.014,31.987,31.959
33.484,33.45,33.427,33.397,33.366,33.335,33.311,33.283,33.256,33.229,33.202,33.175,33.139,33.111,33.081,33.053,33.025,32.996,32.968,32.94,32.908,32.88,32.852,32.825,32.797,32.77,32.743,32.716,32.688,32.658,32.629,32.601,32.572,32.544,32.515,32.486,32.458,32.429,32.401,32.373,32.344,32.316,32.288,32.26,32.232,32.204,32.177,32.149,32.122,32.094,32.067,32.04,32.013,31.986,31.963,31.936,31.909,31.881,31.855,31.828
33.331,33.301,33.28,33.246,33.219,33.188,33.164,33.136,33.107,33.078,33.05,33.022,32.994,32.965,32.937,32.908,32.881,32.853,32.826,32.799,32.771,32.743,32.713,32.686,32.659,32.632,32.605,32.578,32.55,32.521,32.492,32.46,32.432,32.404,32.376,32.348,32.321,32.293,32.266,32.239,32.212,32.184,32.158,32.131,32.104,32.077,32.051,32.024,31.998,31.971,31.945,31.918,31.892,31.865,31.838,31.811,31.785,31.758,31.731,31.699
33.188,33.163,33.132,33.107,33.081,33.051,33.027,32.993,32.964,32.935,32.907,32.879,32.851,32.823,32.801,32.773,32.747,32.719,32.691,32.663,32.634,32.605,32.577,32.548,32.527,32.5,32.471,32.442,32.414,32.385,32.357,32.329,32.301,32.274,32.248,32.221,32.195,32.168,32.141,32.115,32.088,32.062,32.035,32.008,31.981,31.954,31.926,31.899,31.872,31.845,31.818,31.791,31.764,31.737,31.711,31.684,31.658,31.632,31.606,31.581
33.058,33.028,32.999,32.975,32.947,32.916,32.893,32.862,32.833,32.806,32.779,32.753,32.727,32.7,32.674,32.642,32.613,32.585,32.558,32.53,32.502,32.474,32.447,32.42,32.393,32.366,32.341,32.313,32.285,32.258,32.231,32.205,32.178,32.152,32.126,32.099,32.073,32.046,32.019,31.992,31.964,31.937,31.909,31.882,31.854,31.827,31.801,31.774,31.748,31.722,31.696,31.67,31.645,31.619,31.594,31.569,31.544,31.519,31.494,31.469
32.933,32.898,32.876,32.851,32.816,32.787,32.763,32.734,32.708,32.683,32.657,32.63,32.602,32.574,32.546,32.518,32.491,32.461,32.431,32.404,32.379,32.353,32.327,32.3,32.275,32.248,32.222,32.196,32.166,32.14,32.114,32.088,32.062,32.035,32.008,31.981,31.954,31.927,31.9,31.873,31.847,31.813,31.787,31.761,31.735,31.71,31.685,31.66,31.635,31.611,31.586,31.562,31.537,31.513,31.488,31.463,31.438,31.413,31.387,31.362
32.803,32.777,32.754,32.724,32.693,32.669,32.644,32.615,32.59,32.562,32.532,32.504,32.476,32.45,32.423,32.397,32.371,32.345,32.319,32.291,32.265,32.239,32.214,32.188,32.161,32.134,32.107,32.079,32.051,32.024,31.996,31.974,31.947,31.92,31.894,31.867,31.841,31.814,31.788,31.763,31.737,31.711,31.686,31.66,31.634,31.605,31.581,31.558,31.534,31.51,31.486,31.461,31.436,31.41,31.384,31.357,31.331,31.306,31.28,31.255
32.683,32.665,32.631,32.606,32.582,32.557,32.529,32.502,32.474,32.446,32.41,32.385,32.36,32.337,32.312,32.287,32.261,32.234,32.207,32.18,32.153,32.13,32.103,32.076,32.046,32.019,31.992,31.965,31.938,31.912,31.885,31.859,31.834,31.808,31.785,31.76,31.734,31.709,31.683,31.658,31.633,31.607,31.581,31.556,31.53,31.505,31.479,31.453,31.428,31.412,31.385,31.358,31.331,31.304,31.278,31.252,31.227,31.203,31.178,31.155
32.581,32.556,32.523,32.499,32.472,32.447,32.415,32.385,32.362,32.336,32.31,32.277,32.256,32.234,32.208,32.18,32.152,32.125,32.098,32.072,32.045,32.019,31.989,31.96,31.934,31.907,31.887,31.862,31.836,31.811,31.786,31.761,31.736,31.712,31.687,31.662,31.637,31.608,31.582,31.556,31.531,31.505,31.48,31.454,31.429,31.403,31.378,31.353,31.328,31.304,31.279,31.255,31.23,31.201,31.176,31.152,31.129,31.107,31.084,31.062
32.478,32.441,32.418,32.396,32.364,32.333,32.307,32.282,32.257,32.232,32.206,32.179,32.159,32.133,32.102,32.073,32.046,32.02,31.994,31.969,31.943,31.918,31.892,31.866,31.84,31.81,31.785,31.761,31.74,31.715,31.689,31.664,31.638,31.612,31.586,31.56,31.534,31.508,31.482,31.456,31.432,31.407,31.382,31.357,31.332,31.308,31.283,31.259,31.235,31.211,31.187,31.163,31.139,31.115,31.091,31.067,31.044,31.02,30.998,30.976
32.366,32.343,32.317,32.291,32.261,32.236,32.203,32.186,32.161,32.131,32.105,32.077,32.05,32.029,31.997,31.97,31.945,31.921,31.897,31.872,31.846,31.82,31.794,31.768,31.742,31.716,31.695,31.669,31.648,31.623,31.598,31.563,31.538,31.512,31.487,31.462,31.436,31.411,31.387,31.362,31.338,31.314,31.29,31.266,31.241,31.217,31.193,31.169,31.145,31.121,31.097,31.073,31.049,31.025,31,30.976,30.951,30.927,30.903,30.879
32.27,32.245,32.217,32.186,32.166,32.139,32.116,32.087,32.06,32.032,32.006,31.98,31.954,31.929,31.904,31.873,31.852,31.83,31.805,31.778,31.751,31.724,31.698,31.672,31.647,31.622,31.597,31.572,31.543,31.517,31.495,31.47,31.444,31.419,31.398,31.373,31.349,31.325,31.301,31.277,31.253,31.229,31.205,31.181,31.156,31.131,31.107,31.082,31.057,31.032,31.008,30.983,30.959,30.934,30.91,30.886,30.862,30.839,30.816,30.793
32.18,32.149,32.119,32.097,32.074,32.043,32.016,31.994,31.963,31.937,31.912,31.888,31.863,31.838,31.813,31.787,31.766,31.741,31.712,31.684,31.658,31.632,31.607,31.582,31.558,31.533,31.508,31.484,31.459,31.435,31.41,31.384,31.36,31.335,31.311,31.288,31.264,31.238,31.213,31.188,31.164,31.139,31.114,31.09,31.065,31.041,31.017,30.993,30.969,30.946,30.922,30.899,30.872,30.848,30.825,30.802,30.78,30.757,30.735,30.713
32.084,32.056,32.031,32.007,31.981,31.951,31.926,31.896,31.872,31.851,31.827,31.802,31.774,31.749,31.722,31.695,31.668,31.65,31.621,31.595,31.57,31.545,31.521,31.497,31.472,31.448,31.423,31.398,31.373,31.348,31.322,31.297,31.271,31.246,31.228,31.203,31.177,31.153,31.128,31.104,31.077,31.053,31.029,31.005,30.982,30.958,30.935,30.912,30.889,30.866,30.843,30.82,30.797,30.774,30.751,30.728,30.703,30.681,30.66,30.638
31.996,31.968,31.946,31.916,31.891,31.865,31.841,31.815,31.791,31.764,31.738,31.712,31.685,31.658,31.631,31.605,31.58,31.556,31.532,31.51,31.486,31.462,31.438,31.412,31.387,31.361,31.336,31.31,31.285,31.26,31.234,31.209,31.184,31.16,31.135,31.11,31.086,31.066,31.042,31.021,30.997,30.974,30.95,30.928,30.904,30.881,30.857,30.834,30.81,30.787,30.763,30.739,30.716,30.692,30.669,30.646,30.623,30.6,30.578,30.555
31.911,31.885,31.857,31.827,31.803,31.782,31.755,31.727,31.699,31.679,31.65,31.625,31.6,31.576,31.546,31.522,31.498,31.476,31.453,31.43,31.406,31.379,31.353,31.328,31.303,31.278,31.253,31.228,31.204,31.18,31.155,31.131,31.108,31.084,31.06,31.037,31.013,30.99,30.967,30.944,30.921,30.897,30.874,30.848,30.824,30.8,30.776,30.752,30.728,30.705,30.681,30.658,30.635,30.613,30.59,30.568,30.546,30.523,30.502,30.48
31.825,31.802,31.774,31.749,31.724,31.698,31.669,31.642,31.615,31.588,31.569,31.545,31.521,31.497,31.472,31.447,31.422,31.399,31.375,31.35,31.323,31.296,31.268,31.247,31.223,31.199,31.175,31.151,31.127,31.104,31.08,31.056,31.033,31.009,30.985,30.962,30.938,30.915,30.891,30.867,30.843,30.82,30.796,30.772,30.745,30.722,30.698,30.675,30.652,30.63,30.607,30.583,30.561,30.539,30.517,30.495,30.473,30.451,30.429,30.407
31.745,31.719,31.691,31.669,31.646,31.616,31.59,31.565,31.54,31.515,31.492,31.466,31.442,31.416,31.39,31.364,31.339,31.32,31.293,31.264,31.236,31.21,31.184,31.161,31.139,31.122,31.098,31.074,31.049,31.025,31,30.976,30.951,30.927,30.902,30.878,30.853,30.828,30.804,30.779,30.755,30.731,30.707,30.683,30.669,30.645,30.623,30.6,30.579,30.556,30.534,30.511,30.488,30.465,30.442,30.42,30.398,30.375,30.353,30.33
31.666,31.633,31.618,31.587,31.564,31.529,31.513,31.489,31.465,31.441,31.417,31.388,31.361,31.334,31.31,31.286,31.262,31.238,31.215,31.18,31.154,31.131,31.109,31.089,31.068,31.048,31.026,30.995,30.971,30.947,30.922,30.898,30.874,30.85,30.826,30.802,30.779,30.755,30.732,30.709,30.686,30.663,30.641,30.618,30.596,30.574,30.552,30.53,30.506,30.483,30.46,30.437,30.413,30.39,30.367,30.344,30.321,30.299,30.277,30.255
31.586,31.552,31.538,31.508,31.486,31.451,31.436,31.409,31.382,31.355,31.329,31.309,31.284,31.26,31.236,31.212,31.188,31.165,31.14,31.115,31.083,31.063,31.043,31.023,31.001,30.978,30.952,30.925,30.898,30.872,30.849,30.826,30.802,30.779,30.756,30.733,30.71,30.687,30.665,30.642,30.619,30.597,30.574,30.551,30.528,30.505,30.481,30.458,30.435,30.411,30.388,30.365,30.34,30.317,30.295,30.273,30.251,30.229,30.207,30.186
31.509,31.48,31.453,31.435,31.412,31.383,31.367,31.332,31.306,31.28,31.254,31.227,31.21,31.187,31.162,31.138,31.114,31.089,31.063,31.038,31.013,30.989,30.977,30.953,30.926,30.898,30.871,30.845,30.82,30.796,30.773,30.751,30.73,30.707,30.684,30.66,30.636,30.612,30.588,30.564,30.54,30.516,30.492,30.468,30.445,30.422,30.399,30.376,30.354,30.331,30.309,30.287,30.265,30.244,30.222,30.201,30.18,30.158,30.136,30.114
31.438,31.415,31.384,31.363,31.335,31.318,31.29,31.259,31.235,31.212,31.189,31.166,31.143,31.114,31.089,31.062,31.036,31.011,30.987,30.963,30.939,30.916,30.893,30.87,30.844,30.819,30.794,30.771,30.748,30.726,30.705,30.683,30.661,30.638,30.613,30.582,30.558,30.534,30.51,30.486,30.463,30.44,30.418,30.395,30.373,30.352,30.33,30.308,30.287,30.266,30.244,30.223,30.201,30.179,30.157,30.134,30.112,30.089,30.066,30.044
31.366,31.335,31.316,31.288,31.258,31.235,31.21,31.183,31.163,31.139,31.114,31.089,31.065,31.041,31.017,30.99,30.965,30.94,30.916,30.893,30.87,30.847,30.824,30.8,30.776,30.751,30.725,30.704,30.682,30.66,30.637,30.612,30.587,30.563,30.538,30.514,30.49,30.467,30.439,30.417,30.395,30.373,30.352,30.331,30.309,30.288,30.266,30.244,30.221,30.198,30.174,30.15,30.127,30.103,30.08,30.058,30.035,30.013,29.991,29.969
31.284,31.265,31.239,31.215,31.188,31.166,31.135,31.115,31.095,31.061,31.035,31.009,30.985,30.962,30.938,30.915,30.895,30.872,30.847,30.824,30.801,30.776,30.752,30.726,30.7,30.675,30.65,30.626,30.602,30.587,30.562,30.537,30.513,30.489,30.466,30.443,30.42,30.397,30.374,30.352,30.329,30.308,30.286,30.264,30.241,30.217,30.193,30.168,30.143,30.119,30.095,30.072,30.049,30.027,30.005,29.984,29.963,29.942,29.92,29.899
31.211,31.196,31.162,31.139,31.119,31.096,31.066,31.048,31.02,30.993,30.963,30.94,30.918,30.896,30.874,30.851,30.827,30.798,30.774,30.749,30.724,30.698,30.675,30.651,30.627,30.603,30.579,30.556,30.534,30.511,30.489,30.465,30.442,30.419,30.396,30.373,30.35,30.327,30.303,30.28,30.256,30.233,30.209,30.186,30.163,30.141,30.117,30.094,30.07,30.04,30.018,29.997,29.977,29.956,29.936,29.916,29.895,29.874,29.852,29.83
2677.5,2674.7,2672,2669.2,2666.5,2663.7,2661,2658.2,2655.4,2652.7,2649.9,2661.8,2644.4,2656.1,2638.8,2636.1,2633.3,2630.5,2627.8,2639,2622.2,2619.4,2630.4,2613.9,2624.6,2621.7,2618.8,2615.9,2613,2610.1,2594.3,2604.2,2601.3,2598.4,2595.5,2592.5,2589.6,2586.6,2583.7,2580.7,2577.8,2574.8,2571.8,2568.9,2565.9,2562.9,2559.9,2556.9,2553.9,2550.9,2547.9,2544.9,2541.8,2538.8,2535.7,2532.7,2529.6,2526.6,2523.5,2520.4
2681.4,2678.6,2675.8,2673,2657.5,2667.3,2651.9,2661.6,2658.8,2643.6,2640.8,2650.2,2647.3,2644.5,2641.6,2638.7,2635.8,2632.9,2630,2627.2,2624.2,2621.3,2618.4,2615.5,2612.6,2609.7,2606.7,2603.8,2600.8,2597.9,2594.9,2592,2589,2586.1,2583.1,2580.1,2577.1,2574.1,2571.1,2568.1,2565.1,2562.1,2559.1,2556.1,2553,2550,2547,2543.9,2540.8,2537.8,2534.7,2531.6,2528.5,2525.4,2522.3,2519.2,2516.1,2512.9,2509.7,2506.6
2669.4,2666.6,2663.7,2660.9,2658,2655.2,2652.3,2649.4,2646.6,2643.7,2640.8,2637.9,2635,2632.1,2629.2,2626.3,2623.4,2620.5,2617.5,2614.6,2611.7,2608.7,2605.8,2602.8,2599.8,2596.9,2593.9,2590.9,2587.9,2584.9,2581.9,2578.9,2575.9,2572.9,2569.9,2566.8,2563.8,2560.8,2557.7,2554.6,2551.6,2548.5,2545.4,2542.3,2539.2,2536.1,2533,2529.9,2526.7,2523.6,2520.4,2517.2,2514.1,2510.9,2507.7,2504.5,2501.2,2498,2494.7,2491.5
2656.6,2653.8,2650.9,2648,2645.1,2642.2,2639.4,2636.5,2633.6,2630.6,2627.7,2624.8,2621.9,2618.9,2616,2613,2610.1,2607.1,2604.1,2601.1,2598.1,2595.1,2592.1,2589.1,2586.1,2583.1,2580.1,2577,2574,2570.9,2567.9,2564.8,2561.7,2558.6,2555.6,2552.4,2549.3,2546.2,2543.1,2539.9,2536.8,2533.6,2530.5,2527.3,2524.1,2520.9,2517.7,2514.4,2511.2,2507.9,2504.7,2501.4,2498.1,2494.7,2491.4,2488,2484.7,2481.3,2477.9,2474.4
2642.9,2640,2637.1,2634.1,2631.2,2628.3,2625.4,2622.5,2619.5,2616.6,2613.6,2610.6,2607.6,2604.6,2601.6,2598.6,2595.6,2592.6,2589.5,2586.5,2583.4,2580.4,2577.3,2574.2,2571.2,2568.1,2565,2561.8,2558.7,2555.6,2552.5,2549.3,2546.1,2542.9,2539.8,2536.6,2533.3,2530.1,2526.9,2523.6,2520.4,2517.1,2513.8,2510.4,2507.1,2503.7,2500.3,2496.9,2493.5,2490.1,2486.7,2483.2,2479.7,2476.2,2472.6,2469.1,2465.5,2461.9,2458.2,2454.5
2628,2625,2622,2619,2616.1,2613.1,2610.2,2607.2,2604.2,2601.1,2598.1,2594.9,2591.8,2588.8,2585.8,2582.7,2579.6,2576.5,2573.4,2570.3,2567.2,2564,2560.9,2557.7,2554.5,2551.3,2548.1,2544.9,2541.7,2538.4,2535.1,2531.8,2528.6,2525.2,2521.9,2518.5,2515.2,2511.8,2508.3,2504.9,2501.4,2498,2494.4,2490.9,2487.3,2483.8,2480.2,2476.2,2472.5,2468.8,2465.1,2461.3,2457.5,2453.7,2449.8,2445.9,2441.9,2437.8,2433.7,2429.5
2611.6,2608.4,2605.2,2602.2,2599.2,2596.2,2593.2,2590.1,2586.9,2583.8,2580.6,2577.2,2574.1,2571,2567.9,2564.8,2561.6,2558.4,2555.2,2551.9,2548.7,2545.4,2542.1,2538.8,2535.4,2532,2528.7,2525.2,2521.8,2518.4,2514.9,2511.4,2507.8,2504.2,2500.6,2497,2493.3,2489.6,2485.9,2482.1,2478.3,2474.5,2470.6,2466.6,2462.7,2458.6,2454.5,2450.3,2445.3,2441,2436.7,2432.2,2427.6,2423,2418.2,2413.2,2408,2402.6,2396.9,2390.7
2592.8,2589.2,2585.9,2582.8,2579.8,2576.6,2573.4,2570.1,2566.8,2563.5,2560.2,2556.4,2553.3,2550.1,2546.9,2543.6,2540.2,2536.8,2533.4,2529.9,2526.4,2522.8,2519.3,2515.6,2512,2508.3,2504.6,2500.8,2496.9,2493.1,2489.2,2485.2,2481.1,2477,2472.8,2468.6,2464.3,2459.8,2455.4,2450.8,2446.1,2441.2,2436.1,2430.9,2425.4,2419.6,2413.4,2406.5,2398.5,1907.2,1905,1902.7,1900.5,1898.3,1896,1893.8,1891.6,1889.5,1887.3,1885.1
2569.6,2565.8,2562.3,2559.1,2555.8,2552.4,2548.8,2545.2,2541.6,2538.1,2534.6,2530.1,2526.9,2523.5,2520,2516.2,2512.4,2508.5,2504.5,2500.5,2496.3,2492.1,2487.7,2483.3,2478.7,2474,2469.1,2464.1,2458.8,2453.2,2447.3,2440.8,2433.4,2424.1,1940.9,1938.6,1936.4,1934.1,1931.8,1929.5,1927.3,1925,1922.8,1920.5,1918.3,1916,1913.8,1911.6,1909.3,1907.1,1905.2,1902.9,1900.7,1898.4,1896.2,1894,1891.8,1889.6,1887.5,1885.3
2536.3,2532.7,2529,2525.5,2521.1,2516.5,2511.9,2507.4,2502.9,2498.3,2493.5,2488.4,2482.1,2476.6,2469.6,2458.6,1983.1,1980.8,1978.4,1976.1,1973.7,1971.4,1969.1,1966.8,1964.4,1962.1,1959.8,1957.4,1955.1,1952.8,1950.5,1948.2,1945.9,1943.6,1941.3,1939,1936.7,1934.4,1932.1,1929.9,1927.6,1925.3,1923.1,1920.8,1918.6,1916.3,1914.1,1911.9,1909.6,1907.4,1905.2,1903,1900.8,1898.6,1896.4,1894.2,1892,1889.9,1887.7,1885.6
2022.8,2020.4,2017.8,2015.1,2012.9,2010.5,2008,2005.5,2003,2000.5,1998,1995.6,1993.1,1990.6,1988.2,1985.9,1983.6,1981.2,1978.9,1976.6,1974.2,1971.9,1969.5,1967.2,1964.8,1962.5,1960.1,1957.8,1955.5,1953.1,1950.8,1948.5,1946.2,1943.9,1941.6,1939.3,1937,1934.7,1932.4,1930.2,1927.9,1925.6,1923.4,1921.1,1918.9,1916.7,1914.4,1912.2,1910,1907.8,1905.6,1903.4,1900.9,1898.8,1896.6,1894.4,1892.3,1890.1,1888,1885.9
2023.2,2020.8,2018.1,2015.6,2013.4,2010.8,2008.3,2005.8,2003.3,2000.9,1998.4,1996,1993.3,1990.9,1988.6,1986.4,1984.1,1981.7,1979.4,1977,1974.6,1972.2,1969.9,1967.5,1965.1,1962.8,1960.4,1958.1,1955.7,1953.4,1951.1,1948.8,1946.5,1944.2,1941.9,1939.6,1937.3,1935,1932.8,1930.5,1928.2,1926,1923.7,1921.5,1919.3,1917.1,1914.8,1912.6,1910.4,1908.2,1906,1903.8,1901.6,1899,1896.8,1894.7,1892.6,1890.5,1888.4,1886.3
2023.7,2021.1,2018.6,2016.1,2013.7,2011.1,2008.6,2006.2,2003.7,2001.3,1998.9,1996.5,1993.6,1991.4,1989.1,1986.8,1984.5,1982.1,1979.7,1977.3,1974.9,1972.5,1970.1,1967.8,1965.4,1963.1,1960.7,1958.4,1956.1,1953.7,1951.4,1949.2,1946.8,1944.6,1942.3,1940,1937.7,1935.5,1933.2,1930.9,1928.7,1926.4,1924.2,1921.9,1919.7,1917.5,1915.3,1913,1910.8,1908.6,1906.4,1904.2,1902,1899.8,1897.2,1895.2,1893.1,1891,1888.8,1886.7
2024,2021.4,2019,2016.5,2014,2011.4,2009,2006.6,2004.2,2001.7,1999.3,1996.9,1994.5,1991.9,1989.6,1987.2,1984.8,1982.4,1980,1977.6,1975.2,1972.8,1970.4,1968.1,1965.7,1963.4,1961.1,1958.8,1956.5,1954.3,1952,1949.6,1947.3,1945,1942.7,1940.4,1938.1,1935.9,1933.6,1931.3,1929.1,1926.8,1924.5,1922.3,1920.1,1917.8,1915.6,1913.4,1911.1,1908.9,1906.7,1904.5,1902.3,1900.1,1897.7,1895.6,1893.5,1891.3,1889.2,1887.1
2024.2,2021.8,2019.4,2016.9,2014.2,2011.8,2009.6,2007,2004.5,2002.1,1999.7,1997.2,1994.8,1992.3,1989.9,1987.5,1985.1,1982.6,1980.2,1977.8,1975.5,1973.1,1970.8,1968.5,1966.2,1963.9,1961.6,1959.4,1957.1,1954.5,1952.2,1949.9,1947.6,1945.3,1943,1940.7,1938.4,1936.1,1933.9,1931.6,1929.3,1927.1,1924.8,1922.5,1920.3,1918,1915.8,1913.6,1911.3,1909.1,1906.8,1904.7,1902.5,1900.3,1898.1,1896,1893.8,1891.6,1889.5,1887.3
2024.6,2022.2,2019.7,2017.1,2014.6,2012.3,2009.8,2007.3,2004.8,2002.4,1999.9,1997.3,1995,1992.6,1990.2,1987.7,1985.3,1982.9,1980.5,1978.2,1975.8,1973.5,1971.2,1968.9,1966.7,1964.1,1961.8,1959.5,1957.1,1954.8,1952.5,1950.2,1947.9,1945.5,1943.2,1940.9,1938.7,1936.4,1934.1,1931.8,1929.5,1927.1,1924.9,1922.7,1920.5,1918.3,1916,1913.8,1911.6,1909.4,1907.2,1905,1902.8,1900.6,1898.4,1896.2,1894,1891.8,1889.7,1887.5
2024.9,2022.4,2019.8,2017.3,2014.8,2012.4,2010,2007.5,2004.7,2002.5,2000.1,1997.7,1995.3,1992.9,1990.4,1988,1985.5,1983.1,1980.7,1978.4,1976,1973.6,1971.3,1968.9,1966.6,1964.3,1961.9,1959.6,1956.9,1954.6,1952.4,1950.1,1947.9,1945.6,1943.4,1941.1,1938.8,1936.6,1934.3,1932,1929.7,1927.4,1925.2,1922.9,1920.7,1918.4,1916.2,1914,1911.8,1909.6,1907.4,1905.2,1903,1900.8,1898.6,1896.4,1894.3,1892.1,1889.9,1887.8
2025,2022.5,2020,2017.6,2015,2012.5,2010,2007.6,2005.2,2002.7,2000.3,1997.9,1995.5,1993.1,1990.7,1988.3,1985.8,1983.4,1980.9,1978.5,1976,1973.6,1971.2,1968.8,1966.4,1964.4,1962.1,1959.8,1957.5,1955.2,1952.9,1950.6,1948.3,1946,1943.7,1941.4,1939.1,1936.8,1934.5,1932.2,1929.9,1927.6,1925.4,1923.1,1920.9,1918.6,1916.4,1914.1,1911.9,1909.7,1907.5,1905.3,1903.1,1900.9,1898.8,1896.6,1894.4,1892.2,1890.1,1887.9
2025.2,2022.7,2020.2,2017.8,2015.2,2012.8,2010.5,2007.9,2005.4,2002.9,2000.4,1998,1995.6,1993.2,1990.8,1988.4,1986,1983.6,1981.2,1978.8,1976.5,1974.1,1971.8,1969.4,1967.1,1964.8,1962.5,1960.1,1957.8,1955.5,1953.1,1950.8,1948.5,1946.2,1943.6,1941.3,1939.1,1936.8,1934.5,1932.3,1930,1927.8,1925.5,1923.3,1921.1,1918.8,1916.6,1914.4,1912.2,1910,1907.8,1905.6,1903.4,1901.2,1899,1896.8,1894.6,1892.4,1890.3,1888.1
2025.6,2022.9,2020.3,2017.9,2015.4,2012.9,2010.4,2007.8,2005.6,2003,2000.6,1998.2,1995.8,1993.4,1991,1988.6,1986.1,1983.7,1981.3,1979,1976.6,1974.2,1971.8,1969.4,1967,1964.7,1962.3,1959.9,1957.6,1955.3,1952.9,1950.6,1948.3,1946,1943.7,1941.4,1939.1,1936.8,1934.8,1932.5,1930.3,1928,1925.8,1923.6,1921.3,1919,1916.8,1914.5,1912.3,1910,1907.8,1905.6,1903.4,1901.2,1899,1896.8,1894.6,1892.4,1890.2,1888.1
2025.5,2022.9,2020.6,2018,2015.5,2013,2010.4,2008,2005.5,2003.3,2000.9,1998.4,1995.9,1993.4,1991,1988.5,1986.1,1983.7,1981.3,1978.9,1976.7,1974.3,1971.9,1969.6,1967.2,1964.9,1962.5,1960.2,1957.9,1955.6,1953.3,1951,1948.7,1946.4,1944.2,1941.9,1939.6,1937.3,1935.1,1932.8,1930.5,1928.3,1926,1923.7,1921.5,1919.2,1916.8,1914.6,1912.3,1910.1,1907.9,1905.6,1903.4,1901.2,1899,1896.8,1894.7,1892.5,1890.4,1888.2
2025.4,2023.1,2020.9,2017.9,2015.5,2013.1,2010.7,2008.3,2005.9,2003.5,2001,1998.4,1995.8,1993.4,1991,1988.6,1986.2,1983.8,1981.5,1979.1,1976.8,1974.4,1972.1,1969.7,1967.3,1965,1962.7,1960.3,1958,1955.6,1953.3,1951,1948.6,1946.3,1944,1941.6,1939.3,1937,1934.8,1932.5,1930.2,1927.9,1925.7,1923.4,1921.2,1919,1916.8,1914.5,1912.3,1910.1,1907.9,1905.7,1903.6,1901.4,1899.2,1897,1894.8,1892.6,1890.5,1888.4
2025.7,2023.1,2020.5,2018.1,2015.7,2013.1,2010.6,2008.1,2005.6,2003.1,2000.7,1998.3,1995.9,1993.6,1991.2,1988.8,1986.4,1984,1981.6,1979.3,1976.9,1974.5,1972.1,1969.7,1967.3,1964.9,1962.5,1960.1,1957.7,1955.4,1953,1950.7,1948.4,1946.1,1943.8,1941.5,1939.2,1937,1934.7,1932.5,1930.3,1928.1,1925.8,1923.6,1921.4,1919.2,1917,1914.8,1912.6,1910.3,1908.1,1905.9,1903.7,1901.5,1899.3,1897.1,1894.9,1892.7,1890.5,1888.3
2025.6,2023,2020.4,2018.1,2015.6,2013,2010.4,2007.8,2005.4,2003.1,2000.8,1998.4,1996.1,1993.7,1991.2,1988.7,1986.3,1983.9,1981.5,1979,1976.6,1974.2,1971.8,1969.5,1967.1,1964.8,1962.4,1960.1,1957.6,1955.3,1953,1950.7,1948.4,1946.2,1943.9,1941.7,1939.4,1937.2,1935,1932.8,1930.5,1928.3,1926,1923.8,1921.5,1919.3,1917,1914.7,1912.4,1910.2,1907.9,1905.7,1903.5,1901.3,1899.1,1896.9,1894.7,1892.6,1890.4,1888.2
2025.4,2022.8,2020.6,2018,2015.3,2012.8,2010.4,2007.8,2005.6,2003.3,2000.9,1998.5,1995.9,1993.5,1991,1988.6,1986.2,1983.8,1981.3,1978.9,1976.6,1974.2,1971.9,1969.5,1967.2,1964.9,1962.5,1960.2,1957.9,1955.6,1953.4,1950.9,1948.6,1946.4,1944.1,1941.9,1939.6,1937.4,1935.1,1932.8,1930.5,1928.2,1925.9,1923.5,1921.2,1918.9,1916.6,1914.4,1912.1,1909.9,1907.7,1905.5,1903.3,1901.2,1899,1896.8,1894.7,1892.5,1890.4,1888.2
2025.4,2022.8,2020.6,2017.8,2015.4,2012.9,2010.5,2008,2005.7,2003.3,2000.7,1998.1,1995.6,1993.2,1990.9,1988.5,1986.1,1983.7,1981.4,1979,1976.7,1974.3,1972,1969.6,1967.3,1964.9,1962.6,1960.2,1957.9,1955.5,1953.2,1950.8,1948.5,1946.1,1944.1,1941.8,1939.5,1937.2,1934.9,1932.5,1930.2,1927.9,1925.6,1923.3,1921.1,1918.8,1916.6,1914.4,1911.9,1909.7,1907.6,1905.5,1903.3,1901.2,1899,1896.9,1894.7,1892.5,1890.4,1888.2
2025.3,2022.8,2020.2,2017.7,2015.2,2012.8,2010.3,2007.8,2005.6,2003,2000.4,1997.6,1995.3,1993.1,1990.8,1988.4,1986,1983.6,1981.2,1978.7,1976.4,1973.9,1971.5,1969.3,1966.9,1964.5,1962.2,1959.8,1957.5,1955.1,1952.8,1950.5,1948.1,1945.8,1943.5,1941.2,1939,1936.7,1934.5,1932.2,1930,1927.7,1925.4,1923.2,1921,1918.8,1916.5,1914.3,1912.1,1909.9,1907.7,1905.4,1903.2,1901.3,1899.1,1896.8,1894.6,1892.3,1890.1,1887.9
2024.9,2022.2,2019.9,2017.6,2014.9,2012.2,2009.9,2007.4,2004.9,2002.6,2000.1,1997.8,1995.2,1993.1,1990.7,1988.2,1985.7,1983.3,1980.9,1978.5,1976.1,1973.8,1971.4,1968.9,1966.5,1964.2,1961.9,1959.6,1957.3,1955,1952.7,1950.4,1948.1,1945.8,1943.5,1941.3,1939,1936.7,1934.5,1932.2,1930,1927.6,1925.3,1923.1,1920.8,1918.6,1916.3,1914.1,1911.8,1909.6,1907.4,1905.1,1902.9,1900.7,1898.5,1896.3,1894.1,1892,1889.7,1887.6
2024.6,2022.1,2019.6,2017.3,2014.6,2012.2,2009.7,2007.2,2004.8,2002.5,1999.9,1997.6,1995.1,1992.6,1990.4,1987.8,1985.3,1982.9,1980.6,1978.2,1975.9,1973.5,1971.2,1968.8,1966.5,1964.1,1961.8,1959.5,1957.2,1954.9,1952.5,1950.2,1947.9,1945.6,1943.3,1940.9,1938.6,1936.3,1934,1931.7,1929.5,1927.2,1924.9,1922.6,1920.4,1918.1,1916,1913.7,1911.5,1909.3,1907,1904.8,1902.6,1900.4,1898.2,1896,1893.9,1891.7,1889.5,1887.4
2024.3,2021.8,2019.4,2016.8,2014.3,2011.8,2009.5,2007,2004.5,2002,1999.6,1997.1,1994.7,1992.2,1989.8,1987.4,1985,1982.6,1980.3,1978,1975.6,1973.2,1970.8,1968.4,1966,1963.7,1961.3,1958.9,1956.6,1954.5,1952.1,1949.8,1947.4,1945,1942.7,1940.4,1938.1,1935.9,1933.6,1931.3,1929,1926.8,1924.5,1922.3,1920.1,1917.8,1915.6,1913.4,1911.2,1909,1906.7,1904.5,1902.3,1900.1,1897.9,1895.7,1893.5,1891.3,1889.1,1887
2023.8,2021.3,2018.7,2016.3,2013.9,2011.4,2008.8,2006.5,2003.9,2001.4,1999,1996.6,1994.2,1991.8,1989.5,1987.1,1984.7,1982.3,1980,1977.5,1975.1,1972.7,1970.3,1967.9,1965.6,1963.2,1960.8,1958.5,1956.2,1953.9,1951.5,1949.2,1947,1944.7,1942.4,1940.1,1937.8,1935.6,1933.3,1931,1928.8,1926.5,1924.3,1922,1919.8,1917.5,1915.3,1913,1910.8,1908.5,1906.3,1904.1,1901.8,1899.6,1897.4,1895.2,1893,1890.8,1888.6,1886.5
2023.3,2020.7,2018.3,2015.9,2013.4,2010.8,2008.3,2005.8,2003.5,2001,1998.6,1996.3,1993.9,1991.4,1989,1986.5,1984.1,1981.7,1979.4,1977,1974.6,1972.2,1969.8,1967.5,1965.1,1962.8,1960.5,1958.2,1955.8,1953.5,1951.2,1948.9,1946.6,1944.3,1942.1,1939.7,1937.4,1935.1,1932.8,1930.5,1928.2,1925.9,1923.7,1921.4,1919.1,1916.9,1914.6,1912.4,1910.1,1907.9,1905.7,1903.5,1901.3,1899.1,1896.9,1894.7,1892.5,1890.3,1888.2,1886
2022.8,2020.2,2017.8,2015.2,2012.8,2010.3,2007.8,2005.4,2003,2000.6,1998.1,1995.7,1993.2,1990.8,1988.3,1985.9,1983.5,1981.1,1978.8,1976.4,1974,1971.7,1969.3,1967,1964.7,1962.3,1960,1957.7,1955.3,1953,1950.7,1948.3,1946,1943.7,1941.3,1939,1936.7,1934.5,1932.2,1929.9,1927.6,1925.3,1923.1,1920.8,1918.5,1916.3,1914,1911.8,1909.6,1907.4,1905.2,1903,1900.8,1898.6,1896.4,1894.2,1892,1889.8,1887.6,1885.5
2022.1,2019.6,2017.1,2014.5,2012.1,2009.7,2007.3,2004.8,2002.3,1999.9,1997.3,1994.9,1992.5,1990.1,1987.7,1985.3,1982.9,1980.5,1978.2,1975.8,1973.5,1971.1,1968.7,1966.3,1964,1961.6,1959.2,1956.9,1954.5,1952.2,1949.8,1947.5,1945.1,1942.8,1940.5,1938.2,1935.8,1933.5,1931.2,1928.9,1926.6,1924.7,1922.4,1920.2,1918,1915.7,1913.5,1911.3,1909.1,1906.8,1904.6,1902.4,1900.2,1897.9,1895.7,1893.5,1891.3,1889.1,1886.9,1884.7
2021.3,2018.9,2016.3,2013.9,2011.4,2008.9,2006.4,2003.9,2001.3,1998.7,1996.7,1994.2,1991.8,1989.4,1987.1,1984.7,1982.3,1979.9,1977.5,1975.1,1972.7,1970.3,1967.9,1965.5,1963.2,1960.9,1958.5,1956.2,1953.8,1951.5,1949.2,1946.9,1944.6,1942.3,1940,1937.7,1935.4,1933.1,1930.9,1928.6,1926.4,1924.1,1921.9,1919.7,1917.4,1915,1912.8,1910.5,1908.2,1906,1903.7,1901.5,1899.3,1897,1894.8,1892.6,1890.4,1888.2,1886.1,1883.9
2020.5,2018,2015.2,2013.2,2010.6,2008,2005.6,2003.1,2000.6,1998.2,1995.7,1993.5,1991.1,1988.7,1986.3,1983.9,1981.4,1979,1976.6,1974.2,1971.8,1969.4,1967,1964.6,1962.3,1960,1957.8,1955.5,1953.1,1950.8,1948.5,1946.2,1943.9,1941.6,1939.3,1937,1934.7,1932.4,1930.2,1927.9,1925.6,1923.3,1921,1918.8,1916.5,1914.2,1912,1909.7,1907.4,1905.1,1902.9,1900.7,1898.5,1896.3,1894.1,1891.9,1889.7,1887.5,1885.3,1883.1
2019.7,2017,2014.8,2012.2,2009.6,2007,2004.8,2002.4,2000,1997.6,1995.3,1992.9,1990.1,1987.7,1985.3,1982.9,1980.5,1978.1,1975.7,1973.4,1970.8,1968.5,1966.1,1963.8,1961.5,1959.2,1956.9,1954.6,1952.3,1949.9,1947.6,1945.2,1942.9,1940.6,1938.2,1935.9,1933.6,1931.3,1929,1926.7,1924.4,1922.1,1919.8,1917.6,1915.3,1913,1910.8,1908.6,1906.3,1904.1,1901.9,1899.7,1897.5,1895.3,1893.2,1891,1888.8,1886.6,1884.4,1882.2
2018.6,2016,2013.9,2011.1,2008.7,2006.1,2003.9,2001.4,1998.9,1996.5,1994.1,1991.6,1989.2,1986.8,1984.4,1981.9,1979.6,1977.2,1974.9,1972.5,1970.1,1967.8,1965.3,1963,1960.7,1958.4,1956.1,1953.8,1951.4,1949.1,1946.7,1944.2,1941.8,1939.5,1937.2,1934.9,1932.6,1930.3,1928.1,1925.8,1923.5,1921.3,1919,1916.8,1914.5,1912.3,1910.1,1907.9,1905.6,1903.4,1901.2,1899,1896.8,1894.6,1892.4,1890.1,1887.9,1885.7,1883.5,1881.1
2017.5,2015.1,2012.5,2010.2,2007.8,2005.2,2003,2000.2,1997.7,1995.3,1992.8,1990.4,1988,1985.6,1983.4,1981,1978.7,1976.3,1973.9,1971.5,1969,1966.6,1964.2,1961.8,1959.8,1957.4,1955,1952.6,1950.2,1947.9,1945.5,1943.2,1940.8,1938.5,1936.3,1934,1931.7,1929.4,1927.2,1924.9,1922.6,1920.4,1918.1,1915.9,1913.6,1911.3,1909,1906.8,1904.5,1902.2,1900,1897.7,1895.5,1893.2,1891,1888.8,1886.6,1884.4,1882.2,1880
2016.5,2014,2011.4,2009.1,2006.6,2004,2001.8,1999.2,1996.7,1994.3,1991.9,1989.5,1987.1,1984.8,1982.4,1979.8,1977.4,1975,1972.6,1970.2,1967.8,1965.4,1963,1960.7,1958.3,1956,1953.7,1951.4,1949,1946.7,1944.3,1942,1939.8,1937.5,1935.2,1932.9,1930.6,1928.3,1926,1923.7,1921.4,1919.1,1916.8,1914.4,1912.1,1909.9,1907.6,1905.3,1903.1,1900.8,1898.6,1896.4,1894.2,1892,1889.8,1887.6,1885.4,1883.2,1881,1878.8
2015.4,2012.7,2010.4,2008,2005.3,2002.8,2000.4,1997.9,1995.5,1993.2,1990.8,1988.4,1985.9,1983.5,1981.1,1978.6,1976.2,1973.7,1971.2,1968.9,1966.6,1964.2,1961.9,1959.5,1957.2,1954.9,1952.6,1950.3,1947.8,1945.5,1943.2,1940.9,1938.6,1936.3,1934,1931.6,1929.3,1927,1924.7,1922.4,1920.1,1917.5,1915.2,1912.9,1910.7,1908.4,1906.2,1904,1901.8,1899.6,1897.4,1895.2,1893,1890.8,1888.6,1886.4,1884.2,1882,1879.8,1877.5
2013.8,2011.4,2009.1,2006.5,2003.9,2001.5,1999.2,1996.7,1994.3,1991.9,1989.3,1986.8,1984.4,1982,1979.6,1977.2,1974.9,1972.5,1970.1,1967.7,1965.4,1963,1960.7,1958.4,1956,1953.6,1951.3,1948.9,1946.5,1944.1,1941.7,1939.6,1937.2,1934.9,1932.5,1930.2,1927.9,1925.6,1923.3,1921,1918.7,1916.4,1914.2,1911.9,1909.6,1907.2,1905,1902.8,1900.6,1898.4,1896.2,1894,1891.8,1889.5,1887.2,1885,1882.7,1880.4,1878.2,1876
2012.3,2010.2,2007.4,2005,2002.7,2000.3,1997.8,1995.4,1992.9,1990.4,1987.6,1985.2,1982.9,1980.6,1978.3,1976,1973.6,1971.2,1968.8,1966.4,1964,1961.7,1959.3,1956.9,1954.4,1952,1949.7,1947.3,1944.9,1942.6,1940.2,1937.9,1935.6,1933.3,1931.1,1928.8,1926.5,1924.2,1921.9,1919.6,1917.3,1915,1912.7,1910.5,1908.2,1905.9,1903.6,1901.3,1899,1897.1,1894.8,1892.5,1890.1,1887.8,1885.5,1883.3,1881,1878.8,1876.6,1874.4
2011.2,2008.8,2006.1,2003.7,2001.2,1998.8,1996.2,1993.6,1991.3,1988.9,1986.5,1983.8,1981.6,1979.3,1977,1974.5,1972,1969.6,1967.2,1964.8,1962.4,1960,1957.5,1955.1,1952.7,1950.3,1948.2,1945.8,1943.5,1941.2,1938.9,1936.6,1934.3,1932,1929.7,1927.4,1925.1,1922.7,1920.4,1918,1915.7,1913.4,1911.1,1908.8,1906.5,1904.2,1902,1899.7,1897.4,1895.2,1892.9,1890.7,1888.4,1886,1883.7,1881.5,1879.3,1877.2,1875,1872.8
2009.7,2006.9,2004.6,2002.3,1999.6,1997,1994.6,1992.1,1989.7,1987.4,1984.9,1982.5,1980.3,1977.9,1975.3,1972.8,1970.4,1968,1965.6,1963.2,1960.9,1958.5,1956.1,1953.8,1951.4,1948.9,1946.5,1944.2,1942.1,1939.7,1937.4,1935,1932.7,1930.3,1928,1925.6,1923.3,1921,1918.6,1916.3,1914,1911.7,1909.4,1907.1,1904.8,1902.6,1900.3,1898,1895.8,1893.5,1891.3,1889,1886.8,1884.5,1882.3,1880.1,1877.8,1875.6,1873.4,1871.3
2007.8,2005.4,2002.9,2000.5,1997.9,1995.5,1992.8,1990.7,1988.3,1985.7,1983.2,1980.8,1978.3,1976.1,1973.4,1971,1968.6,1966.3,1964,1961.6,1959.2,1956.8,1954.4,1952,1949.7,1947.3,1945,1942.7,1940.5,1938.1,1935.8,1933.1,1930.8,1928.5,1926.1,1923.8,1921.5,1919.1,1916.8,1914.5,1912.2,1910,1907.7,1905.4,1903.1,1900.8,1898.6,1896.3,1894,1891.8,1889.5,1887.2,1885,1882.7,1880.4,1878.1,1875.9,1873.6,1871.4,1869.1
2006.1,2003.7,2001.1,1998.5,1996.2,1993.7,1991.4,1988.8,1986.4,1983.9,1981.4,1979,1976.6,1974.2,1971.8,1969.2,1967,1964.7,1962.3,1959.8,1957.4,1955,1952.6,1950.2,1947.8,1945.5,1943.1,1940.7,1938.3,1935.9,1933.6,1931.3,1928.9,1926.6,1924.4,1922.1,1919.7,1917.4,1915.1,1912.8,1910.5,1908.3,1906,1903.7,1901.4,1899.1,1896.7,1894.4,1892.1,1889.8,1887.5,1885.2,1882.9,1880.6,1878.4,1876.1,1873.8,1871.6,1869.3,1867.1
2004.4,2001.8,1999.2,1996.8,1994.5,1991.8,1989.4,1987,1984.4,1982,1979.5,1977.2,1974.8,1972.4,1970,1967.6,1965.3,1962.9,1960.4,1957.9,1955.5,1953.1,1950.7,1948.3,1946,1943.6,1941.3,1938.9,1936.6,1934.2,1931.9,1929.5,1927.1,1924.8,1922.5,1920.2,1917.9,1915.5,1913.2,1910.8,1908.5,1906.2,1903.9,1901.5,1899.2,1896.9,1894.6,1892.3,1890,1887.8,1885.5,1883.2,1880.8,1878.6,1876.3,1874,1871.8,1869.6,1867.3,1865.1
2002.3,1999.8,1997.4,1994.9,1992.5,1989.9,1987.5,1984.8,1982.4,1980.2,1977.8,1975.4,1972.9,1970.4,1968,1965.5,1963,1960.8,1958.3,1955.9,1953.5,1951.1,1948.8,1946.4,1944,1941.7,1939.3,1936.9,1934.6,1932.2,1929.8,1927.4,1925,1922.7,1920.5,1918.2,1915.8,1913.5,1911.1,1908.8,1906.4,1904.1,1901.7,1899.4,1897.1,1894.8,1892.6,1890.3,1888,1885.7,1883.5,1881.2,1878.9,1876.6,1874.4,1872.1,1869.8,1867.5,1865.3,1863.1
2000.3,1997.8,1995.4,1992.8,1990.4,1987.9,1985.5,1983,1980.7,1978.1,1975.7,1973.2,1970.7,1968.3,1965.8,1963.3,1960.9,1958.5,1956.2,1953.9,1951.5,1949.1,1946.7,1944.3,1941.9,1939.5,1937.1,1934.7,1932.3,1930,1927.6,1925.2,1922.8,1920.5,1918.1,1915.7,1913.4,1911.2,1908.8,1906.6,1904.3,1902,1899.6,1897.4,1895.1,1892.8,1890.5,1888.2,1885.8,1883.5,1881.2,1878.9,1876.6,1874.3,1872,1869.7,1867.5,1865.2,1862.9,1860.7
1998.3,1995.8,1993.2,1990.6,1988.2,1985.9,1983.3,1980.8,1978.3,1976,1973.4,1971,1968.6,1966.2,1963.6,1961.2,1958.8,1956.5,1954.1,1951.8,1949.4,1946.9,1944.5,1942.1,1939.7,1937.3,1934.9,1932.5,1930.2,1927.8,1925.4,1923.1,1920.7,1918.4,1916,1913.7,1911.4,1909.1,1906.7,1904.4,1902.1,1899.8,1897.5,1895.1,1892.7,1890.4,1888.1,1885.7,1883.4,1881.1,1878.8,1876.5,1874.2,1871.9,1869.6,1867.4,1865.1,1862.8,1860.6,1858.3
1996,1993.6,1991,1988.6,1986.1,1983.6,1981.1,1978.5,1976,1973.5,1971.3,1968.9,1966.4,1964,1961.6,1959.2,1956.7,1954.4,1952,1949.6,1947.1,1944.6,1942.1,1939.8,1937.4,1935.1,1932.7,1930.3,1928,1925.6,1923.2,1920.9,1918.5,1916.2,1913.8,1911.5,1909.1,1906.8,1904.5,1902.1,1899.8,1897.4,1895.1,1892.7,1890.3,1888,1885.7,1883.3,1881,1878.7,1876.4,1874.1,1871.8,1869.5,1867.2,1865,1862.7,1860.4,1858.1,1855.9
1993.7,1991.3,1988.7,1986.3,1983.9,1981.3,1978.8,1976.3,1973.9,1971.4,1969,1966.6,1964.1,1961.7,1959.2,1956.8,1954.3,1952.1,1949.6,1947,1944.5,1942,1939.6,1937.2,1934.9,1932.7,1930.3,1927.9,1925.6,1923.2,1920.8,1918.4,1916,1913.6,1911.2,1908.8,1906.5,1904.1,1901.7,1899.3,1897,1894.6,1892.2,1889.9,1887.8,1885.5,1883.1,1880.8,1878.5,1876.2,1873.9,1871.6,1869.3,1867,1864.7,1862.4,1860.1,1857.8,1855.5,1853.2
1991.4,1988.7,1986.5,1983.9,1981.4,1978.7,1976.5,1974,1971.6,1969.2,1966.7,1964.2,1961.7,1959.2,1956.7,1954.3,1951.9,1949.5,1947.1,1944.4,1941.9,1939.6,1937.2,1934.9,1932.6,1930.3,1928,1925.4,1923,1920.6,1918.2,1915.8,1913.4,1911.1,1908.7,1906.3,1904,1901.6,1899.2,1896.9,1894.5,1892.2,1889.9,1887.6,1885.2,1882.9,1880.6,1878.3,1876,1873.6,1871.3,1869,1866.6,1864.3,1861.9,1859.6,1857.3,1855,1852.7,1850.4
1988.9,1986.1,1983.9,1981.3,1978.9,1976.2,1974,1971.5,1968.9,1966.4,1963.9,1961.6,1959.1,1956.7,1954.3,1951.9,1949.4,1947,1944.6,1942.1,1939.5,1937.2,1934.9,1932.6,1930.3,1927.9,1925.4,1923,1920.5,1918,1915.7,1913.3,1910.9,1908.5,1906.2,1903.8,1901.5,1899.1,1896.8,1894.4,1892.1,1889.7,1887.4,1885,1882.7,1880.3,1878,1875.6,1873.3,1870.9,1868.6,1866.2,1863.8,1861.5,1859.2,1856.9,1854.5,1852.2,1849.9,1847.6
1986.3,1983.7,1981.1,1978.9,1976.4,1973.8,1971.6,1968.8,1966.3,1963.8,1961.3,1958.8,1956.6,1954.2,1951.7,1949.3,1946.8,1944.4,1941.9,1939.4,1937,1934.6,1932.5,1930.1,1927.6,1925.1,1922.6,1920.1,1917.7,1915.3,1912.9,1910.5,1908.2,1905.9,1903.5,1901.1,1898.7,1896.3,1893.9,1891.5,1889.1,1886.7,1884.4,1882,1879.6,1877.2,1874.9,1872.5,1870.2,1867.9,1865.5,1863.2,1860.9,1858.6,1856.2,1853.9,1851.7,1849.3,1847,1844.7
1983.8,1981.3,1978.7,1976.3,1973.7,1971.4,1968.9,1966.2,1963.8,1961.3,1958.9,1956.5,1954.1,1951.5,1949,1946.5,1944,1941.6,1939.1,1936.7,1934.3,1931.9,1929.5,1927.1,1924.6,1922.1,1919.7,1917.3,1914.9,1912.6,1910.2,1907.9,1905.5,1903.1,1900.7,1898.1,1895.7,1893.3,1890.9,1888.5,1886.1,1883.8,1881.4,1879.1,1876.7,1874.4,1872,1869.7,1867.4,1865.1,1862.7,1860.4,1858.1,1855.8,1853.4,1851.1,1848.7,1846.4,1844,1841.7
1981.1,1978.4,1976.1,1973.5,1970.9,1968.4,1965.9,1963.4,1961,1958.6,1956.1,1953.6,1951.2,1948.7,1946.3,1943.7,1941.3,1938.8,1936.4,1933.9,1931.5,1929.1,1926.7,1924.3,1921.9,1919.4,1916.9,1914.6,1912.2,1909.8,1907.4,1905,1902.6,1900.1,1897.7,1895.3,1892.9,1890.5,1888,1885.6,1883.3,1880.9,1878.6,1876.2,1873.9,1871.5,1869.2,1866.8,1864.5,1862.1,1859.7,1857.3,1854.9,1852.6,1850.2,1847.8,1845.5,1843.1,1840.8,1838.4
1978,1975.7,1973.1,1970.7,1968.1,1965.7,1963,1960.7,1958.3,1955.6,1953,1950.6,1948.1,1945.6,1943.2,1940.8,1938.4,1936,1933.5,1931.1,1928.7,1926.2,1923.8,1921.3,1918.8,1916.3,1913.9,1911.4,1909,1906.8,1904.4,1901.9,1899.5,1897.1,1894.7,1892.3,1889.9,1887.5,1885.1,1882.7,1880.3,1878,1875.6,1873.2,1870.9,1868.5,1866,1863.6,1861.2,1858.8,1856.3,1854,1851.6,1849.2,1846.9,1844.5,1842.2,1839.9,1837.5,1835.2
1975.1,1972.9,1970.1,1967.6,1965.3,1962.8,1960.2,1957.9,1955.3,1952.7,1950.1,1947.7,1945.3,1942.8,1940.4,1938,1935.5,1933,1930.5,1928,1925.5,1923,1920.6,1918.2,1915.7,1913.3,1910.8,1908.4,1906,1903.6,1901.2,1898.8,1896.4,1894,1891.6,1889.2,1886.8,1884.4,1881.9,1879.5,1877.1,1874.7,1872.3,1869.9,1867.5,1865.1,1862.7,1860.3,1857.9,1855.3,1852.9,1850.6,1848.3,1845.9,1843.6,1841.3,1839,1836.6,1834.3,1831.9
