105,123.73,142.46,161.19,179.92,198.64,217.37,236.1,254.83,273.56,292.29,311.02,329.75,348.47,367.2,385.93,404.66,423.39,442.12,460.85,479.58,498.31,517.03,535.76,554.49,573.22,591.95,610.68,629.41,648.14,666.86,685.59,704.32,723.05,741.78,760.51,779.24,797.97,816.69,835.42,854.15,872.88,891.61,910.34,929.07,947.8,966.53,985.25,1004,1022.7,1041.4,1060.2,1078.9,1097.6,1116.4,1135.1,1153.8,1172.5,1191.3,1210
0.6,0.60593,0.61186,0.6178,0.62373,0.62966,0.63559,0.64153,0.64746,0.65339,0.65932,0.66525,0.67119,0.67712,0.68305,0.68898,0.69492,0.70085,0.70678,0.71271,0.71864,0.72458,0.73051,0.73644,0.74237,0.74831,0.75424,0.76017,0.7661,0.77203,0.77797,0.7839,0.78983,0.79576,0.80169,0.80763,0.81356,0.81949,0.82542,0.83136,0.83729,0.84322,0.84915,0.85508,0.86102,0.86695,0.87288,0.87881,0.88475,0.89068,0.89661,0.90254,0.90847,0.91441,0.92034,0.92627,0.9322,0.93814,0.94407,0.95
68.796,68.848,68.9,68.949,68.998,69.046,69.095,69.146,69.2,69.258,69.32,69.387,69.459,69.537,69.621,69.712,69.808,69.911,70.02,70.135,70.255,70.383,70.517,70.659,70.808,70.966,71.131,71.305,71.489,71.681,71.884,72.096,72.32,72.554,72.8,73.058,73.328,73.611,73.908,74.218,74.542,74.881,75.234,75.603,75.988,76.389,76.807,77.241,77.692,78.161,78.647,79.151,79.673,78.109,77.845,77.786,77.783,77.805,77.837,77.874
62.259,62.53,62.578,62.948,63.336,63.742,64.167,64.611,65.075,65.56,66.067,66.596,67.148,67.723,68.323,68.948,69.598,70.275,67.545,67.239,67.132,67.095,67.094,67.113,67.143,67.178,67.215,67.25,67.282,67.313,67.342,67.37,67.398,67.427,67.456,67.486,67.518,67.552,67.588,67.626,67.666,67.709,67.754,67.801,67.85,67.901,67.954,68.009,68.066,68.125,68.186,68.25,68.315,68.383,68.454,68.527,68.602,68.68,68.76,68.844
58.021,58.1,58.183,58.27,58.36,58.453,58.549,58.648,58.751,58.858,58.968,59.082,59.2,59.322,59.449,59.58,59.715,59.855,59.999,60.149,60.303,60.463,60.628,60.798,60.974,61.156,61.343,61.537,61.737,61.943,62.156,62.376,62.602,62.835,63.075,63.322,63.577,63.839,64.109,64.386,64.671,64.965,65.266,65.575,65.892,66.218,66.551,66.893,67.244,67.602,67.969,68.345,66.684,66.582,66.556,65.359,65.383,65.405,65.425,65.445
56.419,56.449,56.479,56.509,56.54,56.572,56.605,56.638,56.673,56.71,56.748,56.788,56.83,56.873,56.918,56.965,57.013,57.064,57.116,57.169,57.225,57.281,57.339,57.399,57.46,57.523,57.587,57.653,57.72,57.789,57.86,57.933,58.007,58.084,58.162,58.242,58.324,58.408,58.494,58.582,58.672,58.764,58.859,58.956,59.055,59.156,59.26,59.365,59.474,59.584,59.697,59.813,59.931,60.051,60.174,60.3,60.428,60.558,60.691,60.827
55.463,55.403,55.377,55.372,55.382,55.401,55.426,55.455,55.486,55.517,55.547,55.577,55.605,55.632,55.657,55.682,55.706,55.729,55.752,55.775,55.798,55.821,55.844,55.868,55.893,55.918,55.944,55.97,55.998,56.026,56.055,56.086,56.117,56.149,56.182,56.216,56.25,56.285,56.321,56.358,56.395,56.432,56.471,56.51,56.549,56.59,56.631,56.672,56.715,56.758,56.801,56.846,56.891,56.936,56.983,57.03,57.078,57.127,57.176,57.226
52.587,52.856,53.133,53.416,53.707,54.005,54.31,54.624,54.944,55.272,55.607,55.95,56.3,56.658,57.024,57.397,54.95,54.785,54.715,54.686,54.679,54.687,54.703,54.726,54.751,54.778,54.806,54.833,54.859,54.884,54.908,54.93,54.951,54.971,54.991,55.01,55.028,55.046,55.064,55.082,55.1,55.118,55.137,55.155,55.174,55.194,55.213,55.233,55.254,55.275,55.297,55.318,55.341,55.363,55.386,55.409,55.433,55.456,55.48,55.504
48.543,48.691,48.842,48.996,49.155,49.316,49.482,49.651,49.824,50.001,50.181,50.365,50.553,50.745,50.941,51.14,51.343,51.55,51.76,51.975,52.193,52.415,52.641,52.871,53.105,53.342,53.583,53.828,54.077,54.33,54.586,54.846,55.11,55.378,55.649,54.123,53.963,53.907,53.887,53.887,53.898,53.916,53.938,53.962,53.987,54.013,54.037,54.061,54.083,54.104,54.124,54.143,54.161,54.178,54.195,54.211,54.227,54.242,54.258,54.273
46.318,46.406,46.496,46.588,46.683,46.779,46.877,46.978,47.08,47.184,47.291,47.399,47.51,47.622,47.737,47.853,47.972,48.092,48.215,48.339,48.466,48.595,48.725,48.858,48.992,49.129,49.268,49.408,49.551,49.695,49.842,49.99,50.14,50.292,50.447,50.602,50.76,50.92,51.082,51.245,51.41,51.577,51.745,51.916,52.088,52.261,52.437,52.614,52.792,52.972,53.153,53.336,53.521,53.706,53.893,54.081,53.04,52.956,52.932,52.93
44.963,45.02,45.078,45.136,45.197,45.258,45.321,45.385,45.45,45.516,45.584,45.652,45.722,45.794,45.866,45.939,46.014,46.09,46.167,46.245,46.324,46.405,46.486,46.569,46.653,46.738,46.824,46.911,46.999,47.088,47.179,47.27,47.363,47.456,47.551,47.646,47.743,47.84,47.939,48.038,48.139,48.24,48.343,48.446,48.55,48.655,48.761,48.868,48.975,49.083,49.193,49.302,49.413,49.524,49.636,49.748,49.862,49.975,50.09,50.204
44.068,44.106,44.145,44.184,44.225,44.266,44.309,44.352,44.395,44.44,44.485,44.532,44.579,44.626,44.675,44.724,44.774,44.824,44.876,44.928,44.981,45.034,45.088,45.143,45.199,45.255,45.312,45.369,45.428,45.486,45.546,45.606,45.667,45.728,45.79,45.852,45.916,45.979,46.044,46.108,46.174,46.24,46.306,46.373,46.44,46.508,46.576,46.645,46.715,46.784,46.854,46.925,46.995,47.067,47.138,47.21,47.282,47.355,47.428,47.501
43.435,43.462,43.489,43.517,43.545,43.574,43.604,43.634,43.665,43.696,43.728,43.76,43.793,43.826,43.86,43.895,43.929,43.965,44.001,44.037,44.074,44.111,44.149,44.187,44.226,44.265,44.304,44.344,44.385,44.425,44.467,44.508,44.55,44.592,44.635,44.678,44.722,44.766,44.81,44.854,44.899,44.944,44.99,45.035,45.082,45.128,45.175,45.221,45.269,45.316,45.364,45.411,45.46,45.508,45.556,45.605,45.654,45.703,45.752,45.801
42.964,42.983,43.003,43.023,43.043,43.064,43.085,43.107,43.129,43.152,43.175,43.198,43.221,43.246,43.27,43.295,43.32,43.345,43.371,43.398,43.424,43.451,43.478,43.506,43.533,43.562,43.59,43.619,43.648,43.677,43.707,43.737,43.767,43.797,43.828,43.859,43.89,43.922,43.953,43.985,44.017,44.05,44.082,44.115,44.148,44.181,44.214,44.247,44.281,44.315,44.349,44.383,44.417,44.451,44.485,44.52,44.554,44.589,44.624,44.658
42.602,42.615,42.628,42.642,42.657,42.672,42.687,42.703,42.719,42.736,42.752,42.769,42.787,42.805,42.822,42.841,42.859,42.878,42.897,42.916,42.936,42.956,42.976,42.996,43.017,43.037,43.058,43.08,43.101,43.123,43.145,43.167,43.189,43.211,43.234,43.257,43.28,43.303,43.326,43.35,43.373,43.397,43.421,43.445,43.469,43.494,43.518,43.543,43.568,43.593,43.617,43.642,43.667,43.693,43.718,43.743,43.769,43.794,43.819,43.845
42.317,42.325,42.334,42.343,42.353,42.363,42.373,42.384,42.396,42.407,42.42,42.432,42.445,42.458,42.471,42.484,42.498,42.512,42.526,42.541,42.555,42.57,42.585,42.6,42.615,42.631,42.646,42.662,42.678,42.694,42.711,42.727,42.744,42.761,42.778,42.795,42.812,42.83,42.847,42.865,42.883,42.901,42.919,42.937,42.955,42.973,42.992,43.01,43.029,43.047,43.066,43.085,43.104,43.123,43.142,43.161,43.18,43.199,43.218,43.237
42.09,42.094,42.099,42.105,42.11,42.116,42.123,42.13,42.137,42.145,42.153,42.161,42.17,42.179,42.188,42.198,42.208,42.218,42.228,42.239,42.249,42.26,42.272,42.283,42.294,42.306,42.318,42.329,42.341,42.353,42.366,42.378,42.391,42.404,42.416,42.429,42.442,42.455,42.469,42.482,42.496,42.509,42.523,42.537,42.55,42.564,42.578,42.593,42.607,42.621,42.635,42.65,42.664,42.678,42.693,42.707,42.722,42.737,42.751,42.766
41.908,41.909,41.911,41.913,41.915,41.918,41.921,41.925,41.928,41.933,41.937,41.942,41.948,41.953,41.959,41.965,41.972,41.978,41.986,41.993,42,42.008,42.016,42.024,42.032,42.041,42.049,42.058,42.067,42.076,42.085,42.094,42.103,42.113,42.123,42.132,42.142,42.152,42.162,42.172,42.182,42.192,42.203,42.213,42.224,42.234,42.245,42.255,42.266,42.277,42.288,42.299,42.31,42.321,42.332,42.343,42.354,42.366,42.377,42.388
41.761,41.76,41.759,41.758,41.758,41.758,41.758,41.759,41.76,41.761,41.763,41.765,41.767,41.77,41.773,41.776,41.779,41.783,41.787,41.791,41.796,41.801,41.806,41.811,41.816,41.822,41.828,41.834,41.84,41.846,41.853,41.859,41.866,41.873,41.88,41.887,41.894,41.901,41.908,41.916,41.923,41.931,41.938,41.946,41.954,41.962,41.97,41.978,41.986,41.994,42.002,42.011,42.019,42.027,42.036,42.044,42.053,42.061,42.07,42.078
43.006,43.012,43.017,43.023,43.029,43.035,41.628,43.048,41.624,41.623,41.623,41.622,41.622,41.622,41.622,41.623,41.623,41.625,41.626,41.628,41.629,41.632,41.634,41.636,41.639,41.642,41.645,41.649,41.652,41.656,41.66,41.664,41.668,41.673,41.677,41.682,41.687,41.692,41.697,41.702,41.707,41.713,41.718,41.724,41.729,41.735,41.74,41.746,41.752,41.758,41.764,41.77,41.776,41.782,41.788,41.795,41.801,41.807,41.813,41.82
42.773,42.778,42.782,42.786,42.791,42.796,42.801,42.806,42.811,42.816,42.822,42.828,42.834,42.839,42.845,42.852,41.499,42.864,41.497,41.496,42.884,41.495,41.495,42.906,41.495,41.496,41.497,41.498,41.499,41.5,41.502,41.504,41.505,41.508,41.51,41.512,41.515,41.518,41.52,41.523,41.526,41.53,41.533,41.537,41.54,41.544,41.548,41.551,41.555,41.559,41.563,41.567,41.571,41.576,41.58,41.584,41.589,41.593,41.597,41.602
42.562,42.565,42.568,42.571,42.574,42.578,42.582,42.585,42.589,42.593,42.598,42.602,42.606,42.611,42.616,42.62,42.625,42.63,42.636,42.641,42.646,42.651,42.657,42.663,42.668,42.674,42.681,42.687,42.693,42.699,42.706,41.373,41.373,42.727,41.373,41.373,41.374,41.374,41.375,41.376,41.377,41.378,41.379,41.381,41.382,41.384,41.386,41.388,41.39,41.392,41.394,41.396,41.399,41.401,41.404,41.406,41.409,41.411,41.414,41.417
42.373,42.374,42.375,42.377,42.379,42.381,42.383,42.386,42.389,42.391,42.394,42.397,42.401,42.404,42.407,42.411,42.414,42.418,42.422,42.426,42.43,42.434,42.438,42.442,42.447,42.451,42.456,42.46,42.465,42.47,42.475,42.48,42.485,42.49,42.496,42.501,42.507,42.513,42.519,42.525,42.531,42.538,42.544,42.551,41.253,42.564,42.571,42.578,42.585,42.592,42.599,41.254,41.254,41.255,41.256,41.257,41.258,41.259,41.26,41.261
42.212,42.209,42.208,42.207,42.207,42.207,42.208,42.209,42.21,42.211,42.213,42.214,42.216,42.218,42.22,42.222,42.225,42.227,42.229,42.232,42.235,42.237,42.24,42.243,42.246,42.249,42.252,42.256,42.259,42.262,42.266,42.27,42.273,42.277,42.281,42.285,42.289,42.293,42.298,42.302,42.307,42.311,42.316,42.321,42.326,42.331,42.337,42.342,42.347,42.353,42.359,42.364,42.37,42.377,42.383,42.389,42.395,42.402,41.131,41.131
42.102,42.09,42.082,42.074,42.069,42.064,42.061,42.059,42.057,42.056,42.055,42.055,42.055,42.056,42.056,42.057,42.057,42.058,42.059,42.06,42.062,42.063,42.065,42.066,42.068,42.069,42.071,42.073,42.075,42.077,42.079,42.081,42.083,42.086,42.088,42.091,42.093,42.096,42.099,42.102,42.105,42.108,42.111,42.114,42.118,42.121,42.125,42.129,42.133,42.137,42.141,42.145,42.149,42.154,42.158,42.163,42.168,42.173,42.178,42.183
42.156,42.104,42.064,42.032,42.008,41.988,41.972,41.959,41.949,41.941,41.935,41.929,41.925,41.922,41.92,41.918,41.916,41.915,41.914,41.914,41.913,41.913,41.913,41.913,41.913,41.913,41.913,41.913,41.914,41.914,41.915,41.916,41.916,41.917,41.918,41.919,41.92,41.921,41.923,41.924,41.925,41.927,41.928,41.93,41.932,41.934,41.936,41.938,41.941,41.943,41.945,41.948,41.951,41.954,41.957,41.96,41.963,41.966,41.969,41.973
44.624,44.68,44.733,44.791,44.855,42.276,42.131,42.045,41.986,41.943,41.91,41.884,41.863,41.847,41.835,41.824,41.816,41.809,41.804,41.799,41.796,41.793,41.79,41.788,41.786,41.784,41.782,41.781,41.779,41.778,41.777,41.776,41.775,41.774,41.773,41.772,41.772,41.771,41.771,41.77,41.77,41.77,41.77,41.77,41.77,41.77,41.771,41.771,41.772,41.773,41.773,41.774,41.775,41.776,41.778,41.779,41.781,41.782,41.784,41.786
43.433,43.471,43.517,43.559,43.61,43.665,43.72,43.779,43.841,43.904,43.973,44.041,44.112,42.203,42.005,41.915,41.857,41.816,41.785,41.761,41.742,41.727,41.715,41.706,41.698,41.691,41.686,41.681,41.677,41.673,41.669,41.666,41.663,41.66,41.657,41.655,41.652,41.65,41.647,41.645,41.643,41.641,41.639,41.637,41.635,41.633,41.632,41.63,41.629,41.628,41.627,41.626,41.625,41.624,41.624,41.623,41.623,41.623,41.623,41.623
42.395,42.428,42.456,42.5,42.537,42.579,42.623,42.675,42.727,42.778,42.833,42.891,42.952,43.012,43.076,43.142,43.209,43.278,43.348,43.42,43.493,43.569,41.98,41.836,41.765,41.718,41.684,41.659,41.639,41.624,41.611,41.601,41.592,41.585,41.578,41.572,41.567,41.562,41.557,41.553,41.548,41.544,41.54,41.536,41.532,41.528,41.525,41.521,41.517,41.514,41.511,41.508,41.505,41.502,41.499,41.496,41.494,41.491,41.489,41.487
41.494,41.517,41.542,41.572,41.604,41.638,41.674,41.715,41.757,41.802,41.847,41.896,41.945,41.997,42.051,42.106,42.163,42.221,42.281,42.343,42.405,42.47,42.535,42.602,42.67,42.739,42.808,42.88,42.951,43.025,43.099,43.174,41.73,41.657,41.612,41.58,41.556,41.537,41.522,41.51,41.499,41.49,41.482,41.475,41.468,41.461,41.455,41.449,41.442,41.437,41.431,41.425,41.419,41.414,41.409,41.404,41.399,41.394,41.389,41.385
40.706,40.722,40.739,40.763,40.788,40.817,40.845,40.878,40.911,40.948,40.986,41.027,41.069,41.113,41.156,41.205,41.253,41.302,41.353,41.406,41.46,41.516,41.571,41.628,41.687,41.746,41.807,41.868,41.93,41.993,42.058,42.123,42.188,42.255,42.322,42.39,42.459,42.528,42.598,42.669,42.739,41.719,41.592,41.535,41.498,41.471,41.451,41.435,41.421,41.409,41.398,41.389,41.38,41.371,41.363,41.354,41.346,41.339,41.331,41.323
40.013,40.023,40.037,40.049,40.071,40.092,40.115,40.142,40.171,40.201,40.23,40.265,40.3,40.337,40.376,40.414,40.456,40.498,40.541,40.587,40.633,40.68,40.729,40.778,40.829,40.88,40.932,40.985,41.039,41.094,41.15,41.207,41.264,41.322,41.381,41.44,41.5,41.56,41.621,41.683,41.745,41.808,41.871,41.935,41.999,42.063,42.128,42.193,42.259,42.325,42.391,42.457,41.507,41.446,41.409,41.382,41.362,41.345,41.33,41.318
39.395,39.401,39.411,39.423,39.437,39.452,39.472,39.49,39.515,39.538,39.564,39.592,39.621,39.652,39.684,39.718,39.753,39.789,39.827,39.865,39.905,39.946,39.987,40.031,40.074,40.118,40.164,40.21,40.258,40.306,40.355,40.404,40.454,40.504,40.556,40.608,40.66,40.713,40.767,40.821,40.876,40.931,40.986,41.042,41.099,41.155,41.212,41.27,41.328,41.386,41.444,41.503,41.561,41.621,41.68,41.74,41.799,41.859,41.919,41.98
38.846,38.85,38.856,38.865,38.873,38.885,38.898,38.914,38.932,38.953,38.973,38.996,39.022,39.046,39.074,39.102,39.132,39.163,39.194,39.227,39.262,39.297,39.333,39.37,39.408,39.447,39.486,39.527,39.568,39.61,39.653,39.695,39.739,39.784,39.83,39.875,39.921,39.968,40.015,40.063,40.111,40.16,40.209,40.258,40.308,40.358,40.408,40.459,40.51,40.561,40.613,40.665,40.717,40.77,40.822,40.875,40.928,40.981,41.034,41.088
38.359,38.356,38.359,38.364,38.37,38.379,38.388,38.4,38.413,38.429,38.447,38.465,38.484,38.507,38.529,38.553,38.578,38.605,38.632,38.66,38.69,38.72,38.751,38.783,38.817,38.85,38.885,38.92,38.956,38.993,39.03,39.068,39.107,39.146,39.186,39.226,39.267,39.308,39.35,39.392,39.435,39.478,39.521,39.565,39.609,39.653,39.698,39.743,39.789,39.834,39.88,39.926,39.972,40.019,40.066,40.113,40.16,40.207,40.255,40.302
37.918,37.914,37.913,37.913,37.916,37.922,37.93,37.938,37.948,37.961,37.975,37.989,38.005,38.023,38.041,38.062,38.083,38.105,38.13,38.154,38.179,38.205,38.232,38.26,38.289,38.319,38.349,38.38,38.411,38.444,38.477,38.51,38.544,38.578,38.614,38.649,38.685,38.722,38.759,38.796,38.834,38.872,38.911,38.95,38.989,39.028,39.068,39.108,39.149,39.189,39.23,39.271,39.313,39.354,39.396,39.438,39.48,39.522,39.565,39.607
37.519,37.513,37.51,37.509,37.509,37.512,37.515,37.523,37.529,37.54,37.549,37.561,37.574,37.589,37.605,37.622,37.639,37.659,37.679,37.699,37.721,37.744,37.767,37.791,37.816,37.842,37.869,37.896,37.924,37.952,37.981,38.01,38.04,38.071,38.102,38.134,38.166,38.198,38.231,38.264,38.298,38.332,38.366,38.401,38.436,38.471,38.507,38.542,38.578,38.615,38.651,38.688,38.725,38.762,38.8,38.837,38.875,38.913,38.951,38.989
37.158,37.151,37.146,37.142,37.141,37.141,37.143,37.146,37.153,37.158,37.165,37.175,37.186,37.198,37.21,37.225,37.24,37.255,37.272,37.29,37.309,37.328,37.349,37.37,37.391,37.414,37.437,37.461,37.485,37.51,37.536,37.562,37.588,37.615,37.643,37.671,37.699,37.728,37.757,37.787,37.817,37.847,37.878,37.909,37.94,37.972,38.004,38.036,38.068,38.101,38.133,38.166,38.2,38.233,38.267,38.3,38.334,38.368,38.402,38.437
36.831,36.824,36.816,36.809,36.807,36.806,36.805,36.805,36.809,36.813,36.819,36.826,36.834,36.843,36.854,36.864,36.877,36.89,36.905,36.92,36.935,36.953,36.97,36.988,37.007,37.027,37.047,37.068,37.089,37.111,37.134,37.157,37.181,37.205,37.229,37.254,37.279,37.305,37.331,37.358,37.384,37.411,37.439,37.467,37.495,37.523,37.551,37.58,37.609,37.639,37.668,37.698,37.728,37.758,37.788,37.818,37.849,37.88,37.91,37.941
36.535,36.525,36.513,36.508,36.502,36.498,36.496,36.496,36.496,36.499,36.503,36.507,36.513,36.521,36.529,36.539,36.548,36.559,36.571,36.584,36.598,36.612,36.627,36.643,36.659,36.677,36.694,36.712,36.731,36.75,36.77,36.791,36.812,36.833,36.855,36.877,36.899,36.922,36.946,36.969,36.993,37.018,37.042,37.067,37.093,37.118,37.144,37.17,37.196,37.222,37.249,37.275,37.302,37.329,37.357,37.384,37.412,37.439,37.467,37.495
36.262,36.251,36.239,36.23,36.226,36.218,36.215,36.213,36.213,36.212,36.214,36.218,36.221,36.226,36.234,36.241,36.248,36.258,36.267,36.279,36.29,36.302,36.315,36.329,36.343,36.358,36.373,36.389,36.405,36.423,36.44,36.458,36.477,36.496,36.515,36.535,36.555,36.575,36.596,36.617,36.639,36.661,36.683,36.705,36.728,36.751,36.774,36.797,36.821,36.845,36.869,36.893,36.917,36.942,36.967,36.992,37.016,37.041,37.067,37.092
36.011,35.998,35.986,35.977,35.969,35.962,35.957,35.954,35.951,35.95,35.952,35.953,35.955,35.958,35.964,35.969,35.974,35.982,35.99,35.999,36.008,36.019,36.03,36.042,36.054,36.067,36.08,36.094,36.109,36.124,36.139,36.155,36.172,36.188,36.206,36.223,36.241,36.26,36.278,36.297,36.317,36.336,36.356,36.376,36.397,36.417,36.438,36.459,36.481,36.502,36.524,36.546,36.568,36.59,36.613,36.635,36.658,36.681,36.703,36.727
35.782,35.766,35.754,35.744,35.735,35.726,35.72,35.716,35.713,35.709,35.709,35.709,35.71,35.712,35.715,35.718,35.724,35.73,35.736,35.743,35.751,35.76,35.769,35.779,35.79,35.801,35.812,35.825,35.837,35.851,35.864,35.879,35.893,35.908,35.923,35.939,35.955,35.971,35.988,36.005,36.023,36.04,36.058,36.076,36.095,36.113,36.132,36.151,36.171,36.19,36.21,36.23,36.25,36.27,36.29,36.311,36.331,36.352,36.373,36.394
35.568,35.553,35.541,35.528,35.519,35.51,35.503,35.496,35.493,35.489,35.486,35.484,35.485,35.486,35.488,35.489,35.494,35.498,35.503,35.508,35.515,35.523,35.53,35.538,35.547,35.556,35.567,35.577,35.588,35.6,35.612,35.624,35.638,35.651,35.664,35.678,35.693,35.708,35.722,35.738,35.753,35.769,35.785,35.802,35.818,35.835,35.852,35.87,35.887,35.905,35.923,35.941,35.959,35.977,35.996,36.014,36.033,36.052,36.071,36.09
35.373,35.356,35.343,35.331,35.32,35.31,35.301,35.294,35.289,35.284,35.28,35.278,35.277,35.276,35.277,35.279,35.281,35.283,35.288,35.292,35.297,35.303,35.309,35.316,35.324,35.332,35.341,35.35,35.36,35.37,35.38,35.391,35.403,35.414,35.427,35.439,35.452,35.465,35.478,35.492,35.506,35.521,35.535,35.55,35.565,35.58,35.596,35.611,35.627,35.643,35.66,35.676,35.693,35.709,35.726,35.743,35.76,35.777,35.795,35.812
35.189,35.175,35.159,35.146,35.135,35.123,35.115,35.107,35.1,35.095,35.09,35.086,35.085,35.084,35.083,35.083,35.084,35.086,35.088,35.092,35.096,35.1,35.106,35.112,35.118,35.125,35.132,35.14,35.148,35.157,35.167,35.176,35.186,35.197,35.207,35.219,35.23,35.242,35.254,35.266,35.279,35.292,35.305,35.318,35.332,35.346,35.36,35.374,35.388,35.403,35.418,35.433,35.448,35.463,35.478,35.494,35.51,35.525,35.541,35.557
35.023,35.005,34.989,34.976,34.962,34.952,34.941,34.933,34.925,34.919,34.914,34.91,34.907,34.904,34.903,34.903,34.902,34.903,34.905,34.907,34.91,34.914,34.917,34.922,34.928,34.933,34.94,34.946,34.954,34.961,34.969,34.978,34.987,34.996,35.005,35.015,35.025,35.036,35.047,35.058,35.069,35.081,35.093,35.105,35.117,35.129,35.142,35.155,35.168,35.181,35.195,35.209,35.222,35.236,35.25,35.264,35.279,35.293,35.308,35.322
34.864,34.848,34.831,34.816,34.804,34.792,34.781,34.772,34.763,34.756,34.75,34.745,34.742,34.739,34.736,34.735,34.733,34.733,34.734,34.736,34.738,34.74,34.743,34.747,34.752,34.756,34.761,34.767,34.773,34.78,34.786,34.794,34.802,34.81,34.818,34.827,34.836,34.845,34.855,34.865,34.875,34.886,34.896,34.907,34.918,34.93,34.941,34.953,34.965,34.977,34.989,35.002,35.014,35.027,35.04,35.053,35.066,35.079,35.092,35.106
34.719,34.7,34.684,34.668,34.654,34.642,34.631,34.621,34.613,34.606,34.598,34.593,34.588,34.584,34.581,34.578,34.577,34.576,34.575,34.576,34.578,34.579,34.581,34.584,34.587,34.591,34.595,34.6,34.605,34.611,34.617,34.623,34.63,34.637,34.645,34.652,34.66,34.669,34.677,34.686,34.695,34.705,34.714,34.724,34.734,34.745,34.755,34.766,34.776,34.788,34.799,34.81,34.822,34.833,34.845,34.857,34.869,34.881,34.893,34.906
34.582,34.564,34.546,34.529,34.516,34.503,34.492,34.481,34.472,34.464,34.456,34.45,34.445,34.44,34.435,34.432,34.431,34.428,34.427,34.428,34.428,34.429,34.43,34.432,34.434,34.438,34.441,34.445,34.449,34.454,34.459,34.465,34.47,34.477,34.483,34.49,34.497,34.505,34.512,34.52,34.528,34.537,34.545,34.554,34.563,34.573,34.582,34.592,34.602,34.612,34.622,34.632,34.643,34.654,34.664,34.675,34.686,34.697,34.709,34.72
34.453,34.435,34.417,34.401,34.386,34.375,34.36,34.349,34.34,34.331,34.323,34.316,34.311,34.305,34.3,34.297,34.294,34.291,34.289,34.289,34.289,34.288,34.289,34.291,34.292,34.294,34.297,34.3,34.304,34.308,34.312,34.317,34.322,34.327,34.333,34.339,34.345,34.352,34.358,34.366,34.373,34.38,34.388,34.396,34.404,34.413,34.422,34.43,34.439,34.448,34.458,34.467,34.477,34.486,34.496,34.506,34.517,34.527,34.537,34.547
34.334,34.313,34.297,34.281,34.265,34.251,34.238,34.227,34.216,34.207,34.199,34.192,34.185,34.179,34.174,34.169,34.166,34.163,34.161,34.16,34.158,34.158,34.158,34.158,34.16,34.161,34.163,34.165,34.168,34.171,34.175,34.179,34.183,34.188,34.193,34.198,34.203,34.209,34.215,34.221,34.228,34.235,34.242,34.249,34.257,34.264,34.272,34.28,34.288,34.296,34.305,34.313,34.322,34.331,34.34,34.349,34.358,34.368,34.377,34.387
34.222,34.199,34.182,34.166,34.151,34.136,34.123,34.112,34.101,34.09,34.082,34.074,34.067,34.061,34.056,34.05,34.046,34.043,34.04,34.038,34.036,34.035,34.034,34.035,34.035,34.036,34.037,34.039,34.041,34.044,34.046,34.05,34.053,34.057,34.061,34.066,34.071,34.076,34.081,34.087,34.093,34.099,34.105,34.111,34.118,34.125,34.132,34.139,34.147,34.154,34.162,34.17,34.178,34.186,34.194,34.203,34.211,34.22,34.229,34.237
34.115,34.096,34.076,34.059,34.042,34.029,34.014,34.002,33.992,33.982,33.972,33.965,33.956,33.95,33.944,33.938,33.934,33.93,33.927,33.924,33.922,33.92,33.919,33.918,33.918,33.918,33.919,33.92,33.922,33.924,33.926,33.929,33.932,33.935,33.939,33.942,33.947,33.951,33.956,33.961,33.966,33.971,33.977,33.983,33.989,33.995,34.001,34.008,34.015,34.022,34.029,34.036,34.043,34.05,34.058,34.066,34.074,34.081,34.09,34.098
34.013,33.994,33.974,33.957,33.942,33.927,33.914,33.901,33.89,33.879,33.869,33.861,33.852,33.846,33.839,33.833,33.829,33.824,33.82,33.816,33.814,33.812,33.81,33.809,33.809,33.809,33.808,33.809,33.81,33.811,33.813,33.815,33.818,33.821,33.823,33.827,33.83,33.834,33.838,33.843,33.847,33.852,33.857,33.862,33.867,33.873,33.879,33.885,33.891,33.897,33.904,33.91,33.917,33.923,33.931,33.938,33.945,33.952,33.959,33.967
33.92,33.899,33.88,33.863,33.847,33.832,33.818,33.806,33.793,33.782,33.773,33.764,33.755,33.748,33.74,33.735,33.729,33.724,33.72,33.716,33.713,33.711,33.708,33.707,33.706,33.705,33.705,33.705,33.705,33.706,33.707,33.709,33.711,33.713,33.715,33.718,33.721,33.724,33.728,33.732,33.736,33.74,33.744,33.749,33.754,33.759,33.764,33.769,33.775,33.781,33.786,33.792,33.798,33.805,33.811,33.817,33.824,33.831,33.837,33.844
33.83,33.809,33.791,33.773,33.756,33.742,33.728,33.714,33.703,33.692,33.681,33.672,33.663,33.655,33.647,33.641,33.635,33.63,33.625,33.621,33.617,33.615,33.612,33.61,33.609,33.608,33.606,33.606,33.606,33.607,33.607,33.608,33.61,33.611,33.614,33.616,33.618,33.621,33.624,33.627,33.631,33.635,33.638,33.642,33.647,33.651,33.656,33.661,33.666,33.671,33.676,33.681,33.687,33.693,33.699,33.705,33.711,33.717,33.723,33.729
33.746,33.725,33.707,33.688,33.671,33.656,33.642,33.629,33.615,33.605,33.594,33.585,33.576,33.566,33.559,33.553,33.547,33.541,33.536,33.532,33.528,33.525,33.522,33.519,33.517,33.515,33.514,33.513,33.513,33.513,33.513,33.514,33.515,33.516,33.518,33.519,33.521,33.524,33.526,33.529,33.532,33.535,33.539,33.542,33.546,33.55,33.554,33.559,33.563,33.568,33.572,33.577,33.582,33.588,33.593,33.598,33.604,33.61,33.615,33.621
33.666,33.645,33.626,33.608,33.592,33.575,33.56,33.547,33.535,33.523,33.512,33.502,33.493,33.484,33.477,33.469,33.464,33.457,33.452,33.447,33.443,33.439,33.436,33.433,33.43,33.428,33.427,33.426,33.425,33.424,33.424,33.425,33.425,33.426,33.427,33.428,33.43,33.432,33.434,33.436,33.439,33.442,33.444,33.448,33.451,33.455,33.458,33.462,33.466,33.47,33.475,33.479,33.484,33.489,33.493,33.498,33.504,33.509,33.514,33.519
33.589,33.569,33.55,33.532,33.514,33.499,33.485,33.47,33.457,33.446,33.434,33.424,33.415,33.406,33.398,33.39,33.384,33.378,33.372,33.367,33.363,33.358,33.355,33.352,33.349,33.346,33.344,33.343,33.342,33.341,33.341,33.34,33.34,33.341,33.342,33.342,33.344,33.345,33.347,33.349,33.351,33.353,33.356,33.359,33.361,33.365,33.368,33.371,33.375,33.379,33.383,33.387,33.391,33.395,33.4,33.404,33.409,33.413,33.418,33.423
33.518,33.497,33.477,33.459,33.441,33.427,33.411,33.397,33.384,33.372,33.361,33.351,33.341,33.332,33.323,33.316,33.309,33.302,33.296,33.291,33.286,33.282,33.278,33.274,33.271,33.269,33.267,33.265,33.263,33.262,33.261,33.26,33.26,33.26,33.261,33.261,33.262,33.263,33.264,33.266,33.268,33.27,33.272,33.274,33.277,33.28,33.282,33.285,33.289,33.292,33.296,33.299,33.303,33.307,33.311,33.315,33.319,33.324,33.328,33.333
33.45,33.428,33.408,33.391,33.375,33.357,33.342,33.328,33.315,33.302,33.291,33.281,33.27,33.261,33.253,33.245,33.237,33.231,33.224,33.219,33.214,33.209,33.205,33.201,33.198,33.195,33.192,33.19,33.188,33.187,33.186,33.185,33.184,33.184,33.184,33.184,33.185,33.185,33.187,33.188,33.189,33.191,33.193,33.194,33.197,33.199,33.202,33.204,33.207,33.21,33.213,33.217,33.22,33.223,33.227,33.231,33.235,33.239,33.243,33.247
4419.1,4429.5,4438.7,4446.9,4454.1,4460.4,4465.9,4470.6,4474.6,4478,4480.9,4483.3,4485.4,4487.2,4488.9,4490.4,4491.8,4493.3,4494.7,4496.1,4497.5,4498.9,4500.3,4501.7,4503.1,4504.5,4505.9,4507.3,4508.7,4510.1,4511.5,4512.8,4514.2,4515.6,4517,4518.3,4519.7,4521,4522.4,4523.8,4525.1,4526.5,4527.8,4529.2,4530.5,4531.9,4533.2,4534.6,4535.9,4537.3,4538.6,4540,4541.3,5080.8,5117.4,5140.4,5158.6,5174.1,5187.3,5198.8
3732.4,3733.8,3692.6,3693.7,3694.9,3696.1,3697.2,3698.4,3699.6,3700.7,3701.8,3703,3704.1,3705.2,3706.3,3707.4,3708.5,3709.6,4248.5,4279.4,4301.1,4319,4334.6,4348.5,4360.9,4372.1,4382.1,4391,4399,4406.1,4412.3,4417.9,4422.7,4426.8,4430.4,4433.4,4435.9,4438.1,4439.9,4441.6,4443,4444.3,4445.6,4446.8,4448,4449.3,4450.5,4451.7,4452.9,4454.1,4455.3,4456.5,4457.7,4458.9,4460.1,4461.3,4462.5,4463.7,4464.9,4466.1
3678.4,3679.7,3681,3682.3,3683.7,3685,3686.3,3687.6,3688.9,3690.1,3691.4,3692.7,3694,3695.2,3696.5,3697.7,3699,3700.2,3701.5,3702.7,3703.9,3705.2,3706.4,3707.6,3708.8,3710,3711.2,3712.4,3713.6,3714.8,3716,3717.1,3718.3,3719.5,3720.6,3721.8,3722.9,3724.1,3725.2,3726.4,3727.5,3728.7,3729.8,3730.9,3732,3733.2,3734.3,3735.4,3736.5,3737.6,3738.7,3739.8,4284.4,4309.3,4327.9,4355.1,4362.6,4369.4,4375.4,4380.8
3610.1,3614.8,3619.1,3623.1,3626.7,3629.9,3632.8,3635.4,3637.8,3639.9,3641.8,3643.5,3645.1,3646.6,3647.9,3649.2,3650.5,3651.7,3652.9,3654.1,3655.2,3656.4,3657.6,3658.8,3659.9,3661.1,3662.2,3663.4,3664.6,3665.7,3666.8,3668,3669.1,3670.2,3671.3,3672.5,3673.6,3674.7,3675.8,3676.9,3678,3679.1,3680.2,3681.3,3682.3,3683.4,3684.5,3685.6,3686.6,3687.7,3688.8,3689.8,3690.9,3691.9,3693,3694,3695.1,3696.1,3697.1,3698.2
3445.6,3460.7,3474.1,3486.3,3497.6,3508.1,3517.9,3527.1,3535.6,3543.7,3551.2,3558.2,3564.7,3570.8,3576.5,3581.8,3586.7,3591.2,3595.4,3599.2,3602.7,3605.8,3608.7,3611.3,3613.6,3615.7,3617.5,3619.2,3620.8,3622.2,3623.5,3624.7,3625.9,3627,3628.1,3629.1,3630.2,3631.3,3632.3,3633.4,3634.4,3635.5,3636.5,3637.6,3638.6,3639.6,3640.7,3641.7,3642.7,3643.7,3644.7,3645.7,3646.7,3647.7,3648.7,3649.7,3650.7,3651.7,3652.7,3653.7
2863.1,2863.9,2864.8,2865.7,2866.5,2867.4,2868.2,2869.1,2869.9,2870.8,2871.6,2872.5,2873.3,2874.2,2875,2875.9,3401.2,3423,3439.5,3453.6,3466.1,3477.5,3488,3497.7,3506.7,3515.2,3523,3530.4,3537.3,3543.8,3549.8,3555.4,3560.7,3565.6,3570.1,3574.3,3578.2,3581.7,3584.9,3587.9,3590.5,3592.9,3595.1,3597,3598.8,3600.3,3601.7,3603,3604.2,3605.4,3606.4,3607.4,3608.4,3609.4,3610.3,3611.3,3612.2,3613.2,3614.1,3615.1
2846,2846.8,2847.7,2848.5,2849.3,2850.2,2851,2851.9,2852.7,2853.5,2854.3,2855.2,2856,2856.8,2857.7,2858.5,2859.3,2860.2,2861,2861.8,2862.6,2863.5,2864.3,2865.1,2865.9,2866.8,2867.6,2868.4,2869.2,2870,2870.8,2871.6,2872.4,2873.3,2874.1,3386.6,3411.2,3428.1,3442.2,3454.4,3465.5,3475.6,3484.9,3493.6,3501.7,3509.3,3516.3,3523,3529.2,3535,3540.4,3545.6,3550.3,3554.7,3558.8,3562.6,3566.1,3569.3,3572.1,3574.8
2829.7,2830.5,2831.3,2832.1,2833,2833.8,2834.6,2835.4,2836.2,2837,2837.8,2838.6,2839.4,2840.3,2841.1,2841.9,2842.7,2843.5,2844.3,2845.1,2845.9,2846.7,2847.5,2848.3,2849.2,2850,2850.8,2851.6,2852.4,2853.2,2854,2854.8,2855.6,2856.4,2857.2,2858,2858.8,2859.6,2860.4,2861.2,2862,2862.7,2863.5,2864.3,2865.1,2865.9,2866.7,2867.5,2868.2,2869,2869.8,2870.6,2871.3,2872.1,2872.9,2873.6,3387.3,3409.3,3425,3438
2814.1,2814.9,2815.7,2816.5,2817.3,2818.1,2818.8,2819.6,2820.4,2821.2,2822,2822.8,2823.6,2824.4,2825.2,2826,2826.7,2827.5,2828.3,2829.1,2829.9,2830.7,2831.5,2832.3,2833.1,2833.8,2834.6,2835.4,2836.2,2837,2837.8,2838.6,2839.4,2840.1,2840.9,2841.7,2842.5,2843.3,2844.1,2844.8,2845.6,2846.4,2847.2,2848,2848.7,2849.5,2850.3,2851.1,2851.8,2852.6,2853.4,2854.2,2854.9,2855.7,2856.5,2857.2,2858,2858.8,2859.5,2860.3
2799.2,2800,2800.7,2801.5,2802.3,2803,2803.8,2804.6,2805.3,2806.1,2806.9,2807.6,2808.4,2809.2,2809.9,2810.7,2811.5,2812.2,2813,2813.8,2814.5,2815.3,2816.1,2816.8,2817.6,2818.4,2819.1,2819.9,2820.7,2821.5,2822.2,2823,2823.8,2824.5,2825.3,2826.1,2826.8,2827.6,2828.4,2829.1,2829.9,2830.7,2831.4,2832.2,2833,2833.7,2834.5,2835.3,2836,2836.8,2837.5,2838.3,2839.1,2839.8,2840.6,2841.3,2842.1,2842.8,2843.6,2844.4
2784.9,2785.6,2786.4,2787.1,2787.9,2788.6,2789.4,2790.1,2790.8,2791.6,2792.3,2793.1,2793.8,2794.6,2795.3,2796.1,2796.8,2797.6,2798.3,2799,2799.8,2800.5,2801.3,2802,2802.8,2803.5,2804.3,2805,2805.8,2806.5,2807.3,2808,2808.8,2809.5,2810.3,2811,2811.8,2812.5,2813.3,2814,2814.8,2815.5,2816.3,2817,2817.8,2818.5,2819.3,2820,2820.8,2821.5,2822.3,2823,2823.8,2824.5,2825.2,2826,2826.7,2827.5,2828.2,2829
2771.2,2771.9,2772.6,2773.3,2774,2774.8,2775.5,2776.2,2776.9,2777.6,2778.4,2779.1,2779.8,2780.5,2781.3,2782,2782.7,2783.4,2784.2,2784.9,2785.6,2786.4,2787.1,2787.8,2788.5,2789.3,2790,2790.7,2791.5,2792.2,2792.9,2793.7,2794.4,2795.1,2795.8,2796.6,2797.3,2798,2798.8,2799.5,2800.2,2801,2801.7,2802.4,2803.2,2803.9,2804.6,2805.4,2806.1,2806.8,2807.5,2808.3,2809,2809.7,2810.5,2811.2,2811.9,2812.7,2813.4,2814.1
2757.9,2758.6,2759.3,2760,2760.7,2761.4,2762.1,2762.8,2763.5,2764.2,2764.9,2765.6,2766.3,2767.1,2767.8,2768.5,2769.2,2769.9,2770.6,2771.3,2772,2772.7,2773.4,2774.1,2774.8,2775.5,2776.2,2777,2777.7,2778.4,2779.1,2779.8,2780.5,2781.2,2781.9,2782.7,2783.4,2784.1,2784.8,2785.5,2786.2,2786.9,2787.7,2788.4,2789.1,2789.8,2790.5,2791.2,2791.9,2792.7,2793.4,2794.1,2794.8,2795.5,2796.2,2796.9,2797.7,2798.4,2799.1,2799.8
2744.7,2745.5,2746.3,2747,2747.8,2748.5,2749.2,2749.9,2750.6,2751.3,2752,2752.7,2753.4,2754,2754.7,2755.4,2756.1,2756.8,2757.5,2758.2,2758.9,2759.5,2760.2,2760.9,2761.6,2762.3,2763,2763.7,2764.4,2765.1,2765.8,2766.5,2767.2,2767.8,2768.5,2769.2,2769.9,2770.6,2771.3,2772,2772.7,2773.4,2774.1,2774.8,2775.5,2776.2,2776.9,2777.6,2778.3,2779,2779.7,2780.4,2781.1,2781.8,2782.5,2783.2,2783.9,2784.6,2785.3,2786
2731.2,2732.1,2733.1,2733.9,2734.8,2735.6,2736.4,2737.2,2737.9,2738.7,2739.4,2740.1,2740.8,2741.5,2742.1,2742.8,2743.5,2744.2,2744.8,2745.5,2746.2,2746.8,2747.5,2748.2,2748.9,2749.5,2750.2,2750.9,2751.6,2752.2,2752.9,2753.6,2754.3,2754.9,2755.6,2756.3,2757,2757.6,2758.3,2759,2759.7,2760.4,2761,2761.7,2762.4,2763.1,2763.8,2764.4,2765.1,2765.8,2766.5,2767.2,2767.9,2768.5,2769.2,2769.9,2770.6,2771.3,2772,2772.6
2716.8,2718,2719.1,2720.2,2721.3,2722.3,2723.3,2724.2,2725.1,2725.9,2726.8,2727.5,2728.3,2729.1,2729.8,2730.5,2731.2,2731.9,2732.6,2733.2,2733.9,2734.5,2735.2,2735.9,2736.5,2737.2,2737.8,2738.5,2739.1,2739.8,2740.5,2741.1,2741.8,2742.4,2743.1,2743.8,2744.4,2745.1,2745.7,2746.4,2747.1,2747.7,2748.4,2749.1,2749.7,2750.4,2751.1,2751.7,2752.4,2753.1,2753.7,2754.4,2755.1,2755.7,2756.4,2757.1,2757.7,2758.4,2759.1,2759.7
2701.2,2702.7,2704.1,2705.5,2706.9,2708.1,2709.3,2710.5,2711.6,2712.7,2713.7,2714.6,2715.5,2716.4,2717.3,2718.1,2718.9,2719.7,2720.4,2721.1,2721.8,2722.5,2723.2,2723.9,2724.5,2725.2,2725.8,2726.5,2727.1,2727.8,2728.4,2729.1,2729.7,2730.3,2731,2731.6,2732.3,2732.9,2733.6,2734.2,2734.9,2735.5,2736.2,2736.8,2737.5,2738.1,2738.8,2739.4,2740.1,2740.7,2741.4,2742,2742.7,2743.3,2744,2744.6,2745.3,2745.9,2746.6,2747.2
2704.7,2707.1,2709.4,2711.6,2713.8,2715.9,2694.2,2720,2697,2698.4,2699.6,2700.9,2702,2703.1,2704.2,2705.2,2706.2,2707.1,2708,2708.8,2709.6,2710.4,2711.2,2711.9,2712.7,2713.4,2714.1,2714.7,2715.4,2716.1,2716.7,2717.3,2718,2718.6,2719.2,2719.9,2720.5,2721.1,2721.8,2722.4,2723,2723.7,2724.3,2724.9,2725.6,2726.2,2726.8,2727.5,2728.1,2728.7,2729.4,2730,2730.7,2731.3,2731.9,2732.6,2733.2,2733.8,2734.5,2735.1
2681.6,2684.2,2686.7,2689.2,2691.6,2694,2696.3,2698.6,2700.8,2703,2705.1,2707.2,2709.2,2711.2,2713.1,2715,2692.5,2718.5,2694.8,2695.8,2723.4,2697.8,2698.8,2727.8,2700.5,2701.4,2702.2,2702.9,2703.7,2704.4,2705.1,2705.8,2706.5,2707.1,2707.8,2708.4,2709,2709.7,2710.3,2710.9,2711.5,2712.2,2712.8,2713.4,2714,2714.6,2715.3,2715.9,2716.5,2717.1,2717.7,2718.4,2719,2719.6,2720.2,2720.9,2721.5,2722.1,2722.7,2723.4
2657.5,2660.2,2662.9,2665.6,2668.2,2670.8,2673.4,2675.9,2678.4,2680.8,2683.2,2685.5,2687.8,2690,2692.2,2694.4,2696.4,2698.5,2700.4,2702.4,2704.2,2706,2707.8,2709.5,2711.1,2712.7,2714.2,2715.7,2717.1,2718.5,2719.8,2694,2694.8,2723.5,2696.3,2697,2697.7,2698.4,2699,2699.7,2700.3,2700.9,2701.6,2702.2,2702.8,2703.4,2704,2704.6,2705.2,2705.8,2706.4,2707,2707.6,2708.3,2708.9,2709.5,2710.1,2710.7,2711.3,2711.9
2632,2634.9,2637.8,2640.7,2643.6,2646.4,2649.2,2651.9,2654.6,2657.3,2659.9,2662.5,2665,2667.5,2670,2672.4,2674.7,2677,2679.3,2681.5,2683.6,2685.7,2687.7,2689.7,2691.7,2693.5,2695.4,2697.1,2698.8,2700.5,2702.1,2703.6,2705.1,2706.5,2707.9,2709.3,2710.6,2711.8,2713,2714.2,2715.3,2716.4,2717.5,2718.5,2691.7,2720.5,2721.4,2722.3,2723.2,2724.1,2725,2696,2696.6,2697.2,2697.8,2698.4,2699,2699.6,2700.2,2700.8
2604.2,2607.5,2610.7,2613.9,2617.1,2620.2,2623.2,2626.2,2629.2,2632.1,2635,2637.8,2640.6,2643.4,2646.1,2648.8,2651.4,2654,2656.5,2659,2661.4,2663.8,2666.1,2668.4,2670.6,2672.8,2674.9,2677,2679,2681,2682.9,2684.7,2686.5,2688.2,2689.9,2691.5,2693.1,2694.6,2696.1,2697.5,2698.9,2700.2,2701.4,2702.7,2703.9,2705,2706.1,2707.2,2708.2,2709.3,2710.2,2711.2,2712.1,2713,2713.9,2714.8,2715.7,2716.5,2689.4,2690
2572.4,2576.3,2580.1,2583.8,2587.5,2591,2594.5,2597.9,2601.3,2604.6,2607.8,2611,2614.1,2617.2,2620.2,2623.2,2626.1,2629,2631.8,2634.6,2637.3,2640,2642.7,2645.2,2647.8,2650.3,2652.7,2655.1,2657.4,2659.7,2661.9,2664.1,2666.2,2668.2,2670.2,2672.2,2674,2675.9,2677.6,2679.4,2681,2682.6,2684.2,2685.7,2687.1,2688.5,2689.8,2691.1,2692.4,2693.6,2694.8,2695.9,2697,2698.1,2699.1,2700.1,2701.1,2702,2703,2703.9
2530.7,2536.5,2541.9,2546.8,2551.6,2556.2,2560.6,2564.8,2568.9,2572.9,2576.7,2580.5,2584.1,2587.7,2591.2,2594.7,2598,2601.3,2604.5,2607.7,2610.8,2613.8,2616.8,2619.8,2622.6,2625.5,2628.2,2631,2633.6,2636.3,2638.8,2641.3,2643.8,2646.2,2648.5,2650.8,2653,2655.2,2657.3,2659.4,2661.3,2663.3,2665.2,2667,2668.7,2670.4,2672.1,2673.7,2675.2,2676.7,2678.2,2679.5,2680.9,2682.2,2683.4,2684.6,2685.8,2686.9,2688,2689.1
2002.4,2002.4,2002.4,2002.4,2002.4,2499.5,2510.2,2518.4,2525.3,2531.4,2537,2542.2,2547.1,2551.8,2556.3,2560.7,2564.8,2568.9,2572.8,2576.6,2580.3,2583.9,2587.5,2590.9,2594.3,2597.6,2600.8,2603.9,2607,2610,2613,2615.9,2618.7,2621.5,2624.3,2626.9,2629.5,2632.1,2634.6,2637,2639.4,2641.7,2643.9,2646.1,2648.3,2650.3,2652.3,2654.3,2656.2,2658,2659.8,2661.5,2663.1,2664.7,2666.3,2667.8,2669.2,2670.6,2671.9,2673.2
2002.4,2002.4,2002.4,2002.4,2002.4,2002.4,2002.4,2002.4,2002.4,2002.4,2002.4,2002.4,2002.4,2485.9,2501.4,2510.8,2518.4,2525,2531,2536.5,2541.7,2546.6,2551.3,2555.7,2560,2564.2,2568.2,2572.1,2575.8,2579.5,2583.1,2586.5,2589.9,2593.2,2596.4,2599.6,2602.7,2605.7,2608.7,2611.5,2614.4,2617.1,2619.8,2622.4,2625,2627.5,2629.9,2632.3,2634.6,2636.8,2639,2641.1,2643.1,2645.1,2647,2648.9,2650.7,2652.4,2654.1,2655.7
2002.4,2002.4,2002.4,2002.4,2002.4,2002.4,2002.4,2002.4,2002.4,2002.4,2002.4,2002.4,2002.4,2002.4,2002.4,2002.4,2002.4,2002.4,2002.4,2002.4,2002.4,2002.4,2485.5,2499.6,2508.9,2516.5,2523.2,2529.2,2534.8,2540,2544.9,2549.6,2554.1,2558.4,2562.6,2566.6,2570.4,2574.2,2577.8,2581.4,2584.8,2588.2,2591.5,2594.6,2597.8,2600.8,2603.8,2606.6,2609.5,2612.2,2614.9,2617.5,2620,2622.4,2624.8,2627.1,2629.4,2631.6,2633.7,2635.7
2002.4,2002.4,2002.4,2002.4,2002.4,2002.4,2002.4,2002.4,2002.4,2002.4,2002.4,2002.4,2002.4,2002.4,2002.4,2002.4,2002.4,2002.4,2002.4,2002.4,2002.4,2002.4,2002.4,2002.4,2002.4,2002.4,2002.4,2002.4,2002.4,2002.4,2002.4,2002.4,2493.8,2504.2,2512.3,2519.3,2525.6,2531.4,2536.8,2541.9,2546.7,2551.3,2555.7,2559.9,2563.9,2567.8,2571.6,2575.3,2578.9,2582.3,2585.7,2588.9,2592.1,2595.2,2598.2,2601.1,2604,2606.7,2609.4,2612
2002.4,2002.4,2002.4,2002.4,2002.4,2002.4,2002.4,2002.4,2002.4,2002.4,2002.4,2002.4,2002.4,2002.4,2002.4,2002.4,2002.4,2002.4,2002.4,2002.4,2002.4,2002.4,2002.4,2002.4,2002.4,2002.4,2002.4,2002.4,2002.4,2002.4,2002.4,2002.4,2002.4,2002.4,2002.4,2002.4,2002.4,2002.4,2002.4,2002.4,2002.4,2478.4,2494.7,2504.6,2512.6,2519.6,2525.9,2531.6,2537,2542.1,2546.9,2551.5,2555.8,2560,2564.1,2567.9,2571.7,2575.3,2578.8,2582.3
2002.4,2002.4,2002.4,2002.4,2002.4,2002.4,2002.4,2002.4,2002.4,2002.4,2002.4,2002.4,2002.4,2002.4,2002.4,2002.4,2002.4,2002.4,2002.4,2002.4,2002.4,2002.4,2002.4,2002.4,2002.4,2002.4,2002.4,2002.4,2002.4,2002.4,2002.4,2002.4,2002.4,2002.4,2002.4,2002.4,2002.4,2002.4,2002.4,2002.4,2002.4,2002.4,2002.4,2002.4,2002.4,2002.4,2002.4,2002.4,2002.4,2002.4,2002.4,2002.4,2489.5,2500.9,2509.6,2517,2523.6,2529.6,2535.2,2540.4
2002.4,2002.4,2002.4,2002.4,2002.4,2002.4,2002.4,2002.4,2002.4,2002.4,2002.4,2002.4,2002.4,2002.4,2002.4,2002.4,2002.4,2002.4,2002.4,2002.4,2002.4,2002.4,2002.4,2002.4,2002.4,2002.4,2002.4,2002.4,2002.4,2002.4,2002.4,2002.4,2002.4,2002.4,2002.4,2002.4,2002.4,2002.4,2002.4,2002.4,2002.4,2002.4,2002.4,2002.4,2002.4,2002.4,2002.4,2002.4,2002.4,2002.4,2002.4,2002.4,2002.4,2002.4,2002.4,2002.4,2002.4,2002.4,2002.4,2002.4
2002.4,2002.4,2002.4,2002.4,2002.4,2002.4,2002.4,2002.4,2002.4,2002.4,2002.4,2002.4,2002.4,2002.4,2002.4,2002.4,2002.4,2002.4,2002.4,2002.4,2002.4,2002.4,2002.4,2002.4,2002.4,2002.4,2002.4,2002.4,2002.4,2002.4,2002.4,2002.4,2002.4,2002.4,2002.4,2002.4,2002.4,2002.4,2002.4,2002.4,2002.4,2002.4,2002.4,2002.4,2002.4,2002.4,2002.4,2002.4,2002.4,2002.4,2002.4,2002.4,2002.4,2002.4,2002.4,2002.4,2002.4,2002.4,2002.4,2002.4
2002.4,2002.4,2002.4,2002.4,2002.4,2002.4,2002.4,2002.4,2002.4,2002.4,2002.4,2002.4,2002.4,2002.4,2002.4,2002.4,2002.4,2002.4,2002.4,2002.4,2002.4,2002.4,2002.4,2002.4,2002.4,2002.4,2002.4,2002.4,2002.4,2002.4,2002.4,2002.4,2002.4,2002.4,2002.4,2002.4,2002.4,2002.4,2002.4,2002.4,2002.4,2002.4,2002.4,2002.4,2002.4,2002.4,2002.4,2002.4,2002.4,2002.4,2002.4,2002.4,2002.4,2002.4,2002.4,2002.4,2002.4,2002.4,2002.4,2002.4
2002.4,2002.4,2002.4,2002.4,2002.4,2002.4,2002.4,2002.4,2002.4,2002.4,2002.4,2002.4,2002.4,2002.4,2002.4,2002.4,2002.4,2002.4,2002.4,2002.4,2002.4,2002.4,2002.4,2002.4,2002.4,2002.4,2002.4,2002.4,2002.4,2002.4,2002.4,2002.4,2002.4,2002.4,2002.4,2002.4,2002.4,2002.4,2002.4,2002.4,2002.4,2002.4,2002.4,2002.4,2002.4,2002.4,2002.4,2002.4,2002.4,2002.4,2002.4,2002.4,2002.4,2002.4,2002.4,2002.4,2002.4,2002.4,2002.4,2002.4
2002.4,2002.4,2002.4,2002.4,2002.4,2002.4,2002.4,2002.4,2002.4,2002.4,2002.4,2002.4,2002.4,2002.4,2002.4,2002.4,2002.4,2002.4,2002.4,2002.4,2002.4,2002.4,2002.4,2002.4,2002.4,2002.4,2002.4,2002.4,2002.4,2002.4,2002.4,2002.4,2002.4,2002.4,2002.4,2002.4,2002.4,2002.4,2002.4,2002.4,2002.4,2002.4,2002.4,2002.4,2002.4,2002.4,2002.4,2002.4,2002.4,2002.4,2002.4,2002.4,2002.4,2002.4,2002.4,2002.4,2002.4,2002.4,2002.4,2002.4
2002.4,2002.4,2002.4,2002.4,2002.4,2002.4,2002.4,2002.4,2002.4,2002.4,2002.4,2002.4,2002.4,2002.4,2002.4,2002.4,2002.4,2002.4,2002.4,2002.4,2002.4,2002.4,2002.4,2002.4,2002.4,2002.4,2002.4,2002.4,2002.4,2002.4,2002.4,2002.4,2002.4,2002.4,2002.4,2002.4,2002.4,2002.4,2002.4,2002.4,2002.4,2002.4,2002.4,2002.4,2002.4,2002.4,2002.4,2002.4,2002.4,2002.4,2002.4,2002.4,2002.4,2002.4,2002.4,2002.4,2002.4,2002.4,2002.4,2002.4
2002.3,2002.3,2002.3,2002.3,2002.3,2002.4,2002.4,2002.4,2002.4,2002.4,2002.4,2002.4,2002.4,2002.4,2002.4,2002.4,2002.4,2002.4,2002.4,2002.4,2002.4,2002.4,2002.4,2002.4,2002.4,2002.4,2002.4,2002.4,2002.4,2002.4,2002.4,2002.4,2002.4,2002.4,2002.4,2002.4,2002.4,2002.4,2002.4,2002.4,2002.4,2002.4,2002.4,2002.4,2002.4,2002.4,2002.4,2002.4,2002.4,2002.4,2002.4,2002.4,2002.4,2002.4,2002.4,2002.4,2002.4,2002.4,2002.4,2002.4
2002.3,2002.3,2002.3,2002.3,2002.3,2002.3,2002.3,2002.3,2002.3,2002.3,2002.3,2002.3,2002.3,2002.3,2002.3,2002.3,2002.4,2002.4,2002.4,2002.4,2002.4,2002.4,2002.4,2002.4,2002.4,2002.4,2002.4,2002.4,2002.4,2002.4,2002.4,2002.4,2002.4,2002.4,2002.4,2002.4,2002.4,2002.4,2002.4,2002.4,2002.4,2002.4,2002.4,2002.4,2002.4,2002.4,2002.4,2002.4,2002.4,2002.4,2002.4,2002.4,2002.4,2002.4,2002.4,2002.4,2002.4,2002.4,2002.4,2002.4
2002.3,2002.3,2002.3,2002.3,2002.3,2002.3,2002.3,2002.3,2002.3,2002.3,2002.3,2002.3,2002.3,2002.3,2002.3,2002.3,2002.3,2002.3,2002.3,2002.3,2002.3,2002.3,2002.3,2002.3,2002.3,2002.3,2002.3,2002.3,2002.3,2002.3,2002.3,2002.3,2002.3,2002.3,2002.3,2002.3,2002.3,2002.3,2002.3,2002.3,2002.3,2002.3,2002.4,2002.4,2002.4,2002.4,2002.4,2002.4,2002.4,2002.4,2002.4,2002.4,2002.4,2002.4,2002.4,2002.4,2002.4,2002.4,2002.4,2002.4
2002.3,2002.3,2002.3,2002.3,2002.3,2002.3,2002.3,2002.3,2002.3,2002.3,2002.3,2002.3,2002.3,2002.3,2002.3,2002.3,2002.3,2002.3,2002.3,2002.3,2002.3,2002.3,2002.3,2002.3,2002.3,2002.3,2002.3,2002.3,2002.3,2002.3,2002.3,2002.3,2002.3,2002.3,2002.3,2002.3,2002.3,2002.3,2002.3,2002.3,2002.3,2002.3,2002.3,2002.3,2002.3,2002.3,2002.3,2002.3,2002.3,2002.3,2002.3,2002.3,2002.3,2002.3,2002.3,2002.3,2002.3,2002.3,2002.3,2002.3
2002.3,2002.3,2002.3,2002.3,2002.3,2002.3,2002.3,2002.3,2002.3,2002.3,2002.3,2002.3,2002.3,2002.3,2002.3,2002.3,2002.3,2002.3,2002.3,2002.3,2002.3,2002.3,2002.3,2002.3,2002.3,2002.3,2002.3,2002.3,2002.3,2002.3,2002.3,2002.3,2002.3,2002.3,2002.3,2002.3,2002.3,2002.3,2002.3,2002.3,2002.3,2002.3,2002.3,2002.3,2002.3,2002.3,2002.3,2002.3,2002.3,2002.3,2002.3,2002.3,2002.3,2002.3,2002.3,2002.3,2002.3,2002.3,2002.3,2002.3
2002.3,2002.3,2002.3,2002.3,2002.3,2002.3,2002.3,2002.3,2002.3,2002.3,2002.3,2002.3,2002.3,2002.3,2002.3,2002.3,2002.3,2002.3,2002.3,2002.3,2002.3,2002.3,2002.3,2002.3,2002.3,2002.3,2002.3,2002.3,2002.3,2002.3,2002.3,2002.3,2002.3,2002.3,2002.3,2002.3,2002.3,2002.3,2002.3,2002.3,2002.3,2002.3,2002.3,2002.3,2002.3,2002.3,2002.3,2002.3,2002.3,2002.3,2002.3,2002.3,2002.3,2002.3,2002.3,2002.3,2002.3,2002.3,2002.3,2002.3
2002.3,2002.3,2002.3,2002.3,2002.3,2002.3,2002.3,2002.3,2002.3,2002.3,2002.3,2002.3,2002.3,2002.3,2002.3,2002.3,2002.3,2002.3,2002.3,2002.3,2002.3,2002.3,2002.3,2002.3,2002.3,2002.3,2002.3,2002.3,2002.3,2002.3,2002.3,2002.3,2002.3,2002.3,2002.3,2002.3,2002.3,2002.3,2002.3,2002.3,2002.3,2002.3,2002.3,2002.3,2002.3,2002.3,2002.3,2002.3,2002.3,2002.3,2002.3,2002.3,2002.3,2002.3,2002.3,2002.3,2002.3,2002.3,2002.3,2002.3
2002.3,2002.3,2002.3,2002.3,2002.3,2002.3,2002.3,2002.3,2002.3,2002.3,2002.3,2002.3,2002.3,2002.3,2002.3,2002.3,2002.3,2002.3,2002.3,2002.3,2002.3,2002.3,2002.3,2002.3,2002.3,2002.3,2002.3,2002.3,2002.3,2002.3,2002.3,2002.3,2002.3,2002.3,2002.3,2002.3,2002.3,2002.3,2002.3,2002.3,2002.3,2002.3,2002.3,2002.3,2002.3,2002.3,2002.3,2002.3,2002.3,2002.3,2002.3,2002.3,2002.3,2002.3,2002.3,2002.3,2002.3,2002.3,2002.3,2002.3
2002.3,2002.3,2002.3,2002.3,2002.3,2002.3,2002.3,2002.3,2002.3,2002.3,2002.3,2002.3,2002.3,2002.3,2002.3,2002.3,2002.3,2002.3,2002.3,2002.3,2002.3,2002.3,2002.3,2002.3,2002.3,2002.3,2002.3,2002.3,2002.3,2002.3,2002.3,2002.3,2002.3,2002.3,2002.3,2002.3,2002.3,2002.3,2002.3,2002.3,2002.3,2002.3,2002.3,2002.3,2002.3,2002.3,2002.3,2002.3,2002.3,2002.3,2002.3,2002.3,2002.3,2002.3,2002.3,2002.3,2002.3,2002.3,2002.3,2002.3
2002.3,2002.3,2002.3,2002.3,2002.3,2002.3,2002.3,2002.3,2002.3,2002.3,2002.3,2002.3,2002.3,2002.3,2002.3,2002.3,2002.3,2002.3,2002.3,2002.3,2002.3,2002.3,2002.3,2002.3,2002.3,2002.3,2002.3,2002.3,2002.3,2002.3,2002.3,2002.3,2002.3,2002.3,2002.3,2002.3,2002.3,2002.3,2002.3,2002.3,2002.3,2002.3,2002.3,2002.3,2002.3,2002.3,2002.3,2002.3,2002.3,2002.3,2002.3,2002.3,2002.3,2002.3,2002.3,2002.3,2002.3,2002.3,2002.3,2002.3
2002.3,2002.3,2002.3,2002.3,2002.3,2002.3,2002.3,2002.3,2002.3,2002.3,2002.3,2002.3,2002.3,2002.3,2002.3,2002.3,2002.3,2002.3,2002.3,2002.3,2002.3,2002.3,2002.3,2002.3,2002.3,2002.3,2002.3,2002.3,2002.3,2002.3,2002.3,2002.3,2002.3,2002.3,2002.3,2002.3,2002.3,2002.3,2002.3,2002.3,2002.3,2002.3,2002.3,2002.3,2002.3,2002.3,2002.3,2002.3,2002.3,2002.3,2002.3,2002.3,2002.3,2002.3,2002.3,2002.3,2002.3,2002.3,2002.3,2002.3
2002.3,2002.3,2002.3,2002.3,2002.3,2002.3,2002.3,2002.3,2002.3,2002.3,2002.3,2002.3,2002.3,2002.3,2002.3,2002.3,2002.3,2002.3,2002.3,2002.3,2002.3,2002.3,2002.3,2002.3,2002.3,2002.3,2002.3,2002.3,2002.3,2002.3,2002.3,2002.3,2002.3,2002.3,2002.3,2002.3,2002.3,2002.3,2002.3,2002.3,2002.3,2002.3,2002.3,2002.3,2002.3,2002.3,2002.3,2002.3,2002.3,2002.3,2002.3,2002.3,2002.3,2002.3,2002.3,2002.3,2002.3,2002.3,2002.3,2002.3
2002.2,2002.2,2002.2,2002.2,2002.3,2002.3,2002.3,2002.3,2002.3,2002.3,2002.3,2002.3,2002.3,2002.3,2002.3,2002.3,2002.3,2002.3,2002.3,2002.3,2002.3,2002.3,2002.3,2002.3,2002.3,2002.3,2002.3,2002.3,2002.3,2002.3,2002.3,2002.3,2002.3,2002.3,2002.3,2002.3,2002.3,2002.3,2002.3,2002.3,2002.3,2002.3,2002.3,2002.3,2002.3,2002.3,2002.3,2002.3,2002.3,2002.3,2002.3,2002.3,2002.3,2002.3,2002.3,2002.3,2002.3,2002.3,2002.3,2002.3
2002.2,2002.2,2002.2,2002.2,2002.2,2002.2,2002.2,2002.2,2002.2,2002.3,2002.3,2002.3,2002.3,2002.3,2002.3,2002.3,2002.3,2002.3,2002.3,2002.3,2002.3,2002.3,2002.3,2002.3,2002.3,2002.3,2002.3,2002.3,2002.3,2002.3,2002.3,2002.3,2002.3,2002.3,2002.3,2002.3,2002.3,2002.3,2002.3,2002.3,2002.3,2002.3,2002.3,2002.3,2002.3,2002.3,2002.3,2002.3,2002.3,2002.3,2002.3,2002.3,2002.3,2002.3,2002.3,2002.3,2002.3,2002.3,2002.3,2002.3
2002.2,2002.2,2002.2,2002.2,2002.2,2002.2,2002.2,2002.2,2002.2,2002.2,2002.2,2002.2,2002.2,2002.3,2002.3,2002.3,2002.3,2002.3,2002.3,2002.3,2002.3,2002.3,2002.3,2002.3,2002.3,2002.3,2002.3,2002.3,2002.3,2002.3,2002.3,2002.3,2002.3,2002.3,2002.3,2002.3,2002.3,2002.3,2002.3,2002.3,2002.3,2002.3,2002.3,2002.3,2002.3,2002.3,2002.3,2002.3,2002.3,2002.3,2002.3,2002.3,2002.3,2002.3,2002.3,2002.3,2002.3,2002.3,2002.3,2002.3
2002.2,2002.2,2002.2,2002.2,2002.2,2002.2,2002.2,2002.2,2002.2,2002.2,2002.2,2002.2,2002.2,2002.2,2002.2,2002.2,2002.2,2002.2,2002.2,2002.3,2002.3,2002.3,2002.3,2002.3,2002.3,2002.3,2002.3,2002.3,2002.3,2002.3,2002.3,2002.3,2002.3,2002.3,2002.3,2002.3,2002.3,2002.3,2002.3,2002.3,2002.3,2002.3,2002.3,2002.3,2002.3,2002.3,2002.3,2002.3,2002.3,2002.3,2002.3,2002.3,2002.3,2002.3,2002.3,2002.3,2002.3,2002.3,2002.3,2002.3
2002.2,2002.2,2002.2,2002.2,2002.2,2002.2,2002.2,2002.2,2002.2,2002.2,2002.2,2002.2,2002.2,2002.2,2002.2,2002.2,2002.2,2002.2,2002.2,2002.2,2002.2,2002.2,2002.2,2002.2,2002.3,2002.3,2002.3,2002.3,2002.3,2002.3,2002.3,2002.3,2002.3,2002.3,2002.3,2002.3,2002.3,2002.3,2002.3,2002.3,2002.3,2002.3,2002.3,2002.3,2002.3,2002.3,2002.3,2002.3,2002.3,2002.3,2002.3,2002.3,2002.3,2002.3,2002.3,2002.3,2002.3,2002.3,2002.3,2002.3
2002.2,2002.2,2002.2,2002.2,2002.2,2002.2,2002.2,2002.2,2002.2,2002.2,2002.2,2002.2,2002.2,2002.2,2002.2,2002.2,2002.2,2002.2,2002.2,2002.2,2002.2,2002.2,2002.2,2002.2,2002.2,2002.2,2002.2,2002.2,2002.2,2002.2,2002.3,2002.3,2002.3,2002.3,2002.3,2002.3,2002.3,2002.3,2002.3,2002.3,2002.3,2002.3,2002.3,2002.3,2002.3,2002.3,2002.3,2002.3,2002.3,2002.3,2002.3,2002.3,2002.3,2002.3,2002.3,2002.3,2002.3,2002.3,2002.3,2002.3
2002.2,2002.2,2002.2,2002.2,2002.2,2002.2,2002.2,2002.2,2002.2,2002.2,2002.2,2002.2,2002.2,2002.2,2002.2,2002.2,2002.2,2002.2,2002.2,2002.2,2002.2,2002.2,2002.2,2002.2,2002.2,2002.2,2002.2,2002.2,2002.2,2002.2,2002.2,2002.2,2002.2,2002.2,2002.2,2002.2,2002.3,2002.3,2002.3,2002.3,2002.3,2002.3,2002.3,2002.3,2002.3,2002.3,2002.3,2002.3,2002.3,2002.3,2002.3,2002.3,2002.3,2002.3,2002.3,2002.3,2002.3,2002.3,2002.3,2002.3
2002.2,2002.2,2002.2,2002.2,2002.2,2002.2,2002.2,2002.2,2002.2,2002.2,2002.2,2002.2,2002.2,2002.2,2002.2,2002.2,2002.2,2002.2,2002.2,2002.2,2002.2,2002.2,2002.2,2002.2,2002.2,2002.2,2002.2,2002.2,2002.2,2002.2,2002.2,2002.2,2002.2,2002.2,2002.2,2002.2,2002.2,2002.2,2002.2,2002.2,2002.2,2002.2,2002.2,2002.3,2002.3,2002.3,2002.3,2002.3,2002.3,2002.3,2002.3,2002.3,2002.3,2002.3,2002.3,2002.3,2002.3,2002.3,2002.3,2002.3
2002.2,2002.2,2002.2,2002.2,2002.2,2002.2,2002.2,2002.2,2002.2,2002.2,2002.2,2002.2,2002.2,2002.2,2002.2,2002.2,2002.2,2002.2,2002.2,2002.2,2002.2,2002.2,2002.2,2002.2,2002.2,2002.2,2002.2,2002.2,2002.2,2002.2,2002.2,2002.2,2002.2,2002.2,2002.2,2002.2,2002.2,2002.2,2002.2,2002.2,2002.2,2002.2,2002.2,2002.2,2002.2,2002.2,2002.2,2002.2,2002.2,2002.2,2002.2,2002.3,2002.3,2002.3,2002.3,2002.3,2002.3,2002.3,2002.3,2002.3
2002.1,2002.1,2002.1,2002.2,2002.2,2002.2,2002.2,2002.2,2002.2,2002.2,2002.2,2002.2,2002.2,2002.2,2002.2,2002.2,2002.2,2002.2,2002.2,2002.2,2002.2,2002.2,2002.2,2002.2,2002.2,2002.2,2002.2,2002.2,2002.2,2002.2,2002.2,2002.2,2002.2,2002.2,2002.2,2002.2,2002.2,2002.2,2002.2,2002.2,2002.2,2002.2,2002.2,2002.2,2002.2,2002.2,2002.2,2002.2,2002.2,2002.2,2002.2,2002.2,2002.2,2002.2,2002.2,2002.2,2002.2,2002.2,2002.2,2002.3
2002.1,2002.1,2002.1,2002.1,2002.1,2002.1,2002.1,2002.2,2002.2,2002.2,2002.2,2002.2,2002.2,2002.2,2002.2,2002.2,2002.2,2002.2,2002.2,2002.2,2002.2,2002.2,2002.2,2002.2,2002.2,2002.2,2002.2,2002.2,2002.2,2002.2,2002.2,2002.2,2002.2,2002.2,2002.2,2002.2,2002.2,2002.2,2002.2,2002.2,2002.2,2002.2,2002.2,2002.2,2002.2,2002.2,2002.2,2002.2,2002.2,2002.2,2002.2,2002.2,2002.2,2002.2,2002.2,2002.2,2002.2,2002.2,2002.2,2002.2
2002.1,2002.1,2002.1,2002.1,2002.1,2002.1,2002.1,2002.1,2002.1,2002.1,2002.1,2002.2,2002.2,2002.2,2002.2,2002.2,2002.2,2002.2,2002.2,2002.2,2002.2,2002.2,2002.2,2002.2,2002.2,2002.2,2002.2,2002.2,2002.2,2002.2,2002.2,2002.2,2002.2,2002.2,2002.2,2002.2,2002.2,2002.2,2002.2,2002.2,2002.2,2002.2,2002.2,2002.2,2002.2,2002.2,2002.2,2002.2,2002.2,2002.2,2002.2,2002.2,2002.2,2002.2,2002.2,2002.2,2002.2,2002.2,2002.2,2002.2
