0.6,0.59661,0.59322,0.58983,0.58644,0.58305,0.57966,0.57627,0.57288,0.56949,0.5661,0.56271,0.55932,0.55593,0.55254,0.54915,0.54576,0.54237,0.53898,0.53559,0.5322,0.52881,0.52542,0.52203,0.51864,0.51525,0.51186,0.50847,0.50508,0.50169,0.49831,0.49492,0.49153,0.48814,0.48475,0.48136,0.47797,0.47458,0.47119,0.4678,0.46441,0.46102,0.45763,0.45424,0.45085,0.44746,0.44407,0.44068,0.43729,0.4339,0.43051,0.42712,0.42373,0.42034,0.41695,0.41356,0.41017,0.40678,0.40339,0.4
12,16.068,20.136,24.203,28.271,32.339,36.407,40.475,44.542,48.61,52.678,56.746,60.814,64.881,68.949,73.017,77.085,81.153,85.22,89.288,93.356,97.424,101.49,105.56,109.63,113.69,117.76,121.83,125.9,129.97,134.03,138.1,142.17,146.24,150.31,154.37,158.44,162.51,166.58,170.64,174.71,178.78,182.85,186.92,190.98,195.05,199.12,203.19,207.25,211.32,215.39,219.46,223.53,227.59,231.66,235.73,239.8,243.86,247.93,252
5.4824,7.3329,9.1742,11.339,13.168,15.005,16.869,19.343,20.745,22.15,23.558,24.966,26.377,27.79,29.204,30.618,32.033,33.447,34.861,36.275,37.689,39.102,40.514,41.925,43.336,44.746,46.155,47.563,48.969,50.373,51.776,53.177,54.577,55.976,57.376,58.774,60.17,61.564,62.956,64.346,65.734,67.12,68.503,69.886,71.267,72.648,74.028,75.409,76.789,78.166,79.543,80.917,82.289,83.658,85.025,86.389,87.752,89.112,90.47,91.827
5.4496,7.2858,9.1095,10.935,13.119,14.931,16.751,18.597,21.22,22.601,23.984,25.368,26.756,28.145,29.536,30.928,32.32,33.712,35.103,36.495,37.888,39.28,40.672,42.062,43.453,44.843,46.231,47.62,49.007,50.392,51.776,53.159,54.541,55.923,57.304,58.684,60.063,61.44,62.815,64.189,65.56,66.93,68.298,69.664,71.03,72.395,73.76,75.125,76.489,77.852,79.213,80.573,81.929,83.284,84.637,85.987,87.336,88.682,90.027,91.37
5.4175,7.241,9.0496,10.856,12.667,14.871,16.666,18.471,20.298,22.263,24.455,25.816,27.181,28.547,29.916,31.286,32.657,34.026,35.396,36.767,38.138,39.509,40.881,42.251,43.622,44.992,46.361,47.73,49.098,50.465,51.831,53.196,54.559,55.923,57.286,58.649,60.01,61.37,62.729,64.085,65.44,66.794,68.146,69.496,70.846,72.196,73.545,74.894,76.243,77.591,78.937,80.282,81.624,82.965,84.303,85.639,86.974,88.306,89.637,90.967
5.3861,7.198,8.993,10.783,12.575,14.372,16.597,18.377,20.166,21.975,23.863,26.305,27.648,28.993,30.341,31.69,33.039,34.387,35.736,37.085,38.436,39.787,41.139,42.49,43.84,45.19,46.54,47.89,49.239,50.588,51.935,53.282,54.628,55.974,57.319,58.664,60.008,61.351,62.694,64.034,65.372,66.71,68.046,69.381,70.715,72.049,73.383,74.716,76.049,77.382,78.713,80.043,81.37,82.696,84.02,85.342,86.662,87.981,89.298,90.614
5.3551,7.1562,8.9389,10.715,12.49,14.267,16.536,18.299,20.063,21.837,23.63,25.477,28.151,29.477,30.804,32.133,33.461,34.79,36.117,37.446,38.776,40.108,41.441,42.773,44.103,45.434,46.765,48.096,49.427,50.757,52.087,53.416,54.744,56.073,57.4,58.728,60.054,61.38,62.706,64.029,65.352,66.673,67.993,69.313,70.631,71.95,73.268,74.586,75.904,77.22,78.536,79.85,81.163,82.474,83.783,85.091,86.397,87.701,89.005,90.307
5.3243,7.1154,8.8868,10.65,12.41,14.17,15.934,18.23,19.977,21.727,23.487,25.264,27.082,29.991,31.298,32.608,33.917,35.225,36.533,37.842,39.153,40.466,41.779,43.093,44.405,45.716,47.029,48.342,49.654,50.967,52.279,53.59,54.902,56.212,57.523,58.833,60.143,61.452,62.76,64.067,65.374,66.68,67.984,69.287,70.591,71.893,73.196,74.498,75.8,77.102,78.402,79.702,80.999,82.296,83.591,84.884,86.176,87.467,88.756,90.044
5.2937,7.0752,8.8362,10.588,12.335,14.08,15.827,17.578,19.9,21.633,23.371,25.117,26.879,28.672,30.639,33.108,34.398,35.688,36.977,38.266,39.559,40.854,42.149,43.444,44.738,46.032,47.326,48.62,49.915,51.21,52.506,53.8,55.094,56.388,57.681,58.974,60.267,61.56,62.851,64.142,65.433,66.723,68.012,69.3,70.588,71.875,73.162,74.449,75.736,77.021,78.307,79.591,80.874,82.156,83.436,84.716,85.993,87.27,88.545,89.82
5.2633,7.0357,8.7868,10.527,12.262,13.994,15.726,17.461,19.2,21.548,23.269,24.994,26.727,28.474,30.246,32.112,34.9,36.172,37.441,38.714,39.989,41.266,42.544,43.822,45.098,46.373,47.65,48.927,50.205,51.483,52.762,54.04,55.317,56.594,57.871,59.147,60.423,61.699,62.975,64.251,65.526,66.8,68.074,69.346,70.618,71.891,73.162,74.434,75.705,76.976,78.246,79.515,80.784,82.051,83.317,84.583,85.846,87.109,88.371,89.632
5.2328,6.9965,8.7382,10.469,12.193,13.912,15.631,17.35,19.073,20.801,23.176,24.885,26.597,28.317,30.049,31.805,33.626,36.674,37.926,39.18,40.438,41.698,42.96,44.221,45.48,46.739,47.998,49.258,50.519,51.781,53.043,54.305,55.566,56.827,58.087,59.347,60.607,61.867,63.127,64.387,65.647,66.906,68.164,69.422,70.68,71.936,73.193,74.45,75.706,76.962,78.217,79.471,80.726,81.978,83.231,84.482,85.732,86.981,88.229,89.477
5.2023,6.9577,8.6904,10.411,12.124,13.833,15.539,17.245,18.953,20.664,23.089,24.784,26.481,28.18,29.887,31.607,33.348,35.141,38.425,39.662,40.903,42.148,43.393,44.638,45.88,47.122,48.366,49.609,50.854,52.1,53.347,54.593,55.839,57.083,58.327,59.571,60.816,62.06,63.304,64.549,65.794,67.038,68.282,69.525,70.768,72.01,73.252,74.493,75.734,76.975,78.216,79.456,80.696,81.935,83.173,84.41,85.647,86.882,88.117,89.351
5.1716,6.919,8.6431,10.355,12.058,13.756,15.451,17.144,18.838,20.535,22.236,24.689,26.372,28.056,29.744,31.439,33.148,34.876,36.65,38.641,41.381,42.609,43.839,45.068,46.295,47.521,48.748,49.976,51.206,52.437,53.668,54.899,56.129,57.357,58.586,59.815,61.043,62.273,63.503,64.733,65.962,67.192,68.421,69.649,70.878,72.105,73.333,74.559,75.786,77.013,78.24,79.465,80.691,81.915,83.141,84.364,85.587,86.809,88.031,89.252
5.1409,6.8803,8.596,10.299,11.993,13.681,15.364,17.047,18.728,20.411,22.098,23.79,26.269,27.94,29.613,31.29,32.975,34.673,36.392,38.147,40.032,43.08,44.294,45.508,46.72,47.93,49.141,50.354,51.569,52.784,54.001,55.217,56.432,57.646,58.86,60.073,61.287,62.502,63.716,64.932,66.147,67.362,68.577,69.791,71.005,72.219,73.432,74.645,75.857,77.07,78.281,79.494,80.705,81.916,83.128,84.338,85.548,86.757,87.966,89.175
5.11,6.8417,8.5492,10.243,11.928,13.606,15.28,16.951,18.622,20.292,21.965,23.642,25.325,27.829,29.489,31.151,32.818,34.494,36.184,37.892,39.631,41.465,44.751,45.95,47.147,48.342,49.538,50.738,51.938,53.139,54.341,55.543,56.744,57.943,59.142,60.341,61.54,62.74,63.94,65.141,66.343,67.544,68.746,69.946,71.146,72.346,73.545,74.743,75.942,77.141,78.339,79.538,80.736,81.934,83.131,84.329,85.526,86.722,87.919,89.114
5.0791,6.8032,8.5027,10.188,11.864,13.533,15.197,16.858,18.518,20.177,21.838,23.502,25.169,27.722,29.37,31.02,32.672,34.331,35.999,37.679,39.376,41.1,42.904,46.395,47.576,48.756,49.937,51.121,52.307,53.493,54.682,55.869,57.056,58.242,59.426,60.611,61.796,62.982,64.168,65.36,66.547,67.735,68.922,70.111,71.297,72.483,73.668,74.853,76.038,77.224,78.408,79.593,80.779,81.964,83.148,84.333,85.517,86.702,87.885,89.068
5.0483,6.7647,8.4565,10.134,11.801,13.461,15.116,16.768,18.417,20.065,21.714,23.366,25.02,26.678,28.34,30.895,32.535,34.179,35.83,37.489,39.159,40.844,42.558,44.341,48.007,49.172,50.339,51.509,52.68,53.853,55.027,56.201,57.375,58.547,59.717,60.888,62.059,63.231,64.405,65.579,66.754,67.928,69.103,70.277,71.451,72.624,73.797,74.968,76.14,77.311,78.483,79.656,80.828,82,83.173,84.346,85.517,86.69,87.861,89.032
5.0177,6.7265,8.4105,10.08,11.739,13.391,15.037,16.679,18.318,19.956,21.594,23.235,24.877,26.521,28.17,30.773,32.402,34.034,35.671,37.314,38.964,40.624,42.3,44.005,45.779,49.586,50.739,51.894,53.052,54.212,55.372,56.533,57.693,58.851,60.008,61.165,62.323,63.482,64.642,65.804,66.966,68.127,69.289,70.451,71.612,72.773,73.932,75.091,76.25,77.408,78.567,79.727,80.887,82.046,83.207,84.367,85.528,86.687,87.847,89.008
4.9874,6.6884,8.3648,10.027,11.678,13.321,14.958,16.591,18.221,19.85,21.478,23.108,24.739,26.371,28.007,29.648,32.275,33.896,35.52,37.149,38.783,40.424,42.077,43.746,45.447,47.216,51.13,52.272,53.416,54.563,55.71,56.858,58.004,59.149,60.294,61.437,62.583,63.728,64.875,66.024,67.173,68.323,69.473,70.622,71.771,72.919,74.066,75.212,76.358,77.505,78.651,79.799,80.947,82.095,83.243,84.392,85.542,86.689,87.838,88.986
4.9573,6.6506,8.3196,9.9737,11.617,13.252,14.881,16.506,18.127,19.746,21.365,22.985,24.605,26.227,27.851,29.479,32.15,33.761,35.376,36.992,38.612,40.238,41.872,43.519,45.186,46.884,48.652,52.637,53.769,54.902,56.036,57.172,58.306,59.438,60.568,61.699,62.831,63.965,65.1,66.237,67.374,68.512,69.649,70.787,71.924,73.061,74.196,75.331,76.464,77.598,78.734,79.869,81.006,82.142,83.278,84.417,85.553,86.691,87.828,88.965
4.9277,6.6131,8.2748,9.9214,11.557,13.184,14.805,16.422,18.034,19.645,21.255,22.865,24.476,26.087,27.7,29.317,30.939,32.569,35.236,36.842,38.45,40.063,41.682,43.311,44.955,46.619,48.317,50.089,54.104,55.226,56.349,57.471,58.593,59.714,60.832,61.95,63.07,64.192,65.315,66.439,67.565,68.691,69.818,70.944,72.07,73.195,74.319,75.442,76.564,77.687,78.811,79.935,81.06,82.186,83.311,84.438,85.564,86.691,87.817,88.943
4.8984,6.5762,8.2305,9.8698,11.498,13.118,14.731,16.339,17.944,19.546,21.147,22.748,24.35,25.952,27.555,29.161,30.772,33.504,35.099,36.696,38.294,39.895,41.501,43.115,44.741,46.383,48.046,49.744,51.528,55.535,56.646,57.756,58.866,59.975,61.081,62.188,63.296,64.407,65.517,66.631,67.745,68.862,69.976,71.091,72.206,73.32,74.433,75.545,76.656,77.768,78.88,79.994,81.107,82.222,83.338,84.454,85.569,86.685,87.801,88.917
4.8697,6.5397,8.1868,9.8189,11.44,13.052,14.658,16.258,17.855,19.449,21.042,22.635,24.228,25.82,27.414,29.011,30.611,33.378,34.965,36.553,38.142,39.733,41.327,42.928,44.539,46.163,47.803,49.464,51.166,52.974,56.926,58.026,59.125,60.221,61.316,62.412,63.508,64.608,65.708,66.811,67.915,69.019,70.123,71.228,72.332,73.435,74.537,75.638,76.739,77.84,78.942,80.044,81.147,82.252,83.357,84.462,85.568,86.674,87.78,88.886
4.8414,6.5036,8.1436,9.7686,11.382,12.987,14.585,16.178,17.767,19.354,20.939,22.523,24.108,25.692,27.277,28.864,30.454,32.051,34.833,36.413,37.993,39.575,41.159,42.748,44.346,45.955,47.577,49.214,50.877,52.587,54.44,58.279,59.368,60.453,61.537,62.622,63.708,64.795,65.885,66.977,68.07,69.164,70.258,71.352,72.446,73.539,74.63,75.72,76.811,77.901,78.992,80.085,81.178,82.272,83.367,84.462,85.558,86.655,87.75,88.846
4.8135,6.468,8.1008,9.7187,11.325,12.923,14.514,16.1,17.681,19.26,20.837,22.414,23.99,25.566,27.142,28.72,30.302,31.888,33.481,36.275,37.847,39.419,40.994,42.573,44.16,45.755,47.362,48.981,50.618,52.284,54.011,55.968,59.593,60.669,61.742,62.815,63.892,64.969,66.048,67.129,68.211,69.296,70.381,71.464,72.548,73.631,74.712,75.791,76.871,77.951,79.033,80.115,81.198,82.282,83.368,84.453,85.539,86.626,87.713,88.798
4.7859,6.4327,8.0583,9.6693,11.269,12.86,14.443,16.022,17.596,19.167,20.737,22.306,23.874,25.442,27.01,28.58,30.152,31.73,33.313,36.137,37.702,39.266,40.832,42.402,43.978,45.563,47.156,48.76,50.378,52.016,53.69,55.447,59.804,60.869,61.931,62.995,64.058,65.126,66.196,67.266,68.34,69.415,70.488,71.562,72.637,73.708,74.78,75.85,76.92,77.99,79.061,80.133,81.207,82.282,83.358,84.434,85.511,86.588,87.665,88.742
4.7587,6.3979,8.0163,9.6203,11.213,12.797,14.373,15.945,17.512,19.076,20.638,22.2,23.761,25.32,26.88,28.442,30.006,31.575,33.149,34.728,37.558,39.115,40.673,42.234,43.801,45.375,46.956,48.547,50.149,51.768,53.411,55.101,56.915,61.05,62.102,63.157,64.211,65.267,66.328,67.39,68.453,69.517,70.581,71.646,72.709,73.773,74.835,75.894,76.955,78.016,79.078,80.14,81.203,82.269,83.336,84.403,85.471,86.539,87.606,88.675
4.7318,6.3634,7.9747,9.5718,11.158,12.734,14.304,15.868,17.429,18.985,20.541,22.095,23.648,25.201,26.753,28.306,29.863,31.423,32.989,34.559,37.416,38.966,40.516,42.069,43.627,45.191,46.762,48.341,49.93,51.533,53.154,54.808,56.526,58.487,62.256,63.301,64.345,65.392,66.442,67.494,68.549,69.603,70.659,71.713,72.768,73.823,74.875,75.924,76.976,78.027,79.079,80.131,81.188,82.244,83.3,84.358,85.417,86.476,87.535,88.595
4.7053,6.3293,7.9335,9.5237,11.103,12.673,14.236,15.793,17.346,18.896,20.444,21.991,23.537,25.082,26.628,28.173,29.722,31.274,32.831,34.393,35.959,38.818,40.361,41.907,43.456,45.012,46.573,48.142,49.719,51.308,52.912,54.541,56.213,57.987,62.39,63.424,64.459,65.498,66.537,67.582,68.625,69.672,70.717,71.763,72.81,73.855,74.897,75.939,76.98,78.02,79.064,80.109,81.155,82.203,83.25,84.299,85.349,86.4,87.451,88.501
4.6792,6.2956,7.8927,9.4761,11.048,12.611,14.168,15.718,17.265,18.808,20.349,21.889,23.428,24.966,26.504,28.043,29.584,31.128,32.678,34.231,35.788,37.35,40.208,41.746,43.289,44.836,46.389,47.947,49.514,51.091,52.682,54.292,55.935,57.641,59.551,63.526,64.552,65.582,66.613,67.646,68.682,69.719,70.756,71.794,72.831,73.866,74.9,75.932,76.965,77.998,79.031,80.068,81.105,82.142,83.183,84.224,85.265,86.307,87.35,88.393
4.6534,6.2623,7.8524,9.4291,10.995,12.551,14.101,15.645,17.184,18.721,20.255,21.789,23.321,24.852,26.383,27.915,29.448,30.986,32.528,34.074,35.623,37.176,40.056,41.588,43.123,44.663,46.208,47.758,49.316,50.882,52.461,54.057,55.679,57.346,59.12,63.605,64.622,65.641,66.664,67.689,68.716,69.744,70.773,71.802,72.83,73.858,74.882,75.907,76.931,77.955,78.981,80.008,81.037,82.067,83.097,84.132,85.164,86.198,87.233,88.268
4.6281,6.2296,7.8126,9.3826,10.941,12.492,14.034,15.572,17.105,18.635,20.163,21.69,23.216,24.74,26.264,27.789,29.316,30.846,32.381,33.92,35.461,38.383,39.907,41.432,42.961,44.494,46.032,47.574,49.123,50.68,52.249,53.832,55.438,57.08,58.794,60.77,64.666,65.678,66.691,67.708,68.727,69.746,70.767,71.788,72.808,73.828,74.845,75.86,76.876,77.892,78.91,79.929,80.951,81.973,82.996,84.022,85.048,86.073,87.1,88.129
4.6032,6.1974,7.7735,9.3368,10.889,12.433,13.969,15.501,17.027,18.551,20.072,21.593,23.112,24.63,26.148,27.666,29.187,30.71,32.239,33.77,35.305,36.843,38.386,41.279,42.801,44.328,45.858,47.394,48.935,50.484,52.043,53.616,55.209,56.832,58.51,60.327,64.688,65.69,66.697,67.705,68.715,69.728,70.741,71.756,72.767,73.779,74.788,75.796,76.804,77.811,78.823,79.834,80.846,81.861,82.878,83.896,84.914,85.934,86.952,87.972
4.5788,6.1658,7.735,9.2918,10.838,12.375,13.905,15.43,16.951,18.468,19.983,21.497,23.011,24.523,26.034,27.546,29.06,30.577,32.099,33.624,35.152,36.683,38.22,41.127,42.644,44.164,45.688,47.217,48.75,50.292,51.843,53.407,54.989,56.597,58.25,59.999,64.685,65.68,66.68,67.68,68.685,69.688,70.696,71.701,72.706,73.709,74.711,75.712,76.713,77.713,78.716,79.72,80.726,81.735,82.744,83.754,84.765,85.776,86.79,87.803
4.5548,6.1347,7.6972,9.2474,10.787,12.318,13.842,15.361,16.875,18.386,19.896,21.404,22.911,24.417,25.922,27.428,28.936,30.447,31.962,33.481,35.003,36.528,38.057,40.977,42.487,44.002,45.52,47.042,48.569,50.103,51.647,53.203,54.775,56.371,58.006,59.714,61.703,65.648,66.641,67.635,68.63,69.628,70.629,71.627,72.625,73.622,74.616,75.611,76.605,77.598,78.593,79.591,80.589,81.59,82.592,83.596,84.601,85.605,86.61,87.617
4.5312,6.1041,7.6599,9.2037,10.737,12.262,13.78,15.292,16.801,18.306,19.809,21.311,22.812,24.312,25.812,27.312,28.814,30.319,31.828,33.341,34.856,36.375,37.898,40.827,42.333,43.841,45.354,46.87,48.391,49.918,51.455,53.003,54.566,56.152,57.772,59.454,61.31,65.597,66.581,67.569,68.559,69.549,70.544,71.535,72.526,73.516,74.504,75.491,76.478,77.464,78.452,79.442,80.434,81.429,82.425,83.422,84.42,85.418,86.417,87.416
4.508,6.074,7.6231,9.1606,10.688,12.206,13.718,15.225,16.727,18.227,19.724,21.22,22.715,24.209,25.703,27.197,28.694,30.193,31.696,33.203,34.712,36.225,37.742,40.679,42.179,43.682,45.189,46.699,48.214,49.736,51.266,52.807,54.363,55.94,57.548,59.209,61.002,65.525,66.503,67.484,68.466,69.451,70.439,71.424,72.409,73.392,74.373,75.352,76.332,77.313,78.296,79.279,80.266,81.252,82.242,83.232,84.224,85.216,86.208,87.201
4.4852,6.0442,7.5868,9.118,10.639,12.151,13.657,15.158,16.654,18.148,19.64,21.13,22.62,24.108,25.596,27.085,28.575,30.069,31.567,33.068,34.571,36.078,37.589,40.532,42.027,43.525,45.026,46.531,48.04,49.556,51.08,52.614,54.163,55.733,57.331,58.977,60.73,65.435,66.407,67.38,68.358,69.338,70.317,71.295,72.274,73.251,74.225,75.198,76.172,77.146,78.122,79.098,80.078,81.059,82.041,83.026,84.012,84.998,85.984,86.972
4.4626,6.0149,7.551,9.0759,10.591,12.097,13.597,15.092,16.583,18.07,19.556,21.041,22.525,24.008,25.49,26.973,28.458,29.946,31.439,32.934,34.432,35.933,37.439,40.386,41.876,43.369,44.865,46.364,47.868,49.378,50.896,52.425,53.968,55.53,57.12,58.753,60.48,65.327,66.293,67.26,68.23,69.204,70.177,71.149,72.122,73.091,74.061,75.027,75.996,76.963,77.933,78.904,79.876,80.852,81.827,82.807,83.785,84.765,85.746,86.727
4.4404,5.9859,7.5156,9.0342,10.543,12.043,13.537,15.027,16.512,17.994,19.474,20.953,22.432,23.909,25.386,26.864,28.343,29.826,31.313,32.803,34.295,35.791,37.292,40.241,41.726,43.214,44.705,46.199,47.698,49.203,50.716,52.239,53.776,55.332,56.915,58.539,60.247,62.378,66.16,67.121,68.086,69.051,70.017,70.984,71.95,72.914,73.877,74.839,75.799,76.761,77.725,78.689,79.656,80.626,81.599,82.57,83.544,84.519,85.494,86.468
4.4184,5.9574,7.4806,8.9931,10.496,11.99,13.479,14.962,16.441,17.918,19.393,20.867,22.34,23.811,25.283,26.755,28.23,29.707,31.189,32.674,34.161,35.652,37.147,38.649,41.577,43.06,44.547,46.036,47.531,49.031,50.538,52.057,53.589,55.139,56.716,58.333,60.029,62.054,66.006,66.962,67.92,68.878,69.839,70.801,71.76,72.72,73.677,74.631,75.586,76.543,77.501,78.46,79.42,80.384,81.352,82.317,83.285,84.255,85.224,86.192
4.3968,5.9291,7.4461,8.9524,10.449,11.938,13.42,14.898,16.372,17.843,19.312,20.781,22.249,23.715,25.182,26.649,28.118,29.59,31.067,32.547,34.03,35.515,37.005,39.954,41.43,42.908,44.39,45.876,47.365,48.861,50.364,51.878,53.406,54.952,56.523,58.135,59.824,61.813,65.834,66.783,67.734,68.689,69.645,70.599,71.554,72.507,73.458,74.408,75.357,76.307,77.259,78.213,79.168,80.126,81.085,82.049,83.011,83.974,84.937,85.901
4.3755,5.9013,7.412,8.9123,10.403,11.886,13.363,14.835,16.303,17.769,19.233,20.696,22.159,23.62,25.082,26.544,28.008,29.476,30.948,32.423,33.901,35.382,36.867,39.812,41.284,42.758,44.236,45.717,47.202,48.694,50.193,51.703,53.227,54.769,56.337,57.945,59.631,61.622,65.638,66.583,67.53,68.479,69.427,70.377,71.326,72.274,73.22,74.164,75.108,76.052,76.999,77.947,78.897,79.851,80.805,81.763,82.719,83.678,84.635,85.594
4.3544,5.8739,7.3785,8.8728,10.358,11.835,13.306,14.773,16.236,17.696,19.155,20.613,22.071,23.527,24.984,26.441,27.901,29.363,30.831,32.301,33.774,35.251,36.732,38.221,41.14,42.61,44.084,45.561,47.042,48.53,50.026,51.532,53.052,54.592,56.157,57.764,59.452,61.485,65.423,66.362,67.304,68.247,69.191,70.137,71.079,72.022,72.963,73.902,74.841,75.781,76.722,77.665,78.61,79.559,80.507,81.46,82.412,83.365,84.318,85.272
4.3338,5.847,7.3454,8.8338,10.313,11.785,13.25,14.712,16.169,17.625,19.078,20.531,21.984,23.436,24.887,26.34,27.795,29.253,30.716,32.182,33.651,35.124,36.601,38.085,40.998,42.464,43.934,45.407,46.885,48.369,49.862,51.366,52.883,54.42,55.985,57.593,59.288,61.464,65.189,66.123,67.059,67.996,68.936,69.876,70.815,71.752,72.688,73.624,74.558,75.492,76.43,77.368,78.309,79.25,80.196,81.141,82.091,83.039,83.988,84.937
4.3134,5.8205,7.313,8.7955,10.269,11.735,13.195,14.651,16.104,17.554,19.003,20.451,21.899,23.346,24.793,26.241,27.692,29.146,30.604,32.066,33.531,35,36.474,37.954,40.858,42.32,43.786,45.256,46.731,48.212,49.702,51.203,52.719,54.255,55.819,57.43,59.138,64.008,64.935,65.865,66.797,67.731,68.665,69.599,70.534,71.468,72.399,73.33,74.259,75.189,76.121,77.056,77.992,78.93,79.871,80.813,81.756,82.701,83.646,84.591
4.2935,5.7945,7.2811,8.7579,10.226,11.686,13.141,14.592,16.04,17.485,18.929,20.372,21.816,23.258,24.701,26.145,27.591,29.041,30.495,31.953,33.414,34.879,36.349,37.826,40.719,42.179,43.641,45.108,46.58,48.058,49.545,51.044,52.558,54.093,55.659,57.275,59.004,63.744,64.666,65.591,66.519,67.449,68.38,69.311,70.241,71.17,72.096,73.023,73.946,74.874,75.801,76.732,77.663,78.598,79.533,80.471,81.409,82.352,83.292,84.231
4.2738,5.769,7.2498,8.7209,10.183,11.639,13.088,14.534,15.977,17.417,18.856,20.295,21.734,23.172,24.61,26.05,27.492,28.937,30.388,31.842,33.3,34.761,36.228,37.702,40.583,42.038,43.498,44.962,46.43,47.906,49.392,50.889,52.402,53.937,55.505,57.129,58.891,63.463,64.383,65.303,66.228,67.153,68.078,69.007,69.933,70.856,71.78,72.702,73.624,74.545,75.468,76.395,77.323,78.253,79.185,80.119,81.054,81.991,82.927,83.864
4.2545,5.7438,7.2189,8.6844,10.141,11.591,13.036,14.477,15.914,17.35,18.785,20.219,21.653,23.087,24.521,25.956,27.394,28.836,30.283,31.733,33.188,34.645,36.109,37.58,40.447,41.9,43.356,44.817,46.283,47.757,49.24,50.736,52.249,53.785,55.357,56.993,58.809,63.171,64.086,65.002,65.923,66.845,67.768,68.69,69.612,70.535,71.453,72.37,73.288,74.206,75.125,76.048,76.972,77.898,78.827,79.756,80.686,81.621,82.552,83.484
4.2355,5.719,7.1884,8.6483,10.1,11.545,12.984,14.42,15.853,17.284,18.714,20.143,21.573,23.003,24.433,25.864,27.298,28.736,30.179,31.627,33.077,34.532,35.992,38.868,40.313,41.762,43.216,44.674,46.138,47.61,49.092,50.587,52.099,53.638,55.216,56.869,58.786,62.867,63.777,64.691,65.607,66.524,67.444,68.363,69.281,70.198,71.115,72.028,72.941,73.856,74.773,75.691,76.611,77.534,78.457,79.383,80.311,81.241,82.168,83.097
4.2167,5.6944,7.1582,8.6127,10.059,11.498,12.933,14.364,15.792,17.218,18.644,20.069,21.495,22.92,24.346,25.773,27.203,28.638,30.077,31.521,32.969,34.42,37.3,38.738,40.18,41.626,43.077,44.533,45.995,47.465,48.946,50.44,51.954,53.495,55.082,56.761,61.646,62.549,63.457,64.367,65.28,66.193,67.109,68.025,68.939,69.854,70.766,71.675,72.585,73.497,74.409,75.323,76.24,77.158,78.079,79,79.924,80.849,81.776,82.701
4.1982,5.6701,7.1284,8.5774,10.018,11.453,12.882,14.308,15.732,17.153,18.574,19.995,21.417,22.838,24.26,25.683,27.11,28.541,29.977,31.418,32.862,34.311,37.174,38.609,40.048,41.492,42.94,44.393,45.853,47.323,48.803,50.297,51.813,53.359,54.958,56.675,61.322,62.223,63.126,64.032,64.941,65.852,66.764,67.676,68.587,69.498,70.406,71.311,72.219,73.126,74.034,74.945,75.859,76.774,77.691,78.61,79.53,80.45,81.372,82.294
4.1798,5.6461,7.0989,8.5425,9.9781,11.408,12.832,14.253,15.672,17.089,18.506,19.923,21.34,22.757,24.175,25.595,27.018,28.445,29.878,31.316,32.757,34.203,37.05,38.482,39.918,41.359,42.804,44.256,45.715,47.183,48.663,50.158,51.676,53.229,54.845,56.629,60.987,61.884,62.784,63.687,64.592,65.501,66.408,67.316,68.225,69.13,70.036,70.939,71.843,72.746,73.651,74.559,75.469,76.38,77.294,78.208,79.125,80.042,80.96,81.879
4.1616,5.6224,7.0697,8.5079,9.9383,11.363,12.782,14.199,15.613,17.026,18.438,19.851,21.264,22.677,24.091,25.508,26.927,28.351,29.781,31.216,32.654,34.098,36.927,38.356,39.789,41.227,42.671,44.121,45.578,47.046,48.526,50.024,51.546,53.108,54.748,56.673,60.64,61.533,62.43,63.332,64.234,65.137,66.043,66.948,67.852,68.754,69.656,70.556,71.455,72.355,73.257,74.162,75.069,75.976,76.886,77.798,78.711,79.625,80.539,81.454
4.1436,5.5989,7.0408,8.4737,9.8989,11.318,12.733,14.145,15.555,16.963,18.372,19.78,21.189,22.599,24.009,25.422,26.838,28.259,29.686,31.117,32.554,33.995,36.805,38.231,39.662,41.098,42.54,43.988,45.445,46.913,48.394,49.894,51.422,52.998,54.677,59.396,60.283,61.172,62.068,62.964,63.862,64.762,65.664,66.565,67.468,68.367,69.265,70.162,71.058,71.955,72.854,73.756,74.658,75.563,76.47,77.378,78.287,79.198,80.11,81.021
4.1259,5.5757,7.0122,8.4399,9.86,11.275,12.685,14.092,15.498,16.902,18.306,19.71,21.116,22.521,23.928,25.338,26.751,28.169,29.593,31.022,32.456,35.264,36.685,38.108,39.536,40.971,42.411,43.859,45.316,46.784,48.267,49.771,51.307,52.902,54.649,59.029,59.914,60.801,61.691,62.584,63.479,64.377,65.276,66.174,67.072,67.97,68.864,69.757,70.651,71.544,72.44,73.338,74.238,75.138,76.043,76.948,77.853,78.762,79.668,80.577
4.1083,5.5528,6.984,8.4065,9.8216,11.231,12.637,14.04,15.441,16.841,18.241,19.642,21.043,22.445,23.849,25.255,26.665,28.08,29.502,30.928,32.36,33.798,36.566,37.987,39.414,40.846,42.285,43.733,45.19,46.659,48.145,49.655,51.204,52.828,54.73,58.649,59.532,60.415,61.304,62.194,63.086,63.98,64.875,65.771,66.665,67.559,68.451,69.341,70.231,71.123,72.015,72.91,73.807,74.706,75.606,76.508,77.411,78.315,79.22,80.126
4.091,5.5302,6.9563,8.3736,9.7838,11.189,12.59,13.988,15.385,16.781,18.177,19.574,20.972,22.371,23.771,25.174,26.581,27.994,29.413,30.838,32.268,33.705,36.45,37.869,39.294,40.725,42.163,43.611,45.069,46.541,48.031,49.549,51.115,52.789,57.382,58.259,59.136,60.018,60.903,61.79,62.679,63.57,64.463,65.356,66.247,67.138,68.027,68.915,69.802,70.69,71.579,72.471,73.365,74.261,75.159,76.058,76.959,77.861,78.763,79.665
4.074,5.508,6.9289,8.3412,9.7466,11.147,12.543,13.938,15.33,16.722,18.115,19.508,20.903,22.298,23.696,25.096,26.5,27.91,29.328,30.751,32.18,34.923,36.337,37.754,39.177,40.607,42.046,43.494,44.954,46.429,47.926,49.456,51.048,52.822,56.979,57.853,58.728,59.608,60.489,61.373,62.261,63.149,64.038,64.928,65.818,66.706,67.593,68.478,69.362,70.248,71.136,72.025,72.917,73.811,74.706,75.603,76.501,77.399,78.301,79.2
4.0572,5.4862,6.9021,8.3094,9.71,11.106,12.498,13.888,15.277,16.665,18.054,19.444,20.835,22.228,23.622,25.02,26.422,27.83,29.245,30.667,32.095,34.815,36.226,37.641,39.063,40.494,41.933,43.383,44.845,46.325,47.83,49.378,51.014,55.696,56.567,57.438,58.309,59.187,60.067,60.949,61.833,62.72,63.607,64.495,65.382,66.268,67.152,68.035,68.917,69.801,70.686,71.575,72.463,73.355,74.249,75.143,76.038,76.936,77.834,78.731
4.0408,5.4648,6.8758,8.2782,9.6743,11.066,12.454,13.84,15.225,16.609,17.995,19.381,20.77,22.159,23.551,24.946,26.346,27.753,29.167,30.587,33.302,34.709,36.118,37.532,38.954,40.384,41.824,43.276,44.743,46.229,47.746,49.319,51.039,55.276,56.145,57.014,57.886,58.76,59.637,60.517,61.401,62.286,63.171,64.055,64.94,65.824,66.707,67.588,68.469,69.351,70.234,71.119,72.007,72.897,73.788,74.679,75.573,76.469,77.365,78.259
4.0247,5.444,6.8501,8.2478,9.6393,11.026,12.41,13.793,15.174,16.555,17.937,19.32,20.706,22.093,23.482,24.875,26.273,27.678,29.091,30.511,33.2,34.604,36.012,37.426,38.847,40.278,41.72,43.174,44.646,46.141,47.675,49.289,51.27,54.853,55.719,56.586,57.456,58.329,59.204,60.082,60.963,61.847,62.73,63.614,64.497,65.379,66.26,67.138,68.018,68.897,69.779,70.663,71.549,72.436,73.325,74.216,75.107,76,76.894,77.787
2999.4,2956.9,2920.9,2898.3,2858.7,2817,2766.6,2218.3,2217,2215.6,2214.2,2212.8,2211.2,2209.5,2207.8,2205.9,2204.1,2202.2,2200.5,2198.6,2196.7,2194.7,2192.6,2190.6,2188.6,2186.6,2184.7,2182.7,2180.6,2178.5,2176.4,2174.3,2172.2,2170.2,2168.2,2166.2,2164.1,2162.1,2160.1,2158,2155.9,2153.8,2151.7,2149.7,2147.6,2145.6,2143.6,2141.6,2139.7,2137.7,2135.8,2133.9,2131.9,2129.9,2128,2126,2124,2122,2120,2118.1
2970.6,2930.1,2896.3,2866.1,2846.5,2811.3,2773.9,2729.3,2178.4,2177.2,2175.9,2174.6,2173.2,2171.7,2170.1,2168.4,2166.8,2165.1,2163.5,2161.9,2160.2,2158.3,2156.5,2154.6,2152.8,2151.1,2149.3,2147.4,2145.6,2143.7,2141.7,2139.8,2137.9,2136,2134.2,2132.4,2130.5,2128.7,2126.8,2124.9,2123,2121,2119.1,2117.2,2115.3,2113.4,2111.6,2109.8,2108,2106.2,2104.4,2102.6,2100.8,2098.9,2097.1,2095.2,2093.4,2091.5,2089.7,2087.8
2941.7,2903,2871,2842.8,2816.7,2799.5,2767.8,2734.1,2694.8,2629.9,2139.4,2138.2,2137,2135.6,2134.1,2132.6,2131.1,2129.6,2128.1,2126.7,2125.1,2123.4,2121.7,2120,2118.4,2116.8,2115.2,2113.5,2111.8,2110.1,2108.3,2106.5,2104.8,2103.1,2101.4,2099.7,2098,2096.3,2094.6,2092.8,2091.1,2089.3,2087.5,2085.7,2084,2082.2,2080.5,2078.9,2077.2,2075.5,2073.9,2072.2,2070.5,2068.8,2067.1,2065.4,2063.6,2061.9,2060.2,2058.5
2912.9,2875.8,2845.2,2818.7,2794.4,2771.4,2756.2,2727.6,2697.2,2662.2,2612.8,2103.5,2102.3,2101,2099.7,2098.3,2096.9,2095.5,2094.2,2092.9,2091.4,2089.9,2088.3,2086.8,2085.3,2083.8,2082.4,2080.8,2079.3,2077.7,2076,2074.4,2072.8,2071.3,2069.7,2068.2,2066.6,2065.1,2063.5,2061.8,2060.2,2058.6,2056.9,2055.3,2053.6,2052,2050.4,2048.9,2047.4,2045.8,2044.3,2042.7,2041.2,2039.6,2038,2036.4,2034.7,2033.1,2031.5,2029.9
2884.4,2848.6,2819.4,2794.1,2771.3,2750,2741.6,2716,2690,2662.4,2631.2,2590.1,2069.2,2068,2066.8,2065.5,2064.2,2062.9,2061.7,2060.5,2059.2,2057.8,2056.3,2054.9,2053.5,2052.2,2050.8,2049.4,2048,2046.5,2045,2043.5,2042,2040.6,2039.2,2037.8,2036.3,2034.9,2033.4,2031.9,2030.4,2028.9,2027.3,2025.8,2024.3,2022.8,2021.3,2019.9,2018.5,2017,2015.6,2014.2,2012.7,2011.2,2009.7,2008.2,2006.7,2005.2,2003.6,2002.1
2856,2821.6,2793.5,2769.4,2747.8,2727.8,2708.7,2701.7,2678.3,2654.5,2629.3,2601.1,2566,2036.5,2035.3,2034.1,2032.9,2031.8,2030.7,2029.5,2028.3,2027,2025.6,2024.3,2023.1,2021.8,2020.6,2019.3,2017.9,2016.6,2015.2,2013.8,2012.4,2011.1,2009.8,2008.5,2007.1,2005.8,2004.4,2003,2001.6,2000.2,1998.8,1997.3,1995.9,1994.5,1993.1,1991.8,1990.5,1989.2,1987.8,1986.5,1985.1,1983.7,1982.3,1980.9,1979.5,1978,1976.6,1975.2
2828,2794.9,2767.8,2744.7,2724.1,2705.1,2687.2,2670,2664.2,2642.7,2620.8,2597.6,2572,2541.3,2490.1,2004.1,2003,2001.9,2000.9,1999.8,1998.7,1997.5,1996.2,1995,1993.8,1992.7,1991.5,1990.3,1989.1,1987.8,1986.5,1985.2,1983.9,1982.7,1981.4,1980.2,1979,1977.7,1976.5,1975.2,1973.8,1972.5,1971.2,1969.8,1968.5,1967.2,1965.9,1964.7,1963.4,1962.2,1960.9,1959.7,1958.4,1957.1,1955.8,1954.4,1953.1,1951.7,1950.4,1949.1
2800.3,2768.4,2742.3,2720,2700.3,2682.2,2665.3,2649.2,2633.4,2628.7,2608.8,2588.5,2567.1,2543.7,2516.4,2477.9,1974.3,1973.3,1972.4,1971.4,1970.3,1969.2,1968,1966.8,1965.7,1964.7,1963.6,1962.5,1961.3,1960.1,1958.9,1957.6,1956.4,1955.3,1954.1,1953,1951.9,1950.7,1949.5,1948.3,1947,1945.8,1944.5,1943.2,1942,1940.8,1939.6,1938.4,1937.2,1936.1,1934.9,1933.7,1932.5,1931.3,1930.1,1928.8,1927.5,1926.3,1925,1923.7
2773,2742.2,2717,2695.6,2676.6,2659.3,2643.3,2628,2613.3,2598.8,2594.9,2576.4,2557.5,2537.7,2516.2,2491.5,2459.2,1945.9,1945,1944.1,1943.1,1942,1940.9,1939.8,1938.7,1937.7,1936.7,1935.7,1934.6,1933.4,1932.3,1931.1,1930,1928.9,1927.8,1926.8,1925.7,1924.6,1923.5,1922.3,1921.1,1919.9,1918.7,1917.6,1916.4,1915.2,1914.1,1913,1911.9,1910.8,1909.7,1908.6,1907.5,1906.3,1905.2,1904,1902.8,1901.6,1900.4,1899.2
2746.1,2716.4,2692.1,2671.4,2653.1,2636.5,2621.1,2606.6,2592.7,2579.1,2579.7,2562.6,2545.4,2527.8,2509.3,2489.4,2466.8,2438.3,1918.7,1917.8,1916.8,1915.8,1914.8,1913.7,1912.8,1911.8,1910.9,1909.9,1908.8,1907.7,1906.7,1905.6,1904.5,1903.5,1902.5,1901.5,1900.4,1899.4,1898.3,1897.2,1896.1,1895,1893.9,1892.8,1891.6,1890.6,1889.5,1888.5,1887.4,1886.4,1885.4,1884.3,1883.2,1882.2,1881,1879.9,1878.8,1877.7,1876.5,1875.4
2719.5,2691,2667.5,2647.4,2629.8,2613.8,2599.1,2585.2,2572,2559.2,2546.6,2547.6,2531.7,2515.6,2499.1,2481.8,2463.2,2442.3,2416.5,2372.5,1891.6,1890.6,1889.6,1888.7,1887.7,1886.8,1885.9,1885,1884,1883,1882,1880.9,1879.9,1878.9,1878,1877,1876.1,1875.1,1874.1,1873,1872,1870.9,1869.8,1868.8,1867.7,1866.7,1865.7,1864.7,1863.8,1862.8,1861.8,1860.8,1859.8,1858.8,1857.7,1856.7,1855.6,1854.5,1853.4,1852.4
2693.3,2665.9,2643.2,2623.8,2606.8,2591.3,2577.1,2563.8,2551.2,2539,2527.1,2515.5,2516.9,2501.9,2486.8,2471.2,2455,2437.5,2417.9,2394.4,2360.1,1866.4,1865.4,1864.5,1863.6,1862.8,1861.9,1861,1860.1,1859.1,1858.1,1857.1,1856.2,1855.2,1854.3,1853.5,1852.5,1851.6,1850.6,1849.7,1848.7,1847.7,1846.6,1845.6,1844.6,1843.7,1842.7,1841.8,1840.9,1840,1839,1838.1,1837.1,1836.2,1835.2,1834.2,1833.1,1832.1,1831.1,1830.1
2667.6,2641.2,2619.2,2600.5,2584,2569.1,2555.4,2542.6,2530.4,2518.8,2507.5,2496.5,2485.6,2487.3,2473.3,2458.9,2444.2,2428.8,2412.3,2393.8,2372.2,2342.6,1842.1,1841.2,1840.4,1839.6,1838.7,1837.9,1837,1836.1,1835.1,1834.2,1833.3,1832.4,1831.5,1830.7,1829.8,1829,1828,1827.1,1826.2,1825.2,1824.2,1823.3,1822.3,1821.4,1820.5,1819.6,1818.8,1817.9,1817,1816.1,1815.2,1814.3,1813.4,1812.4,1811.4,1810.5,1809.5,1808.5
2642.2,2616.8,2595.6,2577.5,2561.5,2547.1,2533.8,2521.5,2509.8,2498.6,2487.9,2477.4,2467.1,2472.1,2458.8,2445.5,2431.9,2417.9,2403.2,2387.5,2370.2,2350,2323.6,1818.7,1817.9,1817.2,1816.4,1815.6,1814.7,1813.9,1813,1812.1,1811.2,1810.4,1809.6,1808.8,1807.9,1807.1,1806.2,1805.3,1804.4,1803.5,1802.6,1801.7,1800.8,1799.9,1799,1798.2,1797.4,1796.6,1795.7,1794.9,1794,1793.2,1792.3,1791.4,1790.4,1789.5,1788.6,1787.7
2617.2,2592.8,2572.4,2554.8,2539.4,2525.4,2512.6,2500.6,2489.3,2478.6,2468.3,2458.3,2448.4,2438.7,2429,2431.3,2418.6,2405.7,2392.3,2378.3,2363.3,2346.9,2327.9,2303.6,1796.2,1795.5,1794.8,1794,1793.2,1792.4,1791.5,1790.7,1789.9,1789.1,1788.3,1787.5,1786.8,1786,1785.1,1784.3,1783.4,1782.6,1781.7,1780.8,1780,1779.1,1778.3,1777.5,1776.8,1776,1775.2,1774.4,1773.6,1772.8,1771.9,1771,1770.2,1769.3,1768.4,1767.5
2592.7,2569.3,2549.5,2532.5,2517.5,2504,2491.6,2480,2469.1,2458.7,2448.8,2439.2,2429.8,2420.6,2411.4,2416.7,2404.7,2392.5,2380.1,2367.3,2353.9,2339.6,2323.9,2305.9,2282.8,1774.6,1773.9,1773.2,1772.4,1771.6,1770.8,1770,1769.2,1768.5,1767.8,1767,1766.3,1765.5,1764.8,1764,1763.1,1762.3,1761.5,1760.7,1759.8,1759,1758.3,1757.5,1756.8,1756.1,1755.3,1754.6,1753.8,1753,1752.2,1751.4,1750.6,1749.7,1748.9,1748.1
2568.6,2546.1,2527,2510.6,2496,2482.9,2470.8,2459.6,2449.1,2439.1,2429.5,2420.3,2411.3,2402.4,2393.7,2385,2390.2,2378.7,2367.1,2355.1,2342.8,2330,2316.3,2301.2,2283.7,2261.5,1753.8,1753.1,1752.4,1751.6,1750.9,1750.1,1749.3,1748.6,1747.9,1747.3,1746.6,1745.8,1745.1,1744.3,1743.6,1742.8,1742,1741.2,1740.4,1739.7,1738.9,1738.2,1737.5,1736.8,1736.1,1735.4,1734.7,1733.9,1733.2,1732.4,1731.6,1730.8,1730,1729.2
2545,2523.3,2504.9,2489,2474.9,2462.1,2450.4,2439.6,2429.3,2419.7,2410.4,2401.5,2392.8,2384.3,2376,2367.7,2375.4,2364.5,2353.4,2342.2,2330.8,2318.9,2306.5,2293.2,2278.5,2261.4,2239.6,1733.7,1733,1732.3,1731.6,1730.8,1730.1,1729.5,1728.8,1728.2,1727.5,1726.8,1726.1,1725.4,1724.6,1723.9,1723.1,1722.4,1721.6,1720.9,1720.2,1719.6,1718.9,1718.2,1717.6,1716.9,1716.2,1715.5,1714.7,1714,1713.2,1712.5,1711.7,1710.9
2521.8,2501,2483.2,2467.8,2454.1,2441.7,2430.4,2419.8,2409.9,2400.5,2391.5,2382.9,2374.5,2366.4,2358.3,2350.4,2342.5,2334.6,2339.4,2328.8,2318,2306.9,2295.4,2283.4,2270.3,2255.8,2238.9,2217.3,1714.3,1713.7,1713,1712.3,1711.6,1710.9,1710.3,1709.7,1709.1,1708.4,1707.7,1707.1,1706.3,1705.6,1704.9,1704.2,1703.5,1702.8,1702.1,1701.5,1700.8,1700.2,1699.6,1698.9,1698.2,1697.6,1696.9,1696.1,1695.4,1694.7,1693.9,1693.2
2499.1,2479,2461.9,2447,2433.7,2421.7,2410.6,2400.3,2390.7,2381.6,2372.9,2364.5,2356.4,2348.6,2340.8,2333.2,2325.7,2335.2,2325.1,2315,2304.7,2294.3,2283.5,2272.3,2260.5,2247.6,2233.3,2216.5,2194.6,1695.6,1694.9,1694.3,1693.6,1693,1692.4,1691.8,1691.2,1690.6,1689.9,1689.3,1688.6,1687.9,1687.2,1686.5,1685.8,1685.2,1684.5,1683.9,1683.3,1682.7,1682.1,1681.5,1680.8,1680.2,1679.5,1678.8,1678.1,1677.4,1676.7,1676
2476.8,2457.5,2440.9,2426.5,2413.6,2401.9,2391.2,2381.2,2371.8,2362.9,2354.5,2346.4,2338.6,2330.9,2323.5,2316.1,2308.9,2320.4,2310.7,2301,2291.1,2281.2,2271,2260.5,2249.6,2237.9,2225.1,2210.8,2193.9,2171.2,1677.5,1676.8,1676.2,1675.6,1675,1674.5,1673.9,1673.3,1672.7,1672,1671.4,1670.7,1670.1,1669.4,1668.7,1668.1,1667.5,1666.9,1666.3,1665.7,1665.2,1664.6,1663.9,1663.3,1662.7,1662,1661.3,1660.6,1659.9,1659.3
2455,2436.4,2420.4,2406.4,2393.9,2382.5,2372.1,2362.3,2353.2,2344.6,2336.4,2328.5,2320.9,2313.5,2306.3,2299.2,2292.2,2285.2,2296.2,2286.8,2277.4,2267.8,2258.2,2248.2,2237.9,2227.1,2215.5,2202.8,2188.5,2171.2,2146.6,1659.9,1659.3,1658.7,1658.2,1657.6,1657.1,1656.5,1655.9,1655.3,1654.7,1654,1653.4,1652.7,1652.1,1651.5,1650.9,1650.4,1649.8,1649.2,1648.7,1648.1,1647.5,1646.9,1646.3,1645.6,1645,1644.3,1643.7,1643
2433.6,2415.7,2400.2,2386.7,2374.5,2363.5,2353.3,2343.8,2334.9,2326.5,2318.5,2310.9,2303.5,2296.3,2289.3,2282.4,2275.6,2269,2262.3,2272.5,2263.4,2254.3,2245,2235.6,2225.8,2215.6,2204.9,2193.4,2180.6,2166.1,2148.1,2119.3,1642.9,1642.3,1641.8,1641.3,1640.8,1640.2,1639.7,1639.1,1638.4,1637.8,1637.2,1636.6,1636,1635.4,1634.8,1634.3,1633.7,1633.2,1632.7,1632.1,1631.5,1631,1630.4,1629.7,1629.1,1628.5,1627.8,1627.2
2412.6,2395.4,2380.4,2367.3,2355.5,2344.7,2334.8,2325.6,2316.9,2308.7,2300.9,2293.5,2286.3,2279.3,2272.5,2265.8,2259.3,2252.8,2246.4,2258.2,2249.5,2240.6,2231.7,2222.7,2213.4,2203.7,2193.7,2183,2171.4,2158.6,2143.6,2124.4,1626.9,1626.4,1625.9,1625.4,1624.9,1624.4,1623.8,1623.3,1622.7,1622.1,1621.5,1620.9,1620.3,1619.7,1619.2,1618.6,1618.1,1617.6,1617.1,1616.6,1616,1615.5,1614.9,1614.3,1613.7,1613.1,1612.5,1611.8
2391.9,2375.4,2361,2348.2,2336.8,2326.3,2316.7,2307.7,2299.2,2291.2,2283.6,2276.3,2269.3,2262.5,2255.9,2249.4,2243.1,2236.8,2230.7,2224.5,2235.5,2226.9,2218.4,2209.6,2200.7,2191.5,2182,2172,2161.3,2149.6,2136.5,2120.8,2099.2,1610.9,1610.4,1610,1609.5,1609,1608.4,1607.9,1607.3,1606.7,1606.2,1605.6,1605,1604.5,1604,1603.5,1603,1602.5,1602,1601.5,1600.9,1600.4,1599.8,1599.3,1598.7,1598.1,1597.5,1596.9
2371.7,2355.8,2341.9,2329.5,2318.4,2308.2,2298.8,2290,2281.8,2274,2266.5,2259.5,2252.6,2246,2239.6,2233.3,2227.1,2221,2215.1,2209.1,2221.5,2213.2,2204.9,2196.5,2187.9,2179.1,2170,2160.5,2150.5,2139.8,2127.9,2114.2,2097.2,2069.8,1595.4,1595,1594.5,1594,1593.5,1593,1592.4,1591.8,1591.3,1590.7,1590.2,1589.7,1589.2,1588.7,1588.2,1587.7,1587.3,1586.8,1586.3,1585.7,1585.2,1584.7,1584.1,1583.5,1583,1582.4
2351.9,2336.6,2323.1,2311.2,2300.3,2290.4,2281.2,2272.7,2264.6,2257,2249.8,2242.9,2236.2,2229.7,2223.5,2217.3,2211.3,2205.4,2199.6,2193.8,2188,2199.5,2191.5,2183.3,2175,2166.6,2157.8,2148.8,2139.3,2129.3,2118.3,2106,2091.4,2072.1,1580.8,1580.3,1579.9,1579.4,1578.9,1578.4,1577.9,1577.4,1576.8,1576.3,1575.8,1575.3,1574.8,1574.3,1573.9,1573.4,1573,1572.5,1572,1571.5,1571,1570.5,1569.9,1569.4,1568.8,1568.3
2332.5,2317.7,2304.7,2293.1,2282.6,2272.9,2264,2255.6,2247.7,2240.3,2233.2,2226.5,2220,2213.7,2207.6,2201.6,2195.8,2190,2184.4,2178.8,2173.2,2167.5,2178,2170.1,2162.1,2153.9,2145.5,2136.8,2127.8,2118.3,2108,2096.7,2083.7,2067.6,2043,1566.2,1565.7,1565.3,1564.8,1564.3,1563.8,1563.3,1562.8,1562.3,1561.8,1561.3,1560.8,1560.4,1559.9,1559.5,1559.1,1558.6,1558.2,1557.7,1557.2,1556.7,1556.2,1555.6,1555.1,1554.6
2313.4,2299.2,2286.6,2275.4,2265.2,2255.7,2247,2238.8,2231.2,2223.9,2217,2210.4,2204,2197.9,2191.9,2186.1,2180.4,2174.8,2169.3,2163.9,2158.4,2153,2164.6,2156.9,2149.1,2141.2,2133.1,2124.7,2116,2107,2097.3,2086.7,2074.8,2060.6,2041.8,1552.4,1552,1551.5,1551.1,1550.6,1550.1,1549.6,1549.1,1548.6,1548.1,1547.7,1547.2,1546.8,1546.4,1546,1545.6,1545.2,1544.7,1544.3,1543.8,1543.3,1542.8,1542.3,1541.8,1541.3
2294.8,2281.1,2268.9,2258,2248,2238.9,2230.3,2222.4,2214.9,2207.8,2201,2194.6,2188.4,2182.3,2176.5,2170.8,2165.3,2159.8,2154.5,2149.2,2143.9,2158.7,2151.2,2143.7,2136.1,2128.4,2120.6,2112.5,2104.1,2095.4,2086.2,2076.2,2065.1,2052.2,2036,2009.5,1538.6,1538.2,1537.7,1537.3,1536.8,1536.3,1535.9,1535.4,1534.9,1534.5,1534,1533.6,1533.3,1532.9,1532.5,1532.1,1531.6,1531.2,1530.7,1530.2,1529.8,1529.3,1528.8,1528.3
2276.5,2263.3,2251.5,2240.9,2231.2,2222.3,2214,2206.2,2198.8,2191.9,2185.3,2179,2172.9,2167,2161.3,2155.8,2150.3,2145,2139.8,2134.7,2129.5,2124.3,2119.1,2130.6,2123.2,2115.7,2108,2100.2,2092.1,2083.7,2074.8,2065.3,2054.8,2042.8,2028.3,2008.1,1525.6,1525.2,1524.8,1524.3,1523.9,1523.4,1523,1522.5,1522,1521.6,1521.2,1520.8,1520.4,1520.1,1519.7,1519.3,1518.9,1518.4,1518,1517.5,1517.1,1516.6,1516.1,1515.6
2258.6,2245.9,2234.4,2224.2,2214.7,2206,2197.9,2190.3,2183.1,2176.3,2169.8,2163.7,2157.7,2152,2146.4,2141,2135.7,2130.5,2125.4,2120.3,2115.3,2110.3,2105.2,2117.5,2110.3,2103,2095.5,2087.8,2080,2071.8,2063.3,2054.1,2044.2,2032.9,2019.6,2002.2,1512.9,1512.5,1512.1,1511.7,1511.3,1510.8,1510.4,1509.9,1509.5,1509.1,1508.7,1508.3,1507.9,1507.6,1507.2,1506.8,1506.4,1506,1505.6,1505.1,1504.7,1504.2,1503.7,1503.3
2241,2228.9,2217.7,2207.7,2198.6,2190.1,2182.1,2174.7,2167.7,2161,2154.7,2148.6,2142.8,2137.2,2131.7,2126.4,2121.2,2116.1,2111.1,2106.2,2101.3,2096.4,2091.5,2104.5,2097.5,2090.3,2083,2075.5,2067.9,2059.9,2051.6,2042.8,2033.3,2022.6,2010.1,1994.4,1968.3,1500.2,1499.8,1499.4,1499,1498.5,1498.1,1497.7,1497.2,1496.8,1496.5,1496.1,1495.7,1495.4,1495,1494.7,1494.3,1493.9,1493.4,1493,1492.6,1492.1,1491.7,1491.2
2223.9,2212.1,2201.3,2191.6,2182.7,2174.4,2166.6,2159.3,2152.5,2145.9,2139.7,2133.8,2128.1,2122.6,2117.2,2112,2106.9,2102,2097.1,2092.3,2087.5,2082.7,2077.9,2091.7,2084.7,2077.7,2070.5,2063.2,2055.7,2048,2039.9,2031.4,2022.2,2011.9,2000.1,1985.6,1964.4,1488.2,1487.8,1487.4,1487,1486.5,1486.1,1485.7,1485.3,1484.9,1484.5,1484.2,1483.8,1483.5,1483.2,1482.8,1482.4,1482,1481.6,1481.2,1480.8,1480.3,1479.9,1479.5
2207,2195.7,2185.2,2175.8,2167.1,2159,2151.4,2144.3,2137.5,2131.1,2125.1,2119.3,2113.7,2108.3,2103,2097.9,2092.9,2088,2083.3,2078.6,2073.9,2069.2,2064.5,2078.9,2072,2065.1,2058.1,2051,2043.6,2036.1,2028.2,2019.9,2011,2001.1,1989.8,1976.2,1957.4,1476.4,1476,1475.6,1475.2,1474.8,1474.4,1474,1473.6,1473.2,1472.9,1472.5,1472.2,1471.9,1471.5,1471.2,1470.8,1470.4,1470.1,1469.6,1469.2,1468.8,1468.4,1468
2190.5,2179.6,2169.4,2160.2,2151.8,2143.8,2136.4,2129.4,2122.8,2116.6,2110.6,2104.9,2099.5,2094.1,2089,2084,2079.1,2074.3,2069.7,2065.1,2060.5,2055.9,2051.3,2066.2,2059.5,2052.7,2045.8,2038.8,2031.6,2024.2,2016.5,2008.4,1999.7,1990.1,1979.3,1966.3,1949.1,1464.9,1464.6,1464.2,1463.8,1463.4,1463,1462.6,1462.2,1461.8,1461.5,1461.2,1460.8,1460.5,1460.2,1459.9,1459.5,1459.1,1458.8,1458.4,1458,1457.6,1457.1,1456.7
2174.3,2163.8,2153.9,2145,2136.7,2129,2121.7,2114.9,2108.4,2102.3,2096.4,2090.8,2085.5,2080.3,2075.2,2070.3,2065.5,2060.8,2056.2,2051.7,2047.2,2042.7,2038.2,2053.6,2047,2040.3,2033.6,2026.7,2019.6,2012.4,2004.8,1996.9,1988.4,1979.1,1968.6,1956.1,1939.9,1453.7,1453.3,1453,1452.6,1452.2,1451.8,1451.4,1451.1,1450.7,1450.4,1450,1449.7,1449.4,1449.1,1448.8,1448.5,1448.1,1447.7,1447.3,1447,1446.6,1446.2,1445.8
2158.4,2148.3,2138.7,2130,2121.9,2114.3,2107.2,2100.5,2094.2,2088.2,2082.4,2077,2071.7,2066.6,2061.6,2056.8,2052.1,2047.5,2043,2038.6,2034.2,2029.8,2025.4,2041.2,2034.7,2028.1,2021.4,2014.7,2007.7,2000.6,1993.2,1985.4,1977.1,1968,1957.7,1945.6,1930.2,1900.4,1442.4,1442,1441.7,1441.3,1440.9,1440.5,1440.2,1439.8,1439.5,1439.2,1438.9,1438.6,1438.3,1438,1437.7,1437.3,1437,1436.6,1436.2,1435.8,1435.4,1435
2142.9,2133.1,2123.7,2115.3,2107.4,2100,2093,2086.4,2080.2,2074.3,2068.7,2063.3,2058.1,2053.1,2048.2,2043.5,2038.9,2034.4,2030,2025.6,2021.3,2017,2012.7,2008.3,2022.4,2016,2009.4,2002.7,1995.9,1988.8,1981.5,1973.9,1965.7,1956.8,1946.7,1934.9,1919.9,1893.7,1431.7,1431.3,1431,1430.6,1430.3,1429.9,1429.5,1429.2,1428.9,1428.6,1428.3,1428,1427.7,1427.4,1427.1,1426.8,1426.4,1426.1,1425.7,1425.3,1425,1424.6
2127.6,2118.2,2109.1,2100.8,2093.1,2085.8,2079,2072.6,2066.5,2060.7,2055.1,2049.9,2044.8,2039.9,2035.1,2030.4,2025.9,2021.5,2017.1,2012.9,2008.6,2004.4,2000.1,2016.6,2010.3,2003.9,1997.4,1990.8,1984.1,1977.1,1969.9,1962.4,1954.3,1945.5,1935.6,1924,1909.3,1884.3,1421.2,1420.9,1420.6,1420.2,1419.8,1419.5,1419.2,1418.8,1418.5,1418.2,1418,1417.7,1417.4,1417.1,1416.8,1416.5,1416.2,1415.8,1415.5,1415.1,1414.7,1414.4
2112.6,2103.5,2094.7,2086.6,2079,2071.9,2065.3,2058.9,2053,2047.3,2041.8,2036.7,2031.7,2026.8,2022.1,2017.5,2013.1,2008.7,2004.5,2000.3,1996.1,1992,1987.8,2004.5,1998.3,1992,1985.5,1979,1972.3,1965.5,1958.4,1950.9,1942.9,1934.2,1924.4,1912.9,1898.3,1873.3,1411,1410.7,1410.4,1410,1409.7,1409.4,1409,1408.7,1408.4,1408.2,1407.9,1407.6,1407.4,1407.1,1406.8,1406.5,1406.2,1405.8,1405.5,1405.1,1404.8,1404.4
2097.9,2089.2,2080.5,2072.6,2065.2,2058.3,2051.7,2045.5,2039.7,2034.1,2028.7,2023.7,2018.8,2014,2009.4,2004.9,2000.5,1996.2,1992,1987.9,1983.8,1979.7,1975.6,1971.5,1986.4,1980.1,1973.8,1967.3,1960.7,1953.9,1946.8,1939.4,1931.5,1922.8,1913.1,1901.5,1886.9,1860.7,1401.1,1400.8,1400.5,1400.1,1399.8,1399.5,1399.1,1398.8,1398.6,1398.3,1398.1,1397.8,1397.6,1397.3,1397,1396.7,1396.4,1396.1,1395.7,1395.4,1395.1,1394.7
2083.5,2075.1,2066.6,2058.9,2051.7,2044.9,2038.5,2032.4,2026.6,2021.1,2015.9,2010.9,2006.1,2001.4,1996.8,1992.4,1988.1,1983.9,1979.8,1975.7,1971.7,1967.7,1963.6,1959.6,1974.6,1968.4,1962.1,1955.7,1949.1,1942.3,1935.3,1928,1920.1,1911.4,1901.6,1890,1875.1,1844.6,1391.4,1391.1,1390.8,1390.5,1390.1,1389.8,1389.5,1389.2,1388.9,1388.7,1388.5,1388.2,1388,1387.7,1387.4,1387.1,1386.8,1386.5,1386.2,1385.9,1385.5,1385.2
2069.4,2061.2,2053,2045.5,2038.4,2031.7,2025.4,2019.4,2013.8,2008.4,2003.2,1998.3,1993.6,1989,1984.5,1980.1,1975.9,1971.8,1967.7,1963.7,1959.7,1955.8,1951.8,1947.8,1962.9,1956.7,1950.5,1944.1,1937.6,1930.9,1923.9,1916.5,1908.7,1900,1890.1,1878.4,1862.9,1382.2,1381.9,1381.6,1381.3,1381,1380.7,1380.4,1380.1,1379.8,1379.5,1379.3,1379.1,1378.8,1378.6,1378.3,1378.1,1377.8,1377.5,1377.2,1376.9,1376.5,1376.2,1375.9
2055.6,2047.7,2039.7,2032.3,2025.4,2018.8,2012.6,2006.7,2001.2,1995.8,1990.8,1986,1981.3,1976.8,1972.3,1968.1,1963.9,1959.8,1955.8,1951.9,1948,1944.1,1940.1,1936.2,1951.3,1945.2,1939,1932.6,1926.1,1919.5,1912.5,1905.2,1897.3,1888.5,1878.5,1866.5,1850.3,1372.9,1372.6,1372.3,1372,1371.7,1371.4,1371.1,1370.8,1370.6,1370.3,1370.1,1369.8,1369.6,1369.4,1369.1,1368.9,1368.6,1368.3,1368,1367.7,1367.4,1367.1,1366.8
2042,2034.4,2026.6,2019.4,2012.6,2006.1,2000,1994.2,1988.8,1983.5,1978.6,1973.8,1969.2,1964.7,1960.4,1956.2,1952.1,1948.1,1944.1,1940.3,1936.4,1932.5,1928.7,1924.8,1939.8,1933.7,1927.5,1921.2,1914.8,1908.1,1901.1,1893.8,1885.8,1877,1866.8,1854.4,1837,1363.8,1363.5,1363.2,1363,1362.7,1362.4,1362.1,1361.8,1361.5,1361.3,1361,1360.8,1360.6,1360.4,1360.1,1359.9,1359.6,1359.3,1359,1358.7,1358.4,1358.1,1357.8
2028.7,2021.4,2013.7,2006.7,2000,1993.6,1987.6,1982,1976.6,1971.4,1966.5,1961.8,1957.3,1952.9,1948.6,1944.5,1940.4,1936.5,1932.6,1928.8,1925,1921.2,1917.3,1913.5,1928.4,1922.4,1916.2,1909.9,1903.5,1896.8,1889.9,1882.5,1874.4,1865.5,1855,1842.1,1822.9,1354.8,1354.6,1354.3,1354,1353.8,1353.5,1353.2,1352.9,1352.6,1352.4,1352.2,1352,1351.7,1351.5,1351.3,1351,1350.8,1350.5,1350.2,1349.9,1349.6,1349.3,1349
2015.7,2008.6,2001.1,1994.2,1987.6,1981.4,1975.5,1969.9,1964.6,1959.5,1954.7,1950.1,1945.6,1941.3,1937.1,1932.9,1929,1925.1,1921.2,1917.5,1913.7,1909.9,1906.2,1923.1,1917.1,1911.1,1905,1898.7,1892.3,1885.6,1878.6,1871.2,1863.1,1853.9,1843.2,1829.5,1807,1346.1,1345.8,1345.6,1345.3,1345,1344.7,1344.5,1344.2,1343.9,1343.7,1343.5,1343.3,1343.1,1342.8,1342.6,1342.4,1342.1,1341.9,1341.6,1341.3,1341,1340.7,1340.4
2002.9,1996,1988.7,1981.9,1975.4,1969.3,1963.5,1958,1952.8,1947.8,1943,1938.5,1934.1,1929.8,1925.6,1921.6,1917.6,1913.8,1910,1906.3,1902.6,1898.9,1917.7,1911.9,1906,1900,1893.8,1887.6,1881.1,1874.5,1867.4,1859.9,1851.7,1842.3,1831.1,1816.4,1337.7,1337.5,1337.3,1337,1336.7,1336.5,1336.2,1335.9,1335.6,1335.4,1335.1,1334.9,1334.7,1334.5,1334.3,1334.1,1333.9,1333.6,1333.4,1333.1,1332.8,1332.5,1332.2,1331.9
1990.3,1983.6,1976.5,1969.8,1963.4,1957.4,1951.7,1946.3,1941.1,1936.2,1931.5,1927,1922.7,1918.5,1914.4,1910.4,1906.5,1902.7,1899,1895.3,1891.6,1887.9,1906.6,1900.8,1894.9,1888.9,1882.8,1876.5,1870.1,1863.4,1856.3,1848.7,1840.2,1830.6,1818.8,1802.7,1329.3,1329.1,1328.8,1328.6,1328.3,1328,1327.8,1327.5,1327.2,1327,1326.8,1326.6,1326.4,1326.2,1326,1325.8,1325.5,1325.3,1325,1324.8,1324.5,1324.2,1323.9,1323.6
1977.9,1971.5,1964.5,1957.9,1951.6,1945.7,1940.1,1934.7,1929.7,1924.8,1920.2,1915.8,1911.5,1907.3,1903.3,1899.4,1895.5,1891.8,1888.1,1884.5,1880.8,1877.2,1895.6,1889.8,1883.9,1877.9,1871.8,1865.6,1859.1,1852.3,1845.2,1837.4,1828.8,1818.7,1806.2,1787.9,1321,1320.8,1320.6,1320.3,1320.1,1319.8,1319.5,1319.3,1319,1318.8,1318.5,1318.4,1318.2,1318,1317.8,1317.6,1317.4,1317.1,1316.9,1316.6,1316.3,1316.1,1315.8,1315.5
1965.8,1959.5,1952.6,1946.2,1940,1934.2,1928.6,1923.4,1918.4,1913.6,1909,1904.7,1900.5,1896.4,1892.4,1888.5,1884.7,1881,1877.4,1873.8,1870.2,1866.5,1884.7,1878.9,1873.1,1867.1,1861,1854.7,1848.1,1841.3,1834.1,1826.2,1817.2,1806.7,1793.2,1770.3,1312.9,1312.7,1312.4,1312.2,1312,1311.7,1311.4,1311.2,1310.9,1310.7,1310.5,1310.3,1310.1,1309.9,1309.8,1309.6,1309.3,1309.1,1308.9,1308.6,1308.4,1308.1,1307.8,1307.6
1953.8,1947.7,1941,1934.6,1928.6,1922.8,1917.4,1912.2,1907.2,1902.5,1898,1893.7,1889.6,1885.5,1881.6,1877.8,1874,1870.3,1866.8,1863.2,1859.6,1856.1,1874,1868.1,1862.3,1856.3,1850.1,1843.8,1837.3,1830.4,1823,1814.8,1805.6,1794.4,1779.4,1305.1,1304.9,1304.7,1304.5,1304.3,1304,1303.8,1303.5,1303.3,1303,1302.8,1302.6,1302.4,1302.2,1302.1,1301.9,1301.7,1301.5,1301.3,1301,1300.8,1300.5,1300.3,1300,1299.8
1942.1,1936.2,1929.6,1923.3,1917.3,1911.6,1906.3,1901.1,1896.3,1891.6,1887.2,1883,1878.9,1874.9,1871,1867.2,1863.5,1859.9,1856.3,1852.8,1849.3,1869,1863.3,1857.5,1851.6,1845.6,1839.4,1833,1826.4,1819.4,1811.8,1803.4,1793.7,1781.7,1764.3,1297.3,1297.1,1296.9,1296.7,1296.5,1296.3,1296,1295.8,1295.5,1295.3,1295.1,1294.9,1294.7,1294.5,1294.4,1294.2,1294,1293.8,1293.6,1293.4,1293.2,1292.9,1292.7,1292.4,1292.2
1930.5,1924.8,1918.3,1912.2,1906.3,1900.7,1895.3,1890.3,1885.5,1880.9,1876.5,1872.4,1868.3,1864.4,1860.5,1856.8,1853.1,1849.5,1846,1842.5,1839,1835.5,1852.7,1846.8,1840.9,1834.9,1828.7,1822.3,1815.6,1808.4,1800.7,1791.9,1781.6,1768.3,1745.8,1289.6,1289.5,1289.3,1289.1,1288.9,1288.7,1288.4,1288.2,1288,1287.7,1287.5,1287.3,1287.2,1287,1286.9,1286.7,1286.5,1286.3,1286.1,1285.9,1285.7,1285.5,1285.2,1285,1284.7
1919.2,1913.6,1907.3,1901.2,1895.4,1889.8,1884.6,1879.6,1874.9,1870.4,1866,1861.9,1857.9,1854,1850.2,1846.5,1842.9,1839.4,1835.9,1832.4,1828.9,1825.4,1842.1,1836.3,1830.4,1824.3,1818.1,1811.6,1804.8,1797.4,1789.4,1780.2,1769,1753.9,1282.3,1282.2,1282,1281.8,1281.7,1281.5,1281.2,1281,1280.8,1280.6,1280.3,1280.1,1280,1279.8,1279.7,1279.5,1279.4,1279.2,1279,1278.8,1278.6,1278.4,1278.2,1277.9,1277.7,1277.5
1908,1902.7,1896.4,1890.4,1884.7,1879.2,1874,1869.1,1864.4,1860,1855.7,1851.6,1847.7,1843.8,1840.1,1836.4,1832.8,1829.3,1825.9,1822.5,1819,1837.5,1831.7,1825.9,1819.9,1813.8,1807.5,1800.9,1793.9,1786.4,1777.9,1768.1,1755.8,1737.2,1275,1274.9,1274.7,1274.6,1274.4,1274.2,1274,1273.8,1273.6,1273.3,1273.1,1272.9,1272.8,1272.6,1272.5,1272.3,1272.2,1272,1271.8,1271.7,1271.5,1271.2,1271,1270.8,1270.5,1270.3
1897.1,1891.9,1885.8,1879.8,1874.1,1868.8,1863.6,1858.8,1854.2,1849.8,1845.6,1841.5,1837.6,1833.8,1830.1,1826.5,1822.9,1819.5,1816,1812.6,1809.2,1827.2,1821.4,1815.5,1809.5,1803.3,1796.9,1790.2,1783,1775.2,1766.2,1755.6,1741.5,1268,1267.9,1267.8,1267.6,1267.5,1267.3,1267.1,1266.9,1266.7,1266.5,1266.3,1266,1265.9,1265.7,1265.5,1265.4,1265.3,1265.1,1265,1264.8,1264.6,1264.4,1264.2,1264,1263.8,1263.5,1263.3
1886.3,1881.3,1875.3,1869.4,1863.8,1858.5,1853.4,1848.7,1844.1,1839.7,1835.6,1831.6,1827.7,1824,1820.3,1816.7,1813.2,1809.8,1806.4,1803,1822.7,1816.9,1811.1,1805.2,1799.1,1792.9,1786.3,1779.5,1772,1763.8,1754.3,1742.4,1725.3,1261,1260.9,1260.8,1260.6,1260.5,1260.3,1260.1,1259.9,1259.7,1259.5,1259.3,1259.1,1258.9,1258.7,1258.6,1258.5,1258.3,1258.2,1258,1257.9,1257.7,1257.5,1257.3,1257.1,1256.8,1256.6,1256.4
1875.8,1871,1865,1859.2,1853.7,1848.4,1843.4,1838.7,1834.2,1829.9,1825.8,1821.8,1818,1814.3,1810.6,1807.1,1803.6,1800.2,1796.8,1793.4,1812.5,1806.7,1800.9,1794.9,1788.8,1782.4,1775.8,1768.7,1761,1752.2,1741.9,1728.3,1702.5,1254.1,1254,1253.9,1253.8,1253.6,1253.5,1253.3,1253.1,1252.9,1252.7,1252.4,1252.2,1252.1,1251.9,1251.8,1251.6,1251.5,1251.4,1251.2,1251,1250.9,1250.7,1250.5,1250.2,1250,1249.8,1249.6
