-10,-9.322,-8.6441,-7.9661,-7.2881,-6.6102,-5.9322,-5.2542,-4.5763,-3.8983,-3.2203,-2.5424,-1.8644,-1.1864,-0.50847,0.16949,0.84746,1.5254,2.2034,2.8814,3.5593,4.2373,4.9153,5.5932,6.2712,6.9492,7.6271,8.3051,8.9831,9.661,10.339,11.017,11.695,12.373,13.051,13.729,14.407,15.085,15.763,16.441,17.119,17.797,18.475,19.153,19.831,20.508,21.186,21.864,22.542,23.22,23.898,24.576,25.254,25.932,26.61,27.288,27.966,28.644,29.322,30
0,0.00042373,0.00084746,0.0012712,0.0016949,0.0021186,0.0025424,0.0029661,0.0033898,0.0038136,0.0042373,0.004661,0.0050847,0.0055085,0.0059322,0.0063559,0.0067797,0.0072034,0.0076271,0.0080508,0.0084746,0.0088983,0.009322,0.0097458,0.010169,0.010593,0.011017,0.011441,0.011864,0.012288,0.012712,0.013136,0.013559,0.013983,0.014407,0.014831,0.015254,0.015678,0.016102,0.016525,0.016949,0.017373,0.017797,0.01822,0.018644,0.019068,0.019492,0.019915,0.020339,0.020763,0.021186,0.02161,0.022034,0.022458,0.022881,0.023305,0.023729,0.024153,0.024576,0.025
90.04,89.918,89.799,89.681,89.564,89.447,89.33,89.216,89.099,88.986,88.872,88.758,88.644,88.53,88.417,88.304,88.191,88.078,87.964,87.852,87.74,87.628,87.518,87.407,87.296,87.187,87.077,86.969,86.861,86.753,86.649,86.543,86.437,86.335,86.231,86.129,86.028,85.929,85.829,85.731,85.635,85.538,85.442,85.349,85.253,85.162,85.071,84.978,84.889,84.799,84.71,84.623,84.535,84.449,84.365,84.279,84.198,84.114,84.032,83.951
88.566,88.463,88.363,86.649,86.528,86.408,86.288,86.173,86.056,85.942,85.828,85.715,85.601,85.489,85.376,85.265,85.153,85.041,84.929,84.818,84.707,84.597,84.486,84.375,84.265,84.156,84.047,83.939,83.833,83.726,83.619,83.516,83.41,83.309,83.207,83.104,83.004,82.907,82.809,82.711,82.618,82.521,82.427,82.335,82.242,82.151,82.061,81.972,81.882,81.796,81.709,81.625,81.541,81.457,81.376,81.293,81.213,81.131,81.052,80.976
85.749,85.638,85.536,85.434,85.337,83.629,83.506,83.389,83.271,83.156,83.043,82.93,82.819,82.706,82.595,82.485,82.375,82.264,82.155,82.045,81.936,81.827,81.718,81.609,81.501,81.393,81.286,81.18,81.073,80.968,80.864,80.762,80.659,80.558,80.459,80.36,80.261,80.166,80.072,79.978,79.885,79.795,79.703,79.611,79.523,79.438,79.351,79.265,79.182,79.098,79.014,78.935,78.854,78.775,78.696,78.621,78.544,78.468,78.394,78.321
83.216,83.105,83.002,82.902,82.808,81.101,80.982,80.866,80.75,80.638,80.526,80.415,80.306,80.195,80.087,79.979,79.871,79.762,79.654,79.546,79.44,79.334,79.226,79.119,79.014,78.909,78.806,78.702,78.599,78.498,78.398,78.299,78.201,78.105,78.009,77.916,77.823,77.731,77.64,77.552,77.464,77.38,77.292,77.208,77.127,77.044,76.962,76.883,76.805,76.728,76.652,76.578,76.503,76.431,76.359,76.288,76.219,76.151,76.083,76.019
80.996,80.898,80.805,80.715,78.988,78.871,78.758,78.647,78.537,78.43,78.321,78.213,78.107,78.001,77.895,77.789,77.684,77.577,77.473,77.368,77.264,77.159,77.057,76.955,76.854,76.752,76.653,76.556,76.46,76.364,76.27,76.178,76.087,75.998,75.909,75.822,75.738,75.654,75.57,75.49,75.408,75.331,75.253,75.175,75.102,75.027,74.955,74.886,74.813,74.746,74.68,74.614,74.549,74.485,74.423,74.361,74.301,74.243,74.185,74.129
80.058,79.966,78.261,78.141,78.025,77.913,77.803,77.694,77.588,77.48,77.374,77.267,77.162,77.056,76.952,76.848,76.743,76.638,76.535,76.43,76.328,76.225,76.124,76.025,75.924,75.828,75.732,75.638,75.545,75.454,75.364,75.275,75.188,75.102,75.017,74.936,74.854,74.774,74.697,74.62,74.543,74.468,74.394,74.322,74.251,74.183,74.114,74.047,73.984,73.92,73.857,73.795,73.736,73.675,73.619,73.563,73.507,73.456,73.407,73.355
80.129,80.036,79.945,78.219,78.103,77.99,77.879,77.77,77.661,77.554,77.447,77.341,77.235,77.129,77.024,76.917,76.813,76.708,76.606,76.501,76.397,76.296,76.193,76.093,75.994,75.896,75.799,75.704,75.609,75.517,75.425,75.338,75.249,75.162,75.077,74.995,74.911,74.831,74.751,74.675,74.597,74.522,74.447,74.373,74.303,74.232,74.166,74.099,74.031,73.966,73.904,73.841,73.782,73.721,73.66,73.609,73.551,73.499,73.443,73.394
80.713,80.611,80.513,80.424,78.712,78.595,78.481,78.368,78.256,78.148,78.04,77.933,77.828,77.722,77.616,77.51,77.405,77.299,77.194,77.089,76.986,76.882,76.778,76.675,76.574,76.473,76.375,76.276,76.18,76.084,75.992,75.9,75.81,75.719,75.63,75.545,75.459,75.374,75.294,75.212,75.131,75.051,74.975,74.898,74.824,74.751,74.68,74.607,74.538,74.471,74.403,74.338,74.274,74.211,74.15,74.088,74.028,73.971,73.915,73.858
81.257,81.144,81.039,80.942,80.849,79.152,79.033,78.919,78.805,78.694,78.585,78.475,78.368,78.261,78.154,78.049,77.943,77.838,77.734,77.627,77.522,77.42,77.315,77.213,77.109,77.006,76.906,76.807,76.706,76.609,76.511,76.418,76.324,76.231,76.141,76.052,75.964,75.878,75.792,75.707,75.626,75.543,75.465,75.386,75.308,75.231,75.156,75.083,75.008,74.939,74.867,74.8,74.733,74.663,74.6,74.536,74.472,74.41,74.35,74.29
81.699,81.571,81.456,81.352,81.252,81.157,81.066,79.349,79.234,79.121,79.009,78.901,78.79,78.684,78.577,78.47,78.365,78.259,78.154,78.049,77.944,77.84,77.735,77.63,77.527,77.424,77.321,77.22,77.119,77.02,76.922,76.825,76.73,76.636,76.542,76.449,76.36,76.272,76.184,76.098,76.011,75.93,75.846,75.764,75.684,75.605,75.528,75.451,75.376,75.303,75.231,75.158,75.088,75.02,74.949,74.883,74.817,74.754,74.691,74.629
82.075,81.927,81.799,81.683,81.575,81.474,81.379,81.29,79.581,79.465,79.351,79.239,79.13,79.022,78.915,78.806,78.701,78.594,78.489,78.384,78.278,78.175,78.069,77.965,77.861,77.757,77.654,77.552,77.451,77.35,77.25,77.151,77.052,76.957,76.864,76.77,76.676,76.585,76.496,76.407,76.32,76.234,76.148,76.066,75.983,75.902,75.822,75.744,75.666,75.591,75.517,75.444,75.369,75.298,75.227,75.158,75.089,75.022,74.959,74.894
82.421,82.245,82.098,81.967,81.849,81.74,81.639,81.542,81.451,79.752,79.637,79.521,79.411,79.299,79.191,79.083,78.977,78.87,78.765,78.658,78.554,78.449,78.344,78.241,78.136,78.032,77.929,77.826,77.722,77.62,77.519,77.421,77.322,77.223,77.127,77.032,76.937,76.845,76.753,76.662,76.574,76.485,76.398,76.312,76.229,76.148,76.066,75.983,75.905,75.826,75.748,75.672,75.598,75.525,75.451,75.38,75.31,75.242,75.175,75.106
82.783,82.553,82.373,82.221,82.091,81.97,81.862,81.758,81.662,81.569,81.48,79.762,79.648,79.537,79.426,79.317,79.209,79.103,78.997,78.891,78.785,78.681,78.575,78.472,78.366,78.262,78.159,78.056,77.952,77.851,77.748,77.647,77.547,77.448,77.349,77.253,77.156,77.062,76.969,76.875,76.785,76.697,76.607,76.519,76.432,76.349,76.264,76.181,76.101,76.021,75.941,75.863,75.786,75.713,75.636,75.562,75.49,75.421,75.35,75.282
83.274,82.891,82.651,82.467,82.315,82.178,82.057,81.947,81.842,81.745,81.651,81.561,79.855,79.74,79.627,79.517,79.408,79.301,79.194,79.087,78.981,78.875,78.77,78.667,78.562,78.457,78.353,78.25,78.146,78.045,77.941,77.84,77.738,77.637,77.537,77.439,77.343,77.244,77.149,77.056,76.965,76.873,76.782,76.692,76.603,76.518,76.432,76.347,76.264,76.183,76.103,76.024,75.944,75.865,75.79,75.715,75.641,75.568,75.495,75.426
88.558,83.406,82.977,82.727,82.535,82.376,82.238,82.114,82.002,81.899,81.8,81.706,81.615,79.919,79.803,79.689,79.579,79.469,79.361,79.253,79.148,79.04,78.937,78.831,78.727,78.622,78.518,78.414,78.311,78.207,78.105,78.002,77.9,77.799,77.699,77.6,77.5,77.402,77.307,77.211,77.116,77.024,76.932,76.841,76.751,76.662,76.576,76.489,76.406,76.32,76.241,76.159,76.076,75.997,75.919,75.842,75.765,75.692,75.616,75.543
88.366,88.529,83.601,83.05,82.778,82.579,82.417,82.279,82.153,82.039,81.931,81.829,81.733,81.641,81.55,79.84,79.726,79.613,79.504,79.395,79.288,79.181,79.076,78.97,78.867,78.761,78.658,78.555,78.452,78.348,78.246,78.144,78.042,77.939,77.839,77.737,77.638,77.539,77.443,77.343,77.247,77.153,77.059,76.968,76.875,76.786,76.696,76.609,76.521,76.435,76.351,76.269,76.185,76.104,76.024,75.946,75.867,75.791,75.713,75.639
88.156,88.314,88.473,88.632,83.111,82.82,82.611,82.442,82.296,82.165,82.047,81.937,81.833,81.735,81.641,81.551,79.853,79.738,79.625,79.515,79.407,79.3,79.196,79.091,78.985,78.882,78.78,78.675,78.571,78.467,78.364,78.261,78.158,78.056,77.954,77.853,77.752,77.651,77.551,77.453,77.355,77.26,77.163,77.068,76.975,76.883,76.792,76.703,76.614,76.527,76.441,76.355,76.271,76.187,76.104,76.024,75.946,75.867,75.789,75.713
87.923,88.075,88.229,88.391,88.56,83.189,82.85,82.623,82.442,82.29,82.156,82.034,81.923,81.82,81.721,81.627,81.537,81.449,79.736,79.625,79.515,79.406,79.3,79.194,79.087,78.984,78.878,78.773,78.668,78.564,78.461,78.357,78.253,78.15,78.047,77.943,77.842,77.741,77.641,77.542,77.441,77.344,77.246,77.151,77.056,76.963,76.87,76.78,76.689,76.6,76.514,76.425,76.34,76.255,76.174,76.091,76.01,75.929,75.851,75.773
87.667,87.834,87.969,88.136,88.287,88.455,83.28,82.867,82.618,82.429,82.271,82.136,82.013,81.901,81.796,81.695,81.602,81.508,81.419,79.72,79.608,79.495,79.386,79.278,79.17,79.064,78.958,78.852,78.747,78.642,78.539,78.433,78.328,78.226,78.123,78.02,77.919,77.816,77.715,77.614,77.514,77.417,77.317,77.221,77.125,77.03,76.936,76.843,76.753,76.664,76.574,76.487,76.4,76.315,76.231,76.147,76.064,75.983,75.902,75.823
87.398,87.557,87.705,87.86,88.011,88.165,88.315,83.548,82.891,82.617,82.415,82.252,82.111,81.982,81.865,81.756,81.652,81.555,81.46,81.369,81.28,79.569,79.456,79.344,79.237,80.856,79.022,78.916,78.811,78.706,78.6,78.497,78.393,78.291,78.187,78.085,77.984,77.882,77.781,77.68,77.581,77.482,77.382,77.286,77.188,77.093,76.999,76.903,76.81,76.718,76.628,76.539,76.45,76.364,76.276,76.192,76.107,76.022,75.939,75.859
87.132,87.263,87.427,87.576,87.715,87.862,88.01,88.157,88.328,82.944,82.619,82.397,82.219,82.068,81.933,81.81,81.698,81.591,81.49,81.394,81.303,81.213,79.515,79.402,79.293,79.183,79.077,78.97,78.864,78.76,78.656,78.551,78.45,78.345,78.244,78.142,78.041,77.94,77.837,77.737,77.638,77.537,77.436,77.339,77.24,77.142,77.045,76.95,76.856,76.762,76.668,76.576,76.486,76.397,76.308,76.221,76.134,76.048,75.963,75.882
86.843,86.984,87.128,87.266,87.405,87.556,87.707,87.853,88.006,88.163,83.047,82.617,82.366,82.172,82.011,81.87,81.744,81.629,81.52,81.42,81.323,81.23,81.141,81.055,79.347,80.885,79.128,79.021,78.915,78.811,78.706,78.601,78.498,78.394,78.291,78.189,78.087,77.985,77.882,77.781,77.679,77.58,77.477,77.376,77.277,77.179,77.081,76.982,76.886,76.79,76.695,76.602,76.51,76.418,76.328,76.239,76.149,76.062,75.975,75.891
86.547,86.684,86.823,86.953,87.1,87.248,87.39,87.536,87.682,87.829,87.977,88.125,82.623,82.33,82.12,81.95,81.806,81.677,81.559,81.451,81.348,81.251,81.157,81.065,80.978,80.891,79.175,79.065,78.957,78.85,80.473,78.639,78.534,78.43,78.326,78.222,78.121,78.017,77.915,77.811,77.711,77.608,77.506,77.404,77.304,77.203,77.106,77.004,76.907,76.81,76.714,76.617,76.524,76.431,76.34,76.252,76.162,76.069,75.982,75.895
86.236,86.375,86.51,86.645,86.786,86.922,87.065,87.205,87.34,87.49,87.626,87.776,87.922,82.681,82.309,82.078,81.897,81.745,81.609,81.488,81.376,81.267,81.168,81.071,80.978,80.888,80.8,80.712,78.988,78.878,78.77,80.376,80.292,78.451,78.347,78.242,78.14,78.035,77.932,77.83,77.727,77.626,77.523,77.423,77.321,77.22,77.121,77.021,76.923,76.824,76.726,76.636,76.541,76.447,76.354,76.263,76.172,76.082,75.994,75.906
85.938,86.068,86.19,86.325,86.47,86.601,86.725,86.864,86.998,87.131,87.282,87.432,87.565,87.719,82.948,82.317,82.043,81.843,81.679,81.535,81.406,81.287,81.178,81.072,80.974,80.878,80.786,80.696,80.608,78.899,78.789,80.353,78.573,80.185,80.102,78.257,78.154,78.05,77.946,77.844,77.742,77.639,77.537,77.437,77.342,77.241,77.141,77.042,76.942,76.844,76.746,76.649,76.553,76.458,76.363,76.269,76.177,76.085,75.994,75.905
85.622,85.749,85.871,86.015,86.144,86.268,86.391,86.529,86.657,86.802,86.936,87.077,87.209,87.353,87.502,87.64,82.357,82.012,81.783,81.607,81.453,81.315,81.193,81.079,80.97,80.871,80.772,80.679,80.588,80.5,80.413,80.329,78.59,78.482,78.377,78.272,78.168,78.069,77.966,77.864,77.76,77.66,77.557,77.455,77.355,77.252,77.152,77.053,76.954,76.854,76.754,76.657,76.56,76.463,76.366,76.27,76.176,76.083,75.993,75.9
85.309,85.421,85.566,85.674,85.809,85.936,86.062,86.186,86.321,86.452,86.588,86.727,86.852,86.995,87.133,87.274,87.414,82.573,82.005,81.736,81.538,81.373,81.225,81.098,80.979,80.87,80.766,80.668,80.574,80.482,80.394,80.307,80.221,78.502,78.396,78.288,79.89,78.079,77.974,77.872,77.768,77.665,77.564,77.462,77.36,77.259,77.158,77.056,76.957,76.858,76.758,76.659,76.561,76.463,76.365,76.269,76.174,76.08,75.986,75.894
84.993,85.114,85.222,85.349,85.471,85.597,85.727,85.848,85.978,86.104,86.228,86.359,86.497,86.628,86.76,86.902,87.036,87.179,87.317,82.053,81.71,81.482,81.302,81.149,81.013,80.891,80.773,80.666,80.565,80.469,80.375,80.285,80.197,80.109,80.024,78.298,79.857,79.773,79.691,77.875,77.772,77.669,77.566,77.464,77.362,77.26,77.16,77.059,76.959,76.86,76.759,76.659,76.561,76.464,76.365,76.267,76.173,76.077,75.981,75.889
84.67,84.778,84.895,85.021,85.144,85.258,85.375,85.499,85.624,85.749,85.876,86.004,86.138,86.266,86.394,86.533,86.67,86.8,86.935,87.068,87.212,81.71,81.436,81.232,81.066,80.922,80.791,80.674,80.562,80.457,80.358,80.261,80.169,80.079,79.992,79.905,79.82,78.09,79.654,77.877,77.775,77.671,77.568,77.465,77.365,77.263,77.161,77.061,76.961,76.86,76.76,76.661,76.562,76.462,76.363,76.267,76.169,76.074,75.976,75.882
84.337,84.454,84.569,84.688,84.81,84.926,85.038,85.152,85.276,85.405,85.526,85.649,85.778,85.906,86.034,86.16,86.284,86.419,86.558,86.677,86.822,86.954,81.779,81.406,81.171,80.987,80.829,80.691,80.567,80.452,80.344,80.241,80.145,80.05,79.959,79.87,79.786,79.701,79.617,79.534,79.452,79.369,77.57,77.467,77.365,77.263,77.161,77.059,76.959,76.858,76.758,76.658,76.559,76.459,76.359,76.261,76.162,76.067,75.968,75.871
84.013,84.124,84.241,84.358,84.469,84.584,84.694,84.807,84.938,85.054,85.17,85.297,85.421,85.542,85.661,85.785,85.909,86.043,86.171,86.296,86.423,86.565,86.689,86.83,81.418,81.125,80.915,80.745,80.597,80.465,80.347,80.235,80.13,80.029,79.935,79.842,79.752,79.665,79.578,79.494,79.409,79.327,79.244,77.465,79.082,77.259,77.157,77.056,76.953,76.853,76.752,76.651,76.55,76.452,76.352,76.252,76.154,76.055,75.957,75.859
83.691,83.796,83.912,84.026,84.131,84.243,84.352,84.461,84.587,84.703,84.823,84.932,85.058,85.169,85.291,85.418,85.537,85.661,85.792,85.911,86.04,86.168,86.297,86.425,86.564,81.555,81.112,80.861,80.67,80.511,80.371,80.246,80.129,80.02,79.917,79.821,79.726,79.633,79.545,79.457,79.371,79.285,79.201,79.119,79.035,77.255,77.152,77.048,76.948,76.845,76.745,76.644,76.542,76.442,76.342,76.242,76.144,76.044,75.945,75.847
83.359,83.465,83.579,83.689,83.794,83.9,84.014,84.127,84.244,84.354,84.464,84.586,84.696,84.812,84.932,85.04,85.164,85.287,85.41,85.535,85.66,85.788,85.913,86.04,86.168,86.298,86.415,81.168,80.836,80.613,80.436,80.282,80.148,80.024,79.911,79.804,79.703,79.607,79.511,79.42,79.332,79.244,79.159,79.073,78.991,78.907,78.825,78.743,76.938,76.836,76.736,76.633,76.533,76.432,76.333,76.234,76.134,76.035,75.935,75.838
83.039,83.148,83.248,83.347,83.466,83.57,83.673,83.78,83.894,84.003,84.109,84.228,84.33,84.443,84.555,84.679,84.796,84.916,85.033,85.149,85.278,85.395,85.515,85.644,85.768,85.896,86.018,86.148,86.269,80.851,80.57,80.365,80.197,80.052,79.922,79.802,79.689,79.585,79.484,79.388,79.296,79.204,79.117,79.03,78.943,78.859,78.776,77.035,76.931,76.829,78.447,78.367,76.523,76.425,76.324,76.223,76.124,76.026,75.926,75.829
82.706,82.813,82.914,83.017,83.128,83.233,83.337,83.443,83.552,83.652,83.759,83.861,83.974,84.096,84.204,84.317,84.435,84.547,84.663,84.778,84.903,85.01,85.138,85.251,85.382,85.501,85.622,85.741,85.867,85.989,80.989,80.559,80.31,80.12,79.96,79.82,79.693,79.578,79.466,79.364,79.264,79.17,79.078,78.989,78.901,78.815,78.731,78.647,76.928,78.482,76.721,78.319,76.518,76.416,76.316,76.216,76.117,76.018,75.919,75.82
82.37,82.476,82.577,82.68,82.791,82.887,82.989,83.094,83.196,83.3,83.402,83.516,83.623,83.737,83.841,83.956,84.067,84.183,84.295,84.403,84.51,84.639,84.752,84.865,84.985,85.101,85.215,85.347,85.458,85.59,85.708,85.835,80.624,80.284,80.058,79.88,79.728,79.592,79.468,79.354,79.249,79.147,79.049,78.956,78.865,78.776,78.69,78.603,78.519,78.436,78.355,78.273,76.512,78.11,76.309,76.209,76.108,76.009,75.909,75.809
82.044,82.14,82.243,82.349,82.455,82.547,82.649,82.755,82.854,82.959,83.065,83.164,83.266,83.388,83.488,83.592,83.701,83.802,83.923,84.029,84.144,84.252,84.362,84.476,84.596,84.705,84.823,84.937,85.061,85.179,85.305,85.418,85.542,85.658,80.323,80.029,79.82,79.649,79.502,79.371,79.251,79.139,79.033,78.933,78.837,78.744,78.653,78.565,78.478,78.393,78.309,78.226,78.143,78.061,76.303,76.2,76.099,77.736,75.898,75.798
81.713,81.811,81.917,82.014,82.115,82.211,82.314,82.414,82.513,82.615,82.718,82.81,82.925,83.024,83.132,83.231,83.335,83.444,83.547,83.653,83.765,83.874,83.978,84.096,84.201,84.318,84.427,84.544,84.66,84.779,84.891,85.017,85.135,85.254,85.378,80.653,80.049,79.783,79.586,79.422,79.278,79.15,79.031,78.922,78.817,78.716,78.622,78.529,78.438,78.352,78.264,78.179,78.095,78.011,77.929,77.847,76.091,75.989,75.887,77.521
81.383,81.479,81.584,81.68,81.774,81.874,81.973,82.076,82.176,82.275,82.372,82.467,82.571,82.668,82.768,82.871,82.977,83.081,83.181,83.282,83.401,83.492,83.602,83.719,83.817,83.94,84.048,84.154,84.271,84.381,84.499,84.609,84.73,84.844,84.963,85.073,85.198,80.21,79.786,79.541,79.352,79.194,79.053,78.928,78.811,78.702,78.598,78.498,78.403,78.312,78.222,78.135,78.048,77.964,77.879,77.796,77.715,77.632,77.55,75.777
81.058,81.145,81.247,81.34,81.44,81.538,81.635,81.734,81.84,81.932,82.023,82.122,82.219,82.316,82.415,82.516,82.619,82.719,82.825,82.924,83.024,83.131,83.232,83.341,83.439,83.549,83.657,83.771,83.875,83.99,84.105,84.214,84.326,84.438,84.548,84.658,84.778,84.892,85.016,79.892,79.532,79.302,79.12,78.965,78.828,78.706,78.59,78.484,78.38,78.282,78.189,78.096,78.008,77.92,77.834,77.75,77.667,77.584,77.503,75.772
80.717,80.815,80.909,81.015,81.106,81.202,81.301,81.396,81.487,81.585,81.684,81.783,81.866,81.971,82.067,82.165,82.263,82.353,82.462,82.57,82.659,82.763,82.862,82.971,83.067,83.177,83.27,83.379,83.495,83.59,83.701,83.812,83.922,84.028,84.143,84.252,84.365,84.478,84.584,84.705,84.816,79.611,79.288,79.07,78.894,78.743,78.61,78.488,78.375,78.268,78.167,78.07,77.977,77.886,77.798,77.711,77.625,77.542,77.458,77.376
80.384,80.482,80.581,80.673,80.768,80.866,80.964,81.053,81.149,81.24,81.335,81.43,81.531,81.627,81.719,81.808,81.908,82.005,82.096,82.193,82.299,82.396,82.497,82.59,82.704,82.792,82.901,82.994,83.097,83.203,83.307,83.415,83.524,83.629,83.733,83.838,83.948,84.066,84.176,84.285,84.391,84.514,84.622,79.358,79.058,78.847,78.676,78.527,78.396,78.275,78.162,78.057,77.955,77.859,77.767,77.676,77.587,77.5,77.415,77.331
80.055,80.151,80.246,80.339,80.434,80.529,80.626,80.711,80.805,80.896,80.997,81.089,81.183,81.277,81.375,81.463,81.558,81.655,81.747,81.848,81.94,82.031,82.134,82.225,82.324,82.423,82.518,82.61,82.717,82.82,82.924,83.021,83.129,83.23,83.335,83.447,83.543,83.656,83.761,83.865,83.976,84.089,84.201,84.313,84.422,79.121,78.834,78.628,78.458,78.312,78.181,78.063,77.95,77.845,77.744,77.647,77.553,77.463,77.373,77.287
79.72,79.817,79.902,80.003,80.094,80.191,80.281,80.373,80.463,80.558,80.653,80.75,80.841,80.932,81.027,81.117,81.21,81.299,81.389,81.478,81.58,81.674,81.765,81.866,81.949,82.049,82.142,82.244,82.34,82.437,82.536,82.634,82.743,82.841,82.937,83.048,83.15,83.254,83.357,83.463,83.57,83.674,83.777,83.895,84.002,84.104,84.217,78.89,78.612,78.409,78.242,78.098,77.967,77.848,77.736,77.631,77.53,77.433,77.34,77.25
79.381,79.483,79.574,79.673,79.758,79.852,79.95,80.028,80.127,80.22,80.312,80.409,80.497,80.592,80.675,80.766,80.854,80.948,81.036,81.122,81.219,81.316,81.405,81.487,81.59,81.681,81.772,81.866,81.962,82.062,82.161,82.257,82.355,82.455,82.554,82.647,82.742,82.852,82.955,83.047,83.158,83.259,83.361,83.467,83.573,83.676,83.788,83.898,84.005,78.666,78.393,78.193,78.027,77.882,77.754,77.634,77.523,77.418,77.317,77.222
79.055,79.145,79.243,79.331,79.425,79.516,79.605,79.7,79.79,79.88,79.974,80.064,80.15,80.245,80.326,80.414,80.506,80.6,80.687,80.779,80.865,80.955,81.052,81.139,81.224,81.322,81.404,81.502,81.593,81.691,81.788,81.874,81.971,82.067,82.161,82.263,82.359,82.455,82.552,82.651,82.745,82.851,82.954,83.048,83.158,83.26,83.364,83.469,83.569,83.679,83.785,78.452,78.18,77.981,77.816,77.673,77.545,77.425,77.314,77.212
78.724,78.826,78.906,78.998,79.088,79.18,79.274,79.364,79.452,79.543,79.638,79.721,79.81,79.897,79.986,80.075,80.158,80.25,80.338,80.424,80.516,80.605,80.695,80.779,80.865,80.951,81.046,81.132,81.228,81.316,81.406,81.496,81.588,81.684,81.775,81.87,81.968,82.058,82.153,82.248,82.347,82.447,82.538,82.641,82.742,82.838,82.941,83.041,83.138,83.246,83.349,83.448,83.556,78.25,77.978,77.778,77.614,77.47,77.341,77.222
78.401,78.489,78.578,78.661,78.76,78.847,78.935,79.023,79.111,79.201,79.296,79.376,79.459,79.55,79.641,79.725,79.816,79.899,79.992,80.08,80.168,80.251,80.34,80.423,80.513,80.598,80.678,80.767,80.863,80.944,81.026,81.129,81.213,81.3,81.398,81.482,81.577,81.67,81.76,81.849,81.95,82.043,82.148,82.227,82.329,82.431,82.526,82.623,82.722,82.82,82.925,83.02,83.128,83.23,83.326,78.064,77.783,77.58,77.415,77.27
78.064,78.16,78.24,78.331,78.425,78.511,78.598,78.686,78.772,78.859,78.95,79.035,79.123,79.211,79.301,79.388,79.472,79.558,79.644,79.732,79.814,79.899,79.987,80.066,80.15,80.236,80.319,80.41,80.496,80.578,80.664,80.756,80.837,80.927,81.02,81.098,81.191,81.29,81.375,81.462,81.558,81.643,81.746,81.839,81.929,82.02,82.121,82.21,82.308,82.404,82.493,82.595,82.698,82.792,82.9,82.993,83.099,77.888,77.594,77.387
77.746,77.823,77.908,78,78.088,78.174,78.262,78.35,78.434,78.523,78.606,78.693,78.78,78.874,78.96,79.044,79.127,79.211,79.296,79.382,79.472,79.549,79.633,79.713,79.802,79.882,79.964,80.043,80.133,80.217,80.302,80.381,80.473,80.554,80.641,80.727,80.815,80.898,80.982,81.073,81.165,81.256,81.347,81.434,81.524,81.615,81.707,81.805,81.901,81.987,82.08,82.173,82.272,82.366,82.461,82.566,82.654,82.757,82.856,77.729
77.409,77.492,77.575,77.672,77.755,77.841,77.926,78.012,78.093,78.184,78.265,78.355,78.444,78.526,78.612,78.708,78.787,78.87,78.952,79.034,79.114,79.195,79.281,79.363,79.443,79.528,79.604,79.688,79.769,79.855,79.935,80.023,80.101,80.189,80.273,80.353,80.444,80.522,80.608,80.689,80.775,80.868,80.951,81.042,81.133,81.216,81.306,81.396,81.484,81.574,81.67,81.769,81.855,81.948,82.04,82.131,82.226,82.321,82.412,82.514
77.077,77.165,77.254,77.339,77.423,77.51,77.589,77.681,77.761,77.848,77.935,78.022,78.1,78.193,78.281,78.355,78.447,78.521,78.604,78.686,78.766,78.847,78.93,79.007,79.089,79.171,79.253,79.334,79.413,79.5,79.576,79.658,79.743,79.822,79.905,79.988,80.068,80.148,80.234,80.315,80.4,80.487,80.571,80.653,80.736,80.827,80.901,81,81.078,81.172,81.257,81.344,81.439,81.528,81.626,81.705,81.792,81.888,81.981,82.072
76.768,76.841,76.931,77.009,77.09,77.17,77.265,77.344,77.43,77.519,77.6,77.678,77.767,77.847,77.929,78.02,78.092,78.174,78.261,78.338,78.418,78.5,78.582,78.661,78.743,78.821,78.901,78.985,79.062,79.141,79.218,79.297,79.378,79.456,79.539,79.619,79.698,79.773,79.857,79.938,80.02,80.097,80.177,80.267,80.347,80.428,80.521,80.601,80.679,80.772,80.849,80.936,81.024,81.115,81.201,81.293,81.377,81.465,81.551,81.641
76.439,76.515,76.604,76.681,76.767,76.84,76.931,77.014,77.092,77.18,77.259,77.35,77.422,77.512,77.588,77.671,77.754,77.834,77.913,77.989,78.072,78.153,78.232,78.318,78.392,78.468,78.549,78.628,78.709,78.785,78.861,78.939,79.022,79.093,79.171,79.251,79.33,79.403,79.49,79.566,79.639,79.717,79.802,79.877,79.959,80.038,80.126,80.208,80.284,80.376,80.449,80.532,80.62,80.699,80.785,80.873,80.963,81.042,81.124,81.213
76.117,76.207,76.286,76.357,76.437,76.513,76.606,76.681,76.765,76.846,76.924,77.008,77.084,77.166,77.248,77.325,77.407,77.488,77.571,77.65,77.731,77.807,77.886,77.968,78.047,78.118,78.2,78.277,78.362,78.429,78.507,78.586,78.658,78.737,78.816,78.889,78.964,79.037,79.111,79.192,79.277,79.343,79.419,79.494,79.571,79.659,79.739,79.812,79.885,79.974,80.054,80.139,80.221,80.294,80.379,80.458,80.539,80.625,80.707,80.796
75.805,75.88,75.956,76.036,76.116,76.198,76.27,76.354,76.432,76.505,76.591,76.665,76.744,76.831,76.906,76.986,77.073,77.15,77.23,77.304,77.383,77.462,77.549,77.623,77.696,77.783,77.849,77.925,78.001,78.075,78.152,78.222,78.303,78.375,78.453,78.529,78.603,78.678,78.752,78.832,78.902,78.978,79.046,79.124,79.196,79.279,79.353,79.425,79.503,79.581,79.667,79.737,79.82,79.898,79.985,80.049,80.136,80.222,80.294,80.384
75.497,75.565,75.644,75.714,75.793,75.877,75.954,76.022,76.1,76.179,76.252,76.333,76.412,76.49,76.573,76.649,76.733,76.817,76.884,76.964,77.041,77.12,77.2,77.272,77.348,77.419,77.499,77.574,77.65,77.723,77.804,77.871,77.945,78.017,78.093,78.162,78.242,78.311,78.383,78.465,78.532,78.602,78.68,78.753,78.821,78.897,78.972,79.044,79.117,79.195,79.279,79.348,79.421,79.501,79.582,79.651,79.733,79.812,79.885,79.966
75.187,75.252,75.322,75.403,75.474,75.556,75.625,75.7,75.782,75.845,75.931,75.999,76.082,76.158,76.241,76.318,76.392,76.474,76.548,76.621,76.709,76.774,76.859,76.925,77.003,77.076,77.153,77.229,77.301,77.37,77.449,77.519,77.593,77.668,77.737,77.809,77.887,77.955,78.022,78.096,78.164,78.244,78.305,78.379,78.459,78.523,78.597,78.671,78.738,78.814,78.887,78.957,79.034,79.099,79.178,79.257,79.331,79.401,79.476,79.561
74.877,74.949,75.017,75.081,75.156,75.228,75.303,75.381,75.449,75.526,75.602,75.681,75.749,75.821,75.898,75.971,76.053,76.127,76.204,76.28,76.358,76.43,76.506,76.575,76.654,76.731,76.804,76.874,76.956,77.023,77.098,77.166,77.24,77.315,77.381,77.46,77.529,77.596,77.662,77.734,77.804,77.877,77.949,78.016,78.085,78.157,78.222,78.291,78.364,78.437,78.505,78.583,78.651,78.713,78.789,78.865,78.93,78.997,79.078,79.15
74.581,74.633,74.713,74.778,74.843,74.922,74.986,75.052,75.126,75.201,75.273,75.346,75.424,75.495,75.57,75.637,75.717,75.793,75.866,75.944,76.016,76.092,76.162,76.237,76.314,76.387,76.453,76.529,76.605,76.67,76.742,76.809,76.885,76.954,77.02,77.093,77.163,77.232,77.299,77.377,77.443,77.51,77.585,77.65,77.718,77.791,77.853,77.918,77.991,78.06,78.122,78.195,78.265,78.338,78.399,78.467,78.533,78.609,78.678,78.747
613.17,612.8,612.44,612.07,611.69,611.29,610.9,610.5,610.09,609.68,609.26,608.84,608.41,607.98,607.54,607.1,606.65,606.2,605.75,605.29,604.83,604.36,603.89,603.42,602.94,602.46,601.98,601.49,601,600.51,600.02,599.52,599.02,598.53,598.02,597.52,597.01,596.51,596,595.49,594.97,594.46,593.94,593.43,592.91,592.39,591.87,591.34,590.82,590.29,589.77,589.24,588.71,588.18,587.65,587.11,586.58,586.04,585.51,584.97
615.55,615.31,615.06,615.29,614.93,614.56,614.17,613.78,613.38,612.98,612.57,612.15,611.72,611.29,610.85,610.41,609.96,609.51,609.05,608.58,608.11,607.64,607.16,606.68,606.19,605.7,605.2,604.7,604.2,603.7,603.18,602.67,602.16,601.64,601.12,600.6,600.08,599.55,599.02,598.49,597.96,597.43,596.89,596.36,595.82,595.28,594.74,594.19,593.65,593.1,592.55,592,591.45,590.9,590.35,589.79,589.24,588.68,588.12,587.56
617.99,617.79,617.59,617.35,617.1,617.34,616.95,616.57,616.17,615.76,615.35,614.92,614.5,614.05,613.61,613.15,612.7,612.23,611.76,611.28,610.79,610.3,609.81,609.31,608.8,608.29,607.78,607.26,606.73,606.21,605.68,605.15,604.61,604.07,603.53,602.98,602.44,601.89,601.34,600.79,600.23,599.67,599.11,598.55,597.99,597.43,596.86,596.29,595.72,595.15,594.58,594,593.43,592.85,592.27,591.69,591.11,590.53,589.95,589.36
620.28,620.1,619.9,619.66,619.42,619.65,619.27,618.87,618.46,618.04,617.6,617.16,616.71,616.24,615.78,615.3,614.82,614.33,613.83,613.32,612.82,612.3,611.78,611.25,610.71,610.17,609.63,609.09,608.53,607.98,607.42,606.86,606.29,605.73,605.16,604.58,604.01,603.43,602.85,602.27,601.68,601.1,600.51,599.92,599.33,598.74,598.14,597.54,596.95,596.35,595.74,595.14,594.54,593.93,593.32,592.72,592.11,591.5,590.89,590.27
622.48,622.27,622.02,621.76,621.9,621.49,621.06,620.63,620.18,619.72,619.24,618.76,618.27,617.77,617.27,616.75,616.23,615.69,615.16,614.61,614.06,613.51,612.95,612.38,611.81,611.23,610.64,610.06,609.47,608.88,608.28,607.69,607.09,606.49,605.88,605.27,604.66,604.05,603.44,602.82,602.2,601.58,600.96,600.34,599.71,599.08,598.45,597.82,597.19,596.56,595.93,595.29,594.65,594.02,593.38,592.74,592.1,591.46,590.81,590.17
622.63,622.38,622.62,622.21,621.78,621.34,620.89,620.43,619.96,619.47,618.97,618.46,617.95,617.42,616.89,616.36,615.81,615.25,614.69,614.12,613.55,612.97,612.38,611.79,611.2,610.6,610,609.39,608.78,608.17,607.56,606.94,606.32,605.7,605.08,604.45,603.82,603.19,602.56,601.93,601.29,600.65,600.01,599.37,598.73,598.08,597.44,596.79,596.14,595.49,594.84,594.19,593.54,592.88,592.23,591.57,590.92,590.26,589.6,588.94
621.18,620.94,620.67,620.82,620.4,619.97,619.52,619.06,618.59,618.11,617.62,617.11,616.6,616.08,615.55,615.01,614.47,613.92,613.36,612.8,612.22,611.65,611.06,610.47,609.88,609.29,608.68,608.08,607.47,606.86,606.25,605.64,605.02,604.4,603.77,603.15,602.52,601.89,601.26,600.63,599.99,599.35,598.71,598.07,597.43,596.79,596.14,595.49,594.85,594.2,593.55,592.89,592.24,591.59,590.93,590.28,589.62,588.96,588.3,587.64
618.93,618.73,618.49,618.25,618.45,618.04,617.62,617.18,616.72,616.27,615.79,615.31,614.82,614.32,613.81,613.29,612.76,612.23,611.69,611.14,610.59,610.02,609.46,608.88,608.31,607.72,607.14,606.55,605.95,605.36,604.76,604.15,603.55,602.94,602.33,601.72,601.1,600.48,599.86,599.24,598.62,597.99,597.36,596.73,596.1,595.47,594.83,594.19,593.56,592.92,592.28,591.64,590.99,590.35,589.71,589.06,588.41,587.76,587.12,586.47
616.73,616.58,616.38,616.17,615.9,616.16,615.76,615.35,614.92,614.48,614.03,613.56,613.08,612.6,612.1,611.6,611.09,610.58,610.06,609.52,608.98,608.44,607.89,607.34,606.77,606.2,605.63,605.05,604.47,603.89,603.3,602.71,602.11,601.52,600.92,600.32,599.71,599.1,598.49,597.88,597.27,596.65,596.04,595.42,594.8,594.17,593.55,592.92,592.29,591.66,591.03,590.4,589.77,589.13,588.5,587.86,587.23,586.59,585.95,585.31
614.68,614.56,614.4,614.22,614,613.74,613.47,613.63,613.22,612.8,612.36,611.92,611.45,610.99,610.51,610.02,609.53,609.03,608.52,608.01,607.48,606.95,606.41,605.87,605.32,604.76,604.2,603.64,603.07,602.49,601.92,601.34,600.75,600.16,599.57,598.98,598.39,597.79,597.19,596.59,595.98,595.37,594.77,594.15,593.54,592.93,592.31,591.69,591.07,590.45,589.83,589.21,588.58,587.96,587.33,586.7,586.07,585.44,584.81,584.17
612.66,612.6,612.5,612.35,612.15,611.92,611.68,611.44,611.61,611.21,610.79,610.36,609.92,609.46,609,608.53,608.05,607.55,607.06,606.56,606.04,605.53,605,604.47,603.93,603.39,602.84,602.29,601.73,601.17,600.6,600.02,599.45,598.87,598.29,597.7,597.12,596.53,595.94,595.34,594.74,594.15,593.54,592.94,592.34,591.73,591.12,590.51,589.9,589.28,588.67,588.05,587.43,586.81,586.19,585.57,584.95,584.32,583.7,583.07
610.61,610.67,610.63,610.53,610.37,610.17,609.96,609.71,609.45,609.67,609.28,608.85,608.43,607.99,607.54,607.08,606.62,606.14,605.66,605.16,604.66,604.16,603.64,603.13,602.6,602.07,601.53,600.98,600.43,599.88,599.32,598.76,598.19,597.62,597.05,596.47,595.89,595.31,594.72,594.14,593.55,592.96,592.36,591.77,591.17,590.57,589.97,589.36,588.76,588.15,587.54,586.93,586.32,585.7,585.09,584.47,583.86,583.24,582.62,582
608.48,608.69,608.72,608.68,608.6,608.43,608.26,608.03,607.8,607.54,607.26,607.39,606.98,606.56,606.13,605.68,605.22,604.77,604.29,603.81,603.32,602.83,602.32,601.82,601.3,600.78,600.25,599.72,599.18,598.64,598.08,597.53,596.97,596.41,595.84,595.28,594.7,594.13,593.55,592.97,592.39,591.8,591.21,590.62,590.03,589.44,588.84,588.24,587.64,587.04,586.44,585.84,585.23,584.62,584.01,583.4,582.79,582.18,581.56,580.95
605.89,606.56,606.77,606.83,606.81,606.69,606.55,606.38,606.16,605.93,605.67,605.4,605.57,605.16,604.74,604.3,603.86,603.41,602.96,602.48,602.01,601.52,601.03,600.54,600.03,599.52,599,598.48,597.95,597.42,596.88,596.33,595.78,595.23,594.67,594.11,593.55,592.97,592.4,591.83,591.25,590.68,590.09,589.51,588.92,588.34,587.75,587.15,586.56,585.97,585.37,584.77,584.17,583.57,582.96,582.36,581.75,581.14,580.54,579.92
552.36,603.85,604.63,604.88,604.96,604.94,604.85,604.7,604.53,604.33,604.1,603.84,603.57,603.77,603.37,602.95,602.53,602.08,601.64,601.18,600.72,600.25,599.77,599.28,598.79,598.29,597.78,597.27,596.75,596.22,595.69,595.16,594.62,594.07,593.52,592.97,592.41,591.85,591.28,590.72,590.15,589.57,589,588.42,587.84,587.26,586.67,586.09,585.5,584.91,584.32,583.72,583.13,582.53,581.93,581.33,580.73,580.13,579.53,578.92
551.44,550.68,601.56,602.7,603.02,603.12,603.1,603.03,602.89,602.72,602.51,602.29,602.04,601.78,601.49,601.62,601.21,600.78,600.35,599.91,599.46,598.99,598.53,598.05,597.57,597.07,596.58,596.08,595.57,595.05,594.53,594,593.47,592.93,592.39,591.84,591.29,590.74,590.19,589.62,589.06,588.49,587.92,587.35,586.78,586.2,585.62,585.04,584.46,583.88,583.29,582.7,582.11,581.52,580.93,580.33,579.73,579.14,578.54,577.94
550.55,549.79,549.04,548.28,600.76,601.12,601.26,601.28,601.21,601.09,600.94,600.75,600.52,600.28,600.01,599.73,599.91,599.5,599.07,598.64,598.2,597.75,597.3,596.83,596.35,595.88,595.39,594.9,594.4,593.89,593.38,592.86,592.34,591.81,591.28,590.74,590.2,589.66,589.1,588.55,587.99,587.44,586.87,586.31,585.74,585.17,584.59,584.02,583.44,582.86,582.28,581.7,581.11,580.53,579.94,579.35,578.76,578.16,577.57,576.97
549.7,548.95,548.2,547.44,546.69,598.75,599.26,599.45,599.49,599.44,599.34,599.18,598.99,598.79,598.54,598.28,598,597.71,597.8,597.39,596.96,596.52,596.08,595.63,595.16,594.7,594.22,593.74,593.25,592.75,592.25,591.75,591.23,590.71,590.19,589.66,589.13,588.59,588.05,587.5,586.95,586.4,585.84,585.28,584.72,584.15,583.58,583.01,582.44,581.87,581.29,580.71,580.13,579.55,578.97,578.38,577.79,577.2,576.61,576.02
548.88,548.13,547.39,546.63,545.88,545.13,596.68,597.4,597.62,597.71,597.68,597.59,597.43,597.25,597.04,596.8,596.56,596.27,595.99,596.13,595.73,595.3,594.87,594.43,593.98,593.52,593.06,592.59,592.11,591.63,591.14,590.64,590.13,589.62,589.11,588.59,588.07,587.53,587,586.46,585.92,585.37,584.82,584.27,583.71,583.15,582.59,582.02,581.45,580.88,580.31,579.74,579.16,578.58,578,577.42,576.84,576.26,575.67,575.08
548.09,547.34,546.6,545.84,545.1,544.36,543.61,594.07,595.48,595.8,595.91,595.9,595.83,595.69,595.52,595.32,595.09,594.86,594.58,594.31,594.01,594.09,593.67,593.24,592.81,592.33,591.92,591.45,590.99,590.51,590.03,589.54,589.04,588.55,588.04,587.53,587.01,586.49,585.96,585.43,584.89,584.35,583.81,583.26,582.71,582.15,581.6,581.04,580.47,579.91,579.34,578.77,578.2,577.63,577.06,576.48,575.9,575.32,574.74,574.16
547.31,546.58,545.82,545.08,544.35,543.61,542.86,542.12,541.37,593.47,593.95,594.11,594.14,594.09,593.97,593.82,593.64,593.42,593.17,592.91,592.65,592.35,592.47,592.06,591.64,591.21,590.77,590.32,589.86,589.4,588.92,588.44,587.96,587.46,586.97,586.47,585.96,585.44,584.92,584.4,583.87,583.34,582.8,582.26,581.72,581.17,580.62,580.06,579.51,578.95,578.39,577.82,577.26,576.69,576.12,575.55,574.98,574.4,573.82,573.24
546.55,545.83,545.08,544.35,543.61,542.87,542.13,541.39,540.64,539.9,591.28,592.08,592.33,592.39,592.37,592.28,592.14,591.96,591.73,591.51,591.25,590.97,590.69,590.39,590.46,589.75,589.61,589.17,588.73,588.28,587.82,587.34,586.87,586.39,585.9,585.41,584.91,584.4,583.89,583.38,582.86,582.34,581.8,581.27,580.73,580.2,579.65,579.1,578.55,578,577.44,576.88,576.32,575.76,575.2,574.63,574.06,573.49,572.92,572.34
545.83,545.09,544.35,543.63,542.89,542.15,541.41,540.67,539.93,539.2,538.46,537.72,590.15,590.53,590.64,590.64,590.58,590.44,590.26,590.06,589.83,589.59,589.33,589.03,588.74,588.43,588.46,588.03,587.6,587.15,586.71,586.25,585.79,585.32,584.84,584.35,583.87,583.37,582.87,582.36,581.85,581.34,580.82,580.29,579.76,579.23,578.69,578.15,577.61,577.06,576.51,575.95,575.4,574.84,574.28,573.71,573.15,572.59,572.02,571.45
545.11,544.37,543.65,542.92,542.18,541.44,540.71,539.98,539.25,538.51,537.78,537.04,536.3,588.07,588.66,588.87,588.89,588.85,588.73,588.59,588.41,588.16,587.93,587.67,587.4,587.11,586.81,586.48,586.47,586.04,585.6,585.11,584.73,584.25,583.78,583.31,582.83,582.34,581.85,581.35,580.85,580.34,579.83,579.32,578.79,578.26,577.74,577.2,576.66,576.12,575.58,575.02,574.47,573.92,573.36,572.8,572.24,571.68,571.11,570.55
544.4,543.67,542.96,542.22,541.49,540.76,540.03,539.31,538.58,537.85,537.11,536.37,535.64,534.9,585.4,586.73,587.05,587.12,587.13,587.04,586.9,586.72,586.53,586.29,586.04,585.77,585.49,585.19,584.88,584.92,584.5,583.88,583.63,583.15,582.78,582.26,581.79,581.31,580.83,580.34,579.85,579.35,578.84,578.33,577.81,577.29,576.77,576.24,575.71,575.17,574.63,574.09,573.55,573,572.45,571.89,571.34,570.78,570.22,569.66
543.71,542.98,542.26,541.54,540.81,540.09,539.37,538.64,537.91,537.17,536.44,535.71,534.98,534.25,533.52,532.78,584.68,585.19,585.36,585.4,585.35,585.22,585.07,584.89,584.65,584.43,584.15,583.88,583.58,583.29,582.96,582.63,582.53,582.09,581.65,581.2,580.74,580.26,579.79,579.31,578.82,578.34,577.84,577.33,576.83,576.32,575.8,575.29,574.76,574.23,573.7,573.17,572.63,572.08,571.54,570.99,570.44,569.88,569.33,568.77
543.03,542.31,541.58,540.87,540.15,539.43,538.7,537.98,537.25,536.52,535.79,535.07,534.34,533.61,532.88,532.15,531.42,582.13,583.26,583.55,583.65,583.63,583.54,583.42,583.23,583.02,582.78,582.52,582.26,581.96,581.67,581.35,581.02,580.99,580.56,580.11,579.62,579.21,578.75,578.28,577.8,577.32,576.84,576.35,575.85,575.35,574.84,574.32,573.81,573.29,572.76,572.23,571.7,571.17,570.63,570.08,569.54,568.99,568.44,567.88
542.35,541.63,540.92,540.2,539.48,538.76,538.04,537.32,536.6,535.87,535.15,534.43,533.7,532.97,532.25,531.52,530.79,530.06,529.33,581.21,581.71,581.86,581.9,581.84,581.71,581.57,581.38,581.15,580.9,580.64,580.35,580.06,579.76,579.43,579.1,579.03,578.41,578.05,577.68,577.24,576.78,576.31,575.83,575.35,574.86,574.36,573.87,573.36,572.85,572.34,571.82,571.3,570.77,570.25,569.71,569.17,568.64,568.09,567.54,567
541.69,540.97,540.26,539.54,538.82,538.1,537.39,536.68,535.96,535.24,534.51,533.79,533.07,532.34,531.62,530.89,530.17,529.44,528.71,527.99,527.26,579.72,580.06,580.13,580.12,580.04,579.89,579.73,579.51,579.27,579.03,578.75,578.46,578.16,577.84,577.52,577.18,577.08,576.48,576.19,575.74,575.28,574.81,574.34,573.86,573.37,572.88,572.39,571.89,571.38,570.87,570.36,569.84,569.31,568.79,568.26,567.73,567.19,566.65,566.1
541.04,540.32,539.61,538.89,538.18,537.46,536.75,536.04,535.32,534.6,533.88,533.16,532.44,531.72,531,530.27,529.55,528.83,528.1,527.38,526.65,525.93,577.57,578.15,578.36,578.4,578.33,578.21,578.05,577.87,577.65,577.4,577.15,576.86,576.56,576.25,575.93,575.6,575.25,574.9,574.54,574.17,573.78,573.32,572.85,572.37,571.89,571.4,570.91,570.41,569.91,569.41,568.9,568.38,567.86,567.34,566.81,566.28,565.75,565.21
540.39,539.67,538.96,538.25,537.54,536.83,536.12,535.4,534.68,533.97,533.25,532.54,531.82,531.1,530.38,529.66,528.94,528.22,527.5,526.78,526.06,525.33,524.61,523.89,576.15,576.51,576.61,576.62,576.52,576.39,576.22,576.01,575.77,575.51,575.26,574.96,574.65,574.34,574.02,573.69,573.33,572.98,572.61,572.28,571.86,571.36,570.89,570.41,569.93,569.44,568.95,568.45,567.95,567.44,566.93,566.41,565.89,565.37,564.84,564.31
539.74,539.03,538.32,537.61,536.9,536.2,535.48,534.77,534.05,533.34,532.63,531.92,531.2,530.49,529.77,529.06,528.34,527.62,526.9,526.18,525.46,524.74,524.02,523.3,522.58,573.76,574.57,574.78,574.84,574.81,574.7,574.55,574.36,574.13,573.89,573.64,573.36,573.05,572.76,572.43,572.1,571.75,571.4,571.05,570.67,570.34,569.88,569.4,568.94,568.45,567.97,567.48,566.98,566.49,565.99,565.48,564.97,564.45,563.93,563.4
539.1,538.39,537.68,536.98,536.27,535.56,534.85,534.14,533.43,532.72,532.01,531.3,530.59,529.88,529.16,528.45,527.73,527.02,526.3,525.58,524.86,524.15,523.43,522.71,521.99,521.27,520.55,572.44,572.9,573.06,573.08,572.98,572.87,572.68,572.48,572.26,572.01,571.75,571.44,571.15,570.84,570.51,570.18,569.83,569.49,569.12,568.75,568.37,567.92,567.45,566.99,566.5,566.02,565.53,565.03,564.53,564.03,563.52,563,562.49
538.47,537.76,537.05,536.35,535.64,534.93,534.22,533.52,532.81,532.1,531.4,530.69,529.98,529.27,528.56,527.84,527.13,526.41,525.7,524.98,524.27,523.55,522.84,522.12,521.4,520.69,519.97,519.25,518.53,570.88,571.18,571.27,571.25,571.16,571.02,570.83,570.61,570.38,570.12,569.85,569.56,569.24,568.94,568.61,568.26,567.91,567.56,567.36,566.9,566.45,566.04,565.66,565.03,564.56,564.07,563.57,563.07,562.57,562.07,561.56
537.84,537.13,536.43,535.72,535.01,534.31,533.6,532.9,532.19,531.49,530.78,530.08,529.37,528.66,527.95,527.24,526.53,525.81,525.1,524.39,523.68,522.96,522.25,521.54,520.82,520.11,519.39,518.68,517.96,517.25,568.48,569.22,569.43,569.49,569.44,569.33,569.16,568.98,568.74,568.5,568.22,567.95,567.65,567.35,567.02,566.68,566.35,565.99,565.86,565.26,564.96,564.5,564.03,563.56,563.08,562.6,562.11,561.62,561.12,560.62
537.22,536.51,535.81,535.1,534.39,533.69,532.99,532.28,531.58,530.88,530.17,529.47,528.76,528.05,527.34,526.63,525.93,525.22,524.51,523.8,523.09,522.38,521.67,520.96,520.25,519.53,518.82,518.11,517.39,516.68,515.97,515.25,567.04,567.51,567.66,567.68,567.61,567.47,567.29,567.08,566.87,566.61,566.33,566.04,565.74,565.43,565.1,564.76,564.41,564.05,563.7,563.33,563.01,562.56,562.08,561.61,561.13,560.65,560.16,559.66
536.6,535.9,535.19,534.48,533.78,533.08,532.37,531.67,530.97,530.26,529.56,528.86,528.15,527.45,526.74,526.03,525.33,524.63,523.92,523.21,522.5,521.8,521.09,520.38,519.67,518.96,518.25,517.54,516.82,516.11,515.4,514.69,513.97,513.26,565.39,565.76,565.87,565.84,565.74,565.6,565.41,565.2,564.96,564.7,564.42,564.13,563.82,563.5,563.17,562.83,562.49,562.13,561.76,561.38,561.07,560.6,560.13,559.82,559.18,558.69
536,535.29,534.57,533.87,533.17,532.46,531.76,531.06,530.35,529.65,528.95,528.25,527.54,526.84,526.14,525.44,524.73,524.03,523.32,522.62,521.92,521.21,520.5,519.8,519.09,518.38,517.67,516.96,516.25,515.54,514.83,514.12,513.41,512.7,511.99,562.45,563.69,563.95,564.03,563.99,563.87,563.71,563.52,563.31,563.05,562.78,562.51,562.21,561.89,561.59,561.24,560.9,560.55,560.19,559.82,559.45,559.12,558.66,558.18,557.87
535.4,534.69,533.97,533.26,532.56,531.85,531.15,530.44,529.74,529.04,528.34,527.64,526.94,526.24,525.54,524.84,524.14,523.43,522.73,522.03,521.33,520.62,519.92,519.21,518.51,517.8,517.09,516.39,515.68,514.97,514.26,513.55,512.84,512.13,511.43,510.72,510.01,561.22,561.96,562.15,562.17,562.12,561.99,561.83,561.63,561.4,561.15,560.87,560.59,560.29,559.98,559.66,559.32,558.98,558.61,558.25,557.89,557.5,557.11,556.71
534.8,534.09,533.37,532.66,531.95,531.25,530.54,529.84,529.13,528.44,527.74,527.04,526.34,525.64,524.94,524.24,523.54,522.84,522.14,521.43,520.73,520.03,519.33,518.63,517.92,517.22,516.51,515.81,515.1,514.4,513.69,512.99,512.28,511.57,510.87,510.16,509.45,508.75,508.04,559.61,560.15,560.31,560.32,560.23,560.1,559.94,559.73,559.5,559.24,558.96,558.68,558.36,558.05,557.72,557.38,557.03,556.67,556.31,555.93,555.69
534.21,533.49,532.78,532.07,531.35,530.64,529.94,529.23,528.53,527.83,527.14,526.44,525.74,525.04,524.34,523.64,522.94,522.24,521.54,520.84,520.14,519.44,518.74,518.04,517.34,516.64,515.94,515.24,514.53,513.83,513.13,512.42,511.72,511.01,510.31,509.6,508.9,508.19,507.49,506.78,506.07,557.9,558.31,558.46,558.43,558.34,558.21,558.02,557.81,557.57,557.31,557.02,556.73,556.43,556.11,555.78,555.43,555.09,554.72,554.36
533.63,532.91,532.2,531.48,530.76,530.05,529.34,528.64,527.94,527.24,526.54,525.84,525.14,524.44,523.74,523.04,522.34,521.65,520.95,520.25,519.55,518.85,518.15,517.46,516.76,516.06,515.36,514.66,513.96,513.26,512.56,511.86,511.15,510.45,509.75,509.04,508.34,507.64,506.93,506.23,505.52,504.82,504.12,556.12,556.47,556.57,556.54,556.43,556.29,556.09,555.87,555.64,555.36,555.08,554.8,554.49,554.16,553.83,553.48,553.14
533.06,532.34,531.62,530.89,530.18,529.47,528.76,528.05,527.35,526.64,525.94,525.23,524.53,523.84,523.14,522.44,521.75,521.05,520.35,519.66,518.96,518.27,517.57,516.87,516.18,515.48,514.79,514.09,513.39,512.69,511.99,511.29,510.59,509.89,509.19,508.48,507.78,507.08,506.38,505.67,504.97,504.27,503.57,502.86,502.16,554.25,554.58,554.65,554.61,554.51,554.36,554.18,553.95,553.71,553.44,553.15,552.85,552.53,552.2,551.88
532.51,531.77,531.05,530.32,529.6,528.89,528.18,527.47,526.76,526.05,525.34,524.64,523.94,523.24,522.54,521.85,521.15,520.46,519.76,519.07,518.37,517.68,516.99,516.29,515.59,514.9,514.2,513.51,512.81,512.11,511.42,510.72,510.02,509.32,508.62,507.92,507.22,506.52,505.82,505.12,504.42,503.72,503.02,502.32,501.62,500.92,500.22,552.37,552.66,552.74,552.69,552.59,552.42,552.24,552.01,551.76,551.49,551.19,550.9,550.58
531.95,531.22,530.48,529.76,529.04,528.32,527.6,526.89,526.17,525.46,524.75,524.05,523.35,522.65,521.95,521.26,520.56,519.86,519.17,518.48,517.78,517.09,516.4,515.7,515.01,514.31,513.62,512.92,512.23,511.53,510.84,510.14,509.45,508.75,508.05,507.36,506.66,505.96,505.26,504.56,503.86,503.17,502.47,501.77,501.07,500.37,499.67,498.97,498.28,550.49,550.75,550.81,550.76,550.64,550.49,550.28,550.05,549.8,549.52,549.24
531.4,530.66,529.92,529.2,528.47,527.75,527.03,526.31,525.59,524.88,524.17,523.47,522.76,522.06,521.36,520.67,519.97,519.27,518.58,517.88,517.19,516.5,515.8,515.11,514.42,513.73,513.03,512.34,511.65,510.95,510.26,509.57,508.87,508.18,507.48,506.79,506.09,505.4,504.7,504,503.31,502.61,501.92,501.22,500.52,499.83,499.13,498.43,497.74,497.04,496.34,548.53,548.8,548.86,548.8,548.68,548.53,548.31,548.07,547.84
530.85,530.11,529.37,528.65,527.91,527.18,526.46,525.74,525.02,524.31,523.6,522.89,522.18,521.48,520.78,520.08,519.38,518.68,517.98,517.29,516.6,515.9,515.21,514.52,513.83,513.14,512.45,511.76,511.07,510.38,509.68,508.99,508.3,507.61,506.91,506.22,505.53,504.83,504.14,503.44,502.75,502.06,501.36,500.67,499.97,499.28,498.58,497.89,497.19,496.5,495.8,495.11,494.41,546.59,546.83,546.88,546.84,546.72,546.55,546.34
530.32,529.57,528.83,528.1,527.36,526.63,525.9,525.18,524.46,523.74,523.03,522.32,521.61,520.9,520.2,519.49,518.79,518.09,517.39,516.7,516,515.31,514.62,513.93,513.24,512.55,511.87,511.18,510.49,509.8,509.11,508.42,507.72,507.03,506.34,505.65,504.96,504.27,503.58,502.88,502.19,501.5,500.81,500.11,499.42,498.73,498.03,497.34,496.65,495.95,495.26,494.57,493.87,493.18,492.49,544.53,544.83,544.89,544.85,544.72
529.8,529.04,528.3,527.56,526.82,526.08,525.35,524.63,523.9,523.18,522.46,521.75,521.04,520.33,519.62,518.91,518.21,517.51,516.81,516.11,515.42,514.73,514.04,513.35,512.66,511.97,511.28,510.59,509.9,509.22,508.53,507.84,507.15,506.46,505.77,505.08,504.39,503.7,503.01,502.32,501.63,500.94,500.25,499.56,498.87,498.17,497.48,496.79,496.1,495.41,494.72,494.02,493.33,492.64,491.95,491.26,490.56,542.49,542.79,542.88
529.27,528.52,527.78,527.02,526.28,525.55,524.81,524.08,523.35,522.63,521.91,521.19,520.47,519.76,519.05,518.34,517.63,516.93,516.23,515.53,514.84,514.14,513.45,512.76,512.07,511.38,510.69,510.01,509.32,508.63,507.95,507.26,506.57,505.88,505.19,504.5,503.82,503.13,502.44,501.75,501.06,500.38,499.69,499,498.31,497.62,496.93,496.24,495.55,494.86,494.17,493.48,492.79,492.1,491.41,490.72,490.03,489.34,488.65,540.36
528.76,528.01,527.25,526.5,525.75,525.02,524.28,523.54,522.81,522.08,521.36,520.63,519.91,519.2,518.48,517.77,517.06,516.36,515.66,514.96,514.26,513.56,512.87,512.18,511.49,510.8,510.11,509.42,508.73,508.05,507.36,506.67,505.99,505.3,504.61,503.93,503.24,502.55,501.87,501.18,500.5,499.81,499.12,498.43,497.75,497.06,496.37,495.68,495,494.31,493.62,492.93,492.24,491.56,490.87,490.18,489.49,488.8,488.12,487.43
528.26,527.5,526.74,525.98,525.24,524.49,523.75,523.01,522.27,521.54,520.81,520.08,519.36,518.64,517.92,517.21,516.5,515.79,515.09,514.38,513.68,512.99,512.29,511.6,510.9,510.21,509.52,508.83,508.15,507.46,506.77,506.09,505.4,504.72,504.03,503.35,502.66,501.98,501.3,500.61,499.92,499.24,498.56,497.87,497.19,496.5,495.81,495.13,494.44,493.75,493.07,492.38,491.7,491.01,490.32,489.64,488.95,488.27,487.58,486.89
527.75,527,526.23,525.47,524.72,523.97,523.22,522.48,521.74,521,520.27,519.54,518.82,518.09,517.37,516.66,515.94,515.23,514.52,513.82,513.11,512.41,511.71,511.02,510.32,509.63,508.94,508.25,507.56,506.87,506.19,505.5,504.82,504.14,503.45,502.77,502.09,501.4,500.72,500.04,499.35,498.67,497.99,497.31,496.62,495.94,495.25,494.57,493.88,493.2,492.52,491.83,491.15,490.46,489.78,489.09,488.41,487.72,487.04,486.36
527.26,526.5,525.73,524.97,524.21,523.46,522.71,521.96,521.22,520.48,519.74,519.01,518.28,517.55,516.83,516.11,515.39,514.68,513.96,513.25,512.55,511.84,511.14,510.44,509.75,509.05,508.36,507.67,506.98,506.29,505.61,504.92,504.24,503.55,502.87,502.19,501.51,500.83,500.14,499.46,498.78,498.1,497.42,496.73,496.05,495.37,494.69,494.01,493.33,492.64,491.96,491.28,490.59,489.91,489.23,488.54,487.86,487.18,486.5,485.81
526.78,526.01,525.24,524.47,523.71,522.95,522.2,521.45,520.7,519.96,519.22,518.48,517.75,517.02,516.29,515.57,514.84,514.12,513.41,512.7,511.99,511.28,510.57,509.87,509.17,508.48,507.78,507.09,506.4,505.71,505.02,504.34,503.66,502.97,502.29,501.61,500.93,500.25,499.57,498.89,498.21,497.53,496.84,496.16,495.48,494.8,494.12,493.44,492.76,492.08,491.4,490.72,490.04,489.36,488.67,487.99,487.31,486.63,485.95,485.27
526.3,525.52,524.75,523.98,523.22,522.45,521.69,520.94,520.19,519.44,518.7,517.96,517.22,516.49,515.76,515.03,514.3,513.58,512.86,512.14,511.43,510.72,510.01,509.31,508.61,507.91,507.21,506.52,505.83,505.14,504.45,503.76,503.07,502.39,501.71,501.03,500.34,499.66,498.99,498.31,497.63,496.95,496.27,495.59,494.91,494.23,493.55,492.87,492.19,491.52,490.84,490.16,489.48,488.8,488.12,487.44,486.76,486.08,485.4,484.72
525.82,525.04,524.27,523.5,522.73,521.96,521.2,520.44,519.69,518.94,518.19,517.45,516.71,515.97,515.23,514.5,513.77,513.04,512.32,511.6,510.88,510.17,509.46,508.75,508.05,507.34,506.65,505.95,505.26,504.56,503.87,503.18,502.5,501.81,501.13,500.44,499.76,499.08,498.4,497.73,497.05,496.37,495.69,495.01,494.34,493.66,492.98,492.3,491.63,490.95,490.27,489.6,488.92,488.24,487.56,486.88,486.21,485.53,484.85,484.17
525.35,524.57,523.79,523.02,522.24,521.47,520.71,519.95,519.19,518.44,517.69,516.94,516.19,515.45,514.71,513.97,513.24,512.51,511.78,511.06,510.34,509.63,508.91,508.2,507.49,506.79,506.09,505.39,504.69,504,503.3,502.61,501.92,501.23,500.55,499.87,499.18,498.5,497.82,497.14,496.47,495.79,495.11,494.44,493.76,493.09,492.41,491.73,491.06,490.38,489.7,489.03,488.35,487.68,487,486.33,485.65,484.97,484.3,483.62
524.89,524.1,523.32,522.55,521.77,521,520.23,519.46,518.7,517.94,517.19,516.44,515.69,514.94,514.2,513.46,512.72,511.99,511.26,510.53,509.81,509.09,508.37,507.66,506.95,506.24,505.53,504.83,504.13,503.43,502.73,502.04,501.35,500.66,499.97,499.29,498.6,497.92,497.24,496.56,495.88,495.21,494.53,493.86,493.18,492.5,491.83,491.16,490.48,489.81,489.13,488.46,487.78,487.11,486.44,485.77,485.09,484.42,483.74,483.07
524.41,523.64,522.85,522.08,521.3,520.52,519.75,518.98,518.21,517.45,516.69,515.94,515.18,514.44,513.69,512.95,512.21,511.47,510.74,510.01,509.28,508.55,507.83,507.12,506.4,505.69,504.98,504.28,503.58,502.88,502.18,501.48,500.79,500.1,499.41,498.72,498.03,497.35,496.67,495.99,495.31,494.63,493.95,493.28,492.6,491.93,491.25,490.58,489.91,489.23,488.57,487.89,487.22,486.55,485.87,485.2,484.53,483.86,483.18,482.51
