105,123.73,142.46,161.19,179.92,198.64,217.37,236.1,254.83,273.56,292.29,311.02,329.75,348.47,367.2,385.93,404.66,423.39,442.12,460.85,479.58,498.31,517.03,535.76,554.49,573.22,591.95,610.68,629.41,648.14,666.86,685.59,704.32,723.05,741.78,760.51,779.24,797.97,816.69,835.42,854.15,872.88,891.61,910.34,929.07,947.8,966.53,985.25,1004,1022.7,1041.4,1060.2,1078.9,1097.6,1116.4,1135.1,1153.8,1172.5,1191.3,1210
0.6,0.60593,0.61186,0.6178,0.62373,0.62966,0.63559,0.64153,0.64746,0.65339,0.65932,0.66525,0.67119,0.67712,0.68305,0.68898,0.69492,0.70085,0.70678,0.71271,0.71864,0.72458,0.73051,0.73644,0.74237,0.74831,0.75424,0.76017,0.7661,0.77203,0.77797,0.7839,0.78983,0.79576,0.80169,0.80763,0.81356,0.81949,0.82542,0.83136,0.83729,0.84322,0.84915,0.85508,0.86102,0.86695,0.87288,0.87881,0.88475,0.89068,0.89661,0.90254,0.90847,0.91441,0.92034,0.92627,0.9322,0.93814,0.94407,0.95
139.15,138.82,138.61,138.47,138.39,138.34,138.32,138.32,138.33,138.35,138.39,138.44,138.51,138.6,138.72,138.86,139.03,139.23,139.45,139.7,139.96,140.24,140.53,140.83,141.14,141.45,141.75,142.05,142.34,142.62,142.89,143.13,143.35,143.55,143.72,143.87,143.99,144.08,144.14,144.17,144.17,144.14,144.08,143.99,143.88,143.74,143.57,143.38,143.17,142.94,142.68,142.41,142.12,141.81,141.48,141.14,140.78,140.41,140.03,139.63
125.69,125.74,125.85,126,126.18,126.42,126.7,127.01,127.36,127.75,128.16,128.6,129.06,129.54,130.04,130.54,131.05,131.55,132.04,132.53,132.99,133.44,133.87,134.27,134.64,134.98,135.29,135.57,135.81,136.02,136.19,136.32,136.43,136.5,136.53,136.54,136.52,136.46,136.38,136.28,136.15,136,135.82,135.63,135.41,135.18,134.93,134.67,134.39,134.09,133.78,133.46,133.13,132.79,132.43,132.07,131.69,131.31,130.91,130.51
126.49,126.96,127.48,128.03,128.6,129.18,129.77,130.35,130.92,131.48,124.24,123.54,123.19,122.96,122.79,122.66,122.55,122.46,122.37,122.29,122.21,122.12,122.03,121.94,121.85,121.76,121.67,121.59,121.51,121.43,121.36,121.29,121.23,121.16,121.1,121.05,120.99,120.93,120.88,120.82,120.76,120.7,120.64,120.58,120.51,120.44,120.37,120.29,120.2,120.11,120.02,119.91,119.8,119.69,119.56,119.42,119.28,119.12,118.96,118.78
112.6,112.56,112.61,112.69,112.8,112.96,113.14,113.34,113.57,113.83,114.1,114.39,114.69,115.01,115.34,115.68,116.02,116.37,116.72,117.07,117.41,117.74,118.07,118.39,118.69,118.99,119.26,119.52,119.76,119.98,120.17,120.35,120.5,120.63,120.73,120.82,120.87,120.91,120.92,120.91,120.88,120.83,120.75,120.66,120.55,120.42,120.27,120.11,119.93,119.73,119.52,119.3,119.07,118.82,118.56,118.29,118.01,117.71,117.41,117.1
110.63,110.47,110.34,108.63,108.54,110.1,108.41,108.36,108.32,108.29,108.27,108.25,108.23,108.22,108.21,108.21,108.22,109.48,109.44,109.42,109.39,109.37,109.36,109.35,109.35,109.35,109.35,109.36,109.37,109.39,109.4,109.42,109.44,109.47,109.49,109.51,109.53,109.55,109.57,109.58,109.59,109.6,109.61,109.61,109.61,109.6,109.58,109.56,109.53,109.49,109.44,109.38,109.32,109.24,109.16,109.06,108.96,108.84,108.71,108.57
112.96,113.08,113.26,113.49,113.77,114.05,114.38,114.7,115.04,115.37,115.71,116.03,109.82,109.23,108.92,108.72,108.56,108.43,108.33,108.24,108.15,108.07,108,107.92,107.84,107.76,107.67,107.58,107.48,107.38,107.28,107.17,107.06,106.96,106.85,106.74,106.63,106.52,106.41,106.3,106.19,106.08,105.96,105.85,105.73,105.61,105.49,105.37,105.25,105.12,105,104.86,104.73,104.59,104.45,104.31,104.16,104.01,103.86,103.7
103.88,103.79,103.8,103.87,103.97,104.12,104.29,104.46,104.68,104.9,105.15,105.39,105.64,105.9,106.17,106.43,106.69,106.96,107.22,107.47,107.72,107.96,108.19,108.41,108.62,108.81,109,109.17,109.32,109.46,109.58,109.68,109.77,109.84,109.89,109.93,109.95,109.95,109.94,109.91,109.86,109.8,109.72,109.63,109.52,109.41,109.27,109.13,108.97,108.8,108.62,108.43,108.23,108.02,107.8,107.57,107.34,107.09,106.84,106.58
98.934,98.745,98.627,98.564,98.522,98.529,98.547,98.586,98.647,98.72,98.805,98.908,99.019,99.144,99.273,99.412,99.558,99.709,99.867,100.03,100.19,100.35,100.52,100.68,100.84,101,101.16,101.32,101.47,101.62,101.75,101.89,102.01,102.13,102.24,102.34,102.43,102.51,102.58,102.64,102.68,102.72,102.74,102.75,102.74,102.73,102.7,102.66,102.61,102.54,102.46,102.37,102.27,102.16,102.04,101.9,101.76,101.6,101.43,101.26
96.568,96.32,96.151,96.007,95.897,95.818,95.752,95.695,95.654,95.631,95.615,95.609,95.61,95.622,95.638,95.662,95.692,95.729,95.772,95.818,95.87,95.926,95.986,96.049,96.115,96.184,96.254,96.327,96.4,96.473,96.545,96.617,96.687,96.755,96.822,96.885,96.946,97.002,97.055,97.104,97.148,97.186,97.219,97.246,97.266,97.28,97.286,97.285,97.276,97.259,97.234,97.201,97.158,97.107,97.048,96.979,96.901,96.814,96.718,96.613
95.414,95.151,94.947,94.799,94.675,94.573,94.48,94.399,94.326,94.257,94.192,94.131,94.074,94.02,93.972,93.929,93.889,93.854,93.822,93.795,93.769,93.748,93.73,93.714,93.701,93.691,93.683,93.677,93.672,93.669,93.668,93.668,93.668,93.669,93.671,93.673,93.674,93.675,93.675,93.674,93.671,93.665,93.658,93.648,93.635,93.619,93.601,93.579,93.553,93.524,93.49,93.452,93.41,93.363,93.31,93.253,93.19,93.122,93.048,92.968
96.627,96.33,96.113,95.945,95.809,95.707,95.614,95.53,95.456,93.633,93.558,93.487,93.426,93.363,93.304,93.246,93.189,93.131,93.074,93.014,92.955,92.894,92.834,92.773,92.715,92.657,92.602,92.547,92.492,92.44,92.388,92.337,92.287,92.237,92.188,92.138,92.09,92.041,91.992,91.943,91.894,91.844,91.793,91.742,91.689,91.635,91.58,91.523,91.465,92.334,92.243,92.15,92.055,91.958,91.858,91.756,91.652,91.544,91.434,91.322
103.61,103.34,103.19,103.08,103.02,103.04,103.06,103.11,95.885,95.476,95.225,95.048,94.909,94.796,94.701,94.618,94.546,94.478,94.414,94.353,94.293,94.233,94.173,94.112,94.048,93.981,93.912,93.84,93.765,93.685,93.603,93.517,93.428,93.337,93.243,93.148,93.051,92.954,92.855,92.755,92.655,92.554,92.453,92.35,92.247,92.142,92.037,91.93,91.823,91.714,91.604,91.493,91.38,91.266,91.15,91.032,90.913,90.792,90.668,90.543
98.757,98.424,98.235,98.104,97.988,97.935,97.915,97.938,97.969,98.012,98.081,98.17,98.256,98.348,98.459,98.558,98.676,98.788,98.904,99.019,99.126,99.235,99.335,99.438,94.648,94.387,94.216,94.084,93.975,93.88,93.795,93.717,93.642,93.571,93.501,93.431,93.361,93.29,93.217,93.142,93.066,92.987,92.905,92.821,92.734,92.645,92.553,92.46,92.365,92.268,92.171,92.074,91.977,91.88,91.786,91.694,91.606,91.522,91.447,91.383
94.932,94.571,94.277,94.084,93.944,93.868,93.81,93.799,93.794,93.796,93.837,93.89,93.941,94.018,94.098,94.186,94.275,94.371,94.475,94.574,94.672,94.776,94.88,94.979,95.08,95.174,95.266,95.355,95.438,95.515,95.585,95.649,95.708,95.759,95.801,95.836,95.864,95.881,95.89,95.89,95.881,95.863,95.835,95.798,95.752,95.696,95.631,95.556,95.472,95.38,95.278,95.167,95.048,94.919,94.783,94.638,94.486,94.325,94.157,93.981
91.913,91.528,91.228,90.978,90.821,90.677,90.593,90.537,90.494,90.495,90.501,90.51,90.55,90.589,90.643,90.695,90.763,90.833,90.911,90.991,91.069,91.153,91.241,91.325,91.412,91.497,91.582,91.666,91.747,91.825,91.9,91.973,92.04,92.103,92.16,92.213,92.259,92.298,92.332,92.359,92.378,92.391,92.396,92.393,92.383,92.364,92.338,92.303,92.259,92.208,92.148,92.08,92.003,91.918,91.826,91.725,91.615,91.498,91.374,91.241
89.585,89.143,88.815,88.581,88.37,88.24,88.126,88.043,87.984,87.941,87.913,87.907,87.914,87.918,87.947,87.98,88.023,88.064,88.111,88.164,88.222,88.285,88.35,88.408,88.479,88.545,88.612,88.681,88.749,88.816,88.88,88.944,89.005,89.065,89.121,89.174,89.223,89.269,89.31,89.346,89.378,89.404,89.424,89.44,89.448,89.451,89.448,89.438,89.421,89.397,89.366,89.329,89.283,89.231,89.171,89.104,89.03,88.948,88.859,88.762
87.78,87.329,86.972,86.708,86.516,86.365,86.235,86.128,86.047,85.997,85.946,85.906,85.887,85.874,85.879,85.879,85.895,85.915,85.941,85.971,86.006,86.043,86.086,86.129,86.175,86.219,86.269,86.316,86.367,86.414,86.465,86.515,86.561,86.609,86.655,86.699,86.74,86.781,86.817,86.851,86.883,86.909,86.934,86.953,86.969,86.98,86.986,86.988,86.984,86.975,86.961,86.941,86.915,86.883,86.845,86.801,86.75,86.694,86.631,86.561
86.41,85.942,85.59,85.323,85.118,84.929,84.801,84.68,84.588,84.514,84.445,84.396,84.352,84.319,84.3,84.286,84.278,84.272,84.275,84.285,84.296,84.31,84.33,84.355,84.379,84.407,84.436,84.467,84.498,84.529,84.561,84.594,84.626,84.658,84.691,84.721,84.75,84.779,84.806,84.832,84.856,84.876,84.895,84.911,84.925,84.935,84.942,84.945,84.945,84.941,84.933,84.921,84.904,84.882,84.856,84.825,84.789,84.748,84.701,84.649
85.381,84.906,84.553,84.279,84.058,83.869,83.719,83.589,83.484,83.385,83.311,83.246,83.191,83.141,83.1,83.071,83.041,83.021,83.006,82.998,82.989,82.985,82.987,82.99,82.996,83.007,83.016,83.029,83.041,83.057,83.075,83.091,83.108,83.125,83.143,83.16,83.176,83.193,83.207,83.222,83.235,83.247,83.257,83.265,83.272,83.276,83.278,83.278,83.275,83.269,83.261,83.249,83.234,83.216,83.194,83.168,83.138,83.104,83.066,83.024
84.602,84.117,83.762,83.496,83.252,83.07,82.907,82.77,82.651,82.548,82.461,82.376,82.31,82.246,82.194,82.149,82.106,82.072,82.04,82.015,81.993,81.972,81.957,81.944,81.935,81.928,81.922,81.919,81.918,81.916,81.918,81.919,81.922,81.926,81.93,81.935,81.938,81.943,81.946,81.949,81.951,81.953,81.953,81.952,81.95,81.947,81.941,81.935,81.927,81.916,81.903,81.888,81.871,81.851,81.828,81.803,81.774,81.743,81.708,81.669
84.001,83.505,83.171,82.871,82.645,82.456,82.286,82.154,82.03,81.915,81.817,81.733,81.65,81.583,81.51,81.454,81.399,81.352,81.307,81.272,81.235,81.204,81.176,81.148,81.125,81.104,81.085,81.069,81.053,81.039,81.025,81.014,81.004,80.994,80.986,80.978,80.97,80.962,80.955,80.948,80.939,80.931,80.922,80.912,80.902,80.89,80.877,80.864,80.848,80.832,80.813,80.793,80.771,80.747,80.722,80.694,80.663,80.63,80.595,80.557
83.576,83.047,82.687,82.412,82.175,81.987,81.819,81.68,81.549,81.437,81.338,81.241,81.153,81.079,81.006,80.938,80.876,80.816,80.762,80.711,80.665,80.623,80.583,80.546,80.511,80.478,80.448,80.42,80.392,80.368,80.344,80.321,80.298,80.278,80.257,80.238,80.22,80.201,80.183,80.165,80.147,80.13,80.112,80.093,80.075,80.055,80.035,80.014,79.992,79.969,79.945,79.919,79.892,79.863,79.833,79.801,79.768,79.732,79.695,79.655
83.245,82.716,82.353,82.072,81.83,81.644,81.48,81.333,81.207,81.085,80.98,80.88,80.787,80.701,80.626,80.55,80.483,80.418,80.358,80.299,80.246,80.193,80.143,80.097,80.052,80.01,79.969,79.931,79.894,79.859,79.826,79.794,79.762,79.732,79.702,79.672,79.644,79.617,79.589,79.562,79.535,79.509,79.482,79.455,79.428,79.401,79.373,79.345,79.317,79.287,79.257,79.226,79.194,79.16,79.126,79.09,79.052,79.013,78.972,78.93
83.046,82.483,82.085,81.805,81.574,81.382,81.218,81.078,80.947,80.822,80.713,80.616,80.519,80.433,80.351,80.273,80.201,80.129,80.063,80,79.939,79.881,79.825,79.77,79.719,79.669,79.62,79.573,79.528,79.484,79.442,79.401,79.361,79.322,79.285,79.247,79.211,79.175,79.139,79.104,79.07,79.035,79,78.966,78.931,78.897,78.862,78.827,78.791,78.756,78.719,78.682,78.645,78.606,78.567,78.527,78.485,78.442,78.398,78.353
82.864,82.276,81.894,81.598,81.386,81.194,81.037,80.891,80.766,80.644,80.54,80.433,80.338,80.247,80.162,80.08,80.003,79.931,79.86,79.792,79.727,79.663,79.601,79.542,79.485,79.429,79.374,79.322,79.269,79.218,79.169,79.121,79.074,79.028,78.981,78.938,78.893,78.85,78.808,78.766,78.723,78.682,78.641,78.599,78.558,78.517,78.476,78.435,78.393,78.351,78.309,78.266,78.223,78.179,78.135,78.09,78.044,77.997,77.949,77.9
82.695,82.106,81.73,81.446,81.231,81.053,80.895,80.761,80.633,80.518,80.417,80.313,80.22,80.13,80.045,79.964,79.884,79.808,79.735,79.664,79.593,79.528,79.463,79.397,79.336,79.275,79.216,79.158,79.1,79.045,78.99,78.936,78.882,78.83,78.778,78.727,78.677,78.627,78.578,78.529,78.481,78.433,78.386,78.338,78.291,78.244,78.197,78.15,78.102,78.055,78.007,77.959,77.911,77.862,77.813,77.763,77.712,77.661,77.609,77.557
82.573,81.985,81.614,81.337,81.113,80.944,80.792,80.658,80.536,80.425,80.325,80.239,80.145,80.059,79.98,79.899,79.824,79.75,79.677,79.604,79.534,79.464,79.397,79.33,79.264,79.2,79.136,79.074,79.013,78.953,78.892,78.835,78.777,78.719,78.662,78.606,78.55,78.496,78.44,78.386,78.332,78.278,78.225,78.172,78.119,78.066,78.014,77.961,77.908,77.856,77.803,77.75,77.697,77.643,77.589,77.534,77.479,77.424,77.368,77.311
82.489,81.91,81.52,81.255,81.052,80.876,80.725,80.597,80.481,80.375,80.28,80.188,80.106,80.024,79.947,79.871,79.8,79.729,79.662,79.594,79.525,79.46,79.393,79.327,79.261,79.196,79.132,79.066,79.002,78.938,78.874,78.811,78.75,78.689,78.628,78.567,78.507,78.447,78.388,78.328,78.27,78.211,78.153,78.094,78.036,77.978,77.92,77.862,77.804,77.746,77.689,77.631,77.573,77.514,77.456,77.397,77.337,77.278,77.217,77.156
83.987,83.499,81.57,81.293,81.083,80.898,80.743,80.612,80.493,80.381,80.282,80.191,80.109,80.03,79.954,79.882,79.815,79.748,79.683,79.62,79.557,79.495,79.433,79.372,79.311,79.248,79.186,79.124,79.061,78.997,78.934,78.87,78.805,78.741,78.676,78.612,78.548,78.484,78.42,78.357,78.294,78.231,78.168,78.105,78.043,77.98,77.917,77.855,77.792,77.729,77.666,77.603,77.54,77.478,77.414,77.351,77.287,77.223,77.158,77.093
84.021,83.582,83.25,82.999,82.797,82.622,82.475,82.339,82.218,82.109,82.012,80.302,80.207,81.76,80.036,79.96,79.889,79.821,79.758,79.694,79.633,81.263,79.516,81.153,79.401,79.345,80.983,80.926,79.173,79.115,80.745,78.996,78.935,78.873,78.811,78.747,78.683,80.278,78.551,78.485,78.418,78.352,78.285,78.218,78.151,78.084,79.601,79.522,79.444,79.364,79.284,79.204,79.123,79.042,78.96,78.878,78.795,77.273,77.204,77.134
84.646,84.162,83.793,83.492,83.235,83.009,82.809,82.631,82.467,82.32,82.185,82.064,81.95,81.847,81.753,81.666,81.584,81.508,81.437,81.37,81.307,81.247,81.189,81.134,81.078,81.023,80.97,80.916,80.862,80.808,80.752,80.697,80.639,80.581,80.522,80.46,80.398,80.334,80.269,80.201,80.133,80.062,79.991,79.917,79.843,79.767,79.689,79.611,79.532,79.451,79.37,79.288,79.205,79.121,79.037,78.952,78.867,78.781,78.694,78.607
94.043,93.342,92.7,92.141,91.646,91.224,90.864,90.505,90.202,89.934,89.695,89.463,89.251,82.728,82.434,82.218,82.041,81.891,81.76,81.642,81.537,81.442,81.356,81.276,81.202,81.132,81.067,81.006,80.946,80.889,80.833,80.778,80.724,80.669,80.615,80.559,80.503,80.447,80.389,80.329,80.269,80.207,80.144,80.078,80.011,79.943,79.873,79.801,79.727,79.652,79.575,79.496,79.416,79.335,79.252,79.167,79.082,78.995,78.907,78.818
92.744,91.961,91.292,90.794,90.27,89.842,89.442,89.084,88.806,88.509,88.272,88.025,87.813,87.621,87.441,87.276,87.132,86.99,86.868,86.751,86.642,86.539,86.442,86.36,86.275,86.195,86.13,86.062,81.661,81.461,81.318,81.203,81.104,81.017,80.938,80.866,80.798,80.734,80.672,80.612,80.554,80.496,80.439,80.381,80.324,80.265,80.207,80.147,80.086,80.025,79.961,79.898,79.832,79.765,79.697,79.628,79.558,79.486,79.412,79.338
91.528,90.69,90.05,89.474,88.994,88.537,88.16,87.817,87.493,87.196,86.959,86.697,86.498,86.301,86.115,85.951,85.792,85.653,85.533,85.409,85.295,85.198,85.099,85.012,84.928,84.85,84.78,84.703,84.644,84.581,84.518,84.457,84.401,84.346,84.294,84.241,84.186,84.136,84.082,84.028,83.974,83.92,83.862,83.806,83.748,83.686,83.624,83.56,83.494,83.425,83.353,83.278,83.201,83.121,83.038,82.952,82.862,82.769,82.673,82.573
90.353,89.575,88.912,88.334,87.799,87.359,86.959,86.614,86.284,86.003,85.742,85.504,85.283,85.072,84.903,84.73,84.573,84.434,84.308,84.184,84.067,83.964,83.873,83.778,83.697,83.616,83.539,83.469,83.407,83.338,83.279,83.226,83.166,83.11,83.059,83.009,82.956,82.907,82.857,82.805,82.755,82.702,82.652,82.598,82.543,82.489,82.432,82.373,82.311,82.248,82.184,82.117,82.047,81.975,81.9,81.822,81.742,81.657,81.57,81.48
89.275,88.481,87.787,87.219,86.741,86.268,85.888,85.53,85.191,84.909,84.642,84.41,84.189,83.98,83.802,83.622,83.465,83.32,83.198,83.065,82.948,82.844,82.747,82.648,82.569,82.487,82.41,82.341,82.27,82.209,82.15,82.089,82.036,81.982,81.93,81.876,81.828,81.777,81.73,81.681,81.633,81.585,81.535,81.485,81.435,81.382,81.329,81.275,81.22,81.163,81.103,81.042,80.978,80.913,80.844,80.774,80.701,80.624,80.545,80.464
88.338,87.498,86.85,86.278,85.715,85.274,84.872,84.517,84.203,83.912,83.622,83.397,83.169,82.972,82.776,82.606,82.448,82.299,82.162,82.049,81.922,81.814,81.725,81.621,81.534,81.458,81.382,81.304,81.239,81.173,81.111,81.055,80.997,80.942,80.892,80.843,80.792,80.744,80.697,80.649,80.602,80.557,80.509,80.462,80.414,80.365,80.317,80.265,80.213,80.16,80.106,80.049,79.991,79.93,79.868,79.803,79.736,79.666,79.595,79.52
87.414,86.582,85.908,85.324,84.783,84.337,83.952,83.587,83.275,82.97,82.695,82.457,82.242,82.025,81.845,81.67,81.507,81.365,81.225,81.104,80.982,80.882,80.779,80.683,80.592,80.509,80.434,80.363,80.293,80.223,80.165,80.104,80.049,79.996,79.943,79.893,79.846,79.796,79.75,79.705,79.657,79.613,79.568,79.522,79.477,79.43,79.383,79.335,79.288,79.237,79.186,79.134,79.079,79.023,78.965,78.906,78.844,78.78,78.714,78.645
86.609,85.742,85.047,84.482,83.965,83.493,83.085,82.73,82.407,82.12,81.843,81.605,81.377,81.174,80.988,80.822,80.654,80.508,80.365,80.24,80.125,80.02,79.915,79.818,79.729,79.646,79.571,79.496,79.428,79.362,79.299,79.238,79.183,79.126,79.075,79.024,78.977,78.929,78.882,78.839,78.792,78.749,78.704,78.659,78.616,78.571,78.527,78.481,78.435,78.387,78.339,78.289,78.239,78.187,78.133,78.077,78.02,77.961,77.9,77.837
85.793,84.968,84.259,83.677,83.173,82.709,82.316,81.934,81.623,81.332,81.061,80.815,80.59,80.39,80.205,80.031,79.86,79.718,79.579,79.458,79.338,79.226,79.126,79.024,78.943,78.855,78.777,78.698,78.633,78.565,78.503,78.445,78.389,78.334,78.281,78.23,78.179,78.134,78.088,78.042,77.998,77.954,77.911,77.869,77.825,77.783,77.738,77.695,77.651,77.606,77.559,77.513,77.465,77.416,77.365,77.313,77.26,77.205,77.147,77.089
85.074,84.27,83.529,82.966,82.426,81.984,81.591,81.23,80.9,80.602,80.336,80.082,79.87,79.674,79.485,79.31,79.145,78.994,78.866,78.733,78.614,78.509,78.401,78.307,78.213,78.128,78.052,77.978,77.907,77.841,77.776,77.714,77.658,77.605,77.552,77.503,77.454,77.406,77.36,77.313,77.27,77.227,77.184,77.141,77.1,77.057,77.016,76.973,76.93,76.887,76.843,76.798,76.754,76.706,76.659,76.609,76.559,76.507,76.454,76.398
84.362,83.595,82.88,82.262,81.737,81.302,80.905,80.561,80.22,79.92,79.658,79.429,79.205,79.011,78.812,78.636,78.477,78.33,78.196,78.069,77.944,77.844,77.733,77.64,77.552,77.467,77.381,77.308,77.24,77.175,77.109,77.047,76.991,76.934,76.883,76.834,76.785,76.736,76.691,76.647,76.601,76.56,76.517,76.475,76.434,76.392,76.351,76.31,76.269,76.225,76.184,76.142,76.097,76.053,76.007,75.96,75.913,75.864,75.813,75.761
83.745,82.931,82.235,81.658,81.124,80.692,80.29,79.936,79.603,79.306,79.052,78.806,78.58,78.387,78.2,78.025,77.865,77.723,77.586,77.456,77.338,77.227,77.129,77.029,76.941,76.853,76.773,76.7,76.629,76.561,76.496,76.435,76.379,76.323,76.27,76.22,76.169,76.124,76.077,76.031,75.989,75.946,75.903,75.862,75.821,75.781,75.74,75.7,75.66,75.62,75.578,75.536,75.494,75.452,75.407,75.363,75.317,75.271,75.223,75.174
83.178,82.329,81.656,81.049,80.538,80.093,79.706,79.333,79.023,78.74,78.481,78.249,78.025,77.812,77.638,77.464,77.302,77.156,77.023,76.898,76.775,76.665,76.567,76.463,76.376,76.296,76.215,76.138,76.066,75.998,75.935,75.874,75.816,75.761,75.707,75.654,75.608,75.559,75.513,75.468,75.424,75.381,75.34,75.3,75.259,75.219,75.179,75.14,75.1,75.06,75.02,74.98,74.938,74.897,74.856,74.812,74.769,74.724,74.678,74.632
82.599,81.76,81.09,80.479,79.988,79.546,79.141,78.803,78.489,78.206,77.945,77.711,77.489,77.294,77.115,76.945,76.782,76.635,76.511,76.374,76.256,76.15,76.045,75.951,75.863,75.776,75.697,75.618,75.549,75.48,75.419,75.356,75.298,75.24,75.189,75.137,75.088,75.04,74.995,74.949,74.906,74.863,74.822,74.782,74.742,74.702,74.662,74.624,74.585,74.546,74.506,74.467,74.427,74.387,74.346,74.305,74.263,74.22,74.176,74.131
82.077,81.236,80.579,79.99,79.506,79.026,78.667,78.313,77.982,77.71,77.452,77.227,77.001,76.802,76.624,76.452,76.303,76.157,76.02,75.894,75.781,75.671,75.566,75.474,75.38,75.297,75.216,75.141,75.073,75.002,74.938,74.876,74.82,74.763,74.71,74.659,74.609,74.562,74.518,74.473,74.43,74.386,74.345,74.304,74.264,74.227,74.186,74.147,74.109,74.07,74.034,73.994,73.955,73.916,73.876,73.836,73.796,73.754,73.713,73.669
81.67,80.754,80.081,79.506,79.019,78.571,78.187,77.837,77.534,77.249,76.992,76.762,76.552,76.356,76.168,76.011,75.85,75.716,75.575,75.452,75.334,75.221,75.127,75.029,74.939,74.854,74.778,74.701,74.63,74.562,74.499,74.439,74.382,74.322,74.269,74.219,74.17,74.123,74.078,74.032,73.988,73.946,73.905,73.865,73.825,73.785,73.748,73.709,73.671,73.634,73.596,73.558,73.52,73.481,73.443,73.404,73.365,73.325,73.284,73.243
81.18,80.321,79.673,79.06,78.574,78.133,77.743,77.416,77.11,76.823,76.57,76.333,76.132,75.941,75.76,75.597,75.443,75.299,75.162,75.038,74.926,74.812,74.713,74.622,74.53,74.448,74.368,74.296,74.226,74.157,74.094,74.03,73.973,73.917,73.864,73.813,73.762,73.716,73.668,73.625,73.583,73.541,73.499,73.459,73.42,73.38,73.342,73.305,73.266,73.23,73.192,73.155,73.117,73.081,73.043,73.005,72.966,72.927,72.888,72.848
80.74,79.929,79.216,78.669,78.195,77.711,77.341,77.012,76.708,76.424,76.168,75.939,75.727,75.548,75.366,75.202,75.054,74.91,74.784,74.663,74.542,74.438,74.337,74.242,74.156,74.069,73.992,73.917,73.844,73.778,73.714,73.653,73.596,73.541,73.485,73.435,73.389,73.339,73.294,73.25,73.206,73.164,73.123,73.083,73.044,73.005,72.967,72.929,72.893,72.856,72.819,72.783,72.746,72.709,72.672,72.635,72.598,72.56,72.522,72.483
80.398,79.532,78.842,78.282,77.755,77.34,76.959,76.627,76.325,76.045,75.799,75.574,75.374,75.18,75.008,74.846,74.691,74.551,74.416,74.301,74.19,74.078,73.985,73.887,73.804,73.718,73.642,73.566,73.495,73.429,73.365,73.304,73.248,73.19,73.139,73.087,73.037,72.992,72.946,72.902,72.857,72.817,72.776,72.735,72.696,72.658,72.621,72.583,72.546,72.51,72.474,72.438,72.402,72.366,72.329,72.293,72.256,72.219,72.182,72.144
79.983,79.165,78.465,77.903,77.418,76.991,76.604,76.267,75.984,75.703,75.452,75.23,75.024,74.845,74.663,74.501,74.356,74.224,74.089,73.967,73.854,73.754,73.657,73.559,73.473,73.396,73.315,73.242,73.172,73.103,73.042,72.981,72.922,72.867,72.815,72.765,72.715,72.668,72.622,72.579,72.536,72.494,72.453,72.413,72.376,72.337,72.299,72.262,72.225,72.19,72.154,72.119,72.082,72.047,72.011,71.976,71.94,71.904,71.867,71.831
79.603,78.812,78.137,77.572,77.071,76.641,76.272,75.948,75.65,75.378,75.135,74.913,74.719,74.528,74.353,74.19,74.046,73.905,73.781,73.662,73.55,73.445,73.349,73.257,73.172,73.089,73.012,72.937,72.868,72.803,72.738,72.679,72.621,72.566,72.515,72.463,72.415,72.367,72.323,72.277,72.236,72.195,72.153,72.113,72.075,72.038,72,71.963,71.928,71.892,71.856,71.821,71.786,71.751,71.716,71.681,71.646,71.611,71.575,71.539
79.275,78.515,77.814,77.248,76.769,76.363,75.961,75.632,75.336,75.078,74.831,74.61,74.409,74.228,74.053,73.891,73.748,73.621,73.489,73.373,73.268,73.16,73.061,72.971,72.883,72.804,72.727,72.659,72.588,72.524,72.458,72.401,72.343,72.287,72.234,72.184,72.135,72.087,72.044,71.999,71.957,71.915,71.876,71.835,71.798,71.76,71.724,71.687,71.651,71.616,71.58,71.546,71.51,71.477,71.442,71.407,71.373,71.338,71.303,71.268
79.03,78.223,77.524,76.934,76.474,76.037,75.676,75.341,75.062,74.8,74.548,74.337,74.136,73.948,73.774,73.628,73.484,73.341,73.216,73.102,72.994,72.892,72.798,72.706,72.62,72.542,72.461,72.394,72.324,72.26,72.196,72.138,72.078,72.027,71.972,71.922,71.874,71.827,71.783,71.739,71.696,71.655,71.617,71.576,71.538,71.501,71.465,71.428,71.394,71.357,71.323,71.288,71.254,71.22,71.186,71.152,71.118,71.084,71.05,71.016
78.685,77.879,77.187,76.656,76.193,75.775,75.401,75.088,74.789,74.528,74.282,74.074,73.875,73.686,73.52,73.373,73.223,73.097,72.969,72.85,72.743,72.639,72.545,72.455,72.375,72.296,72.221,72.147,72.079,72.014,71.951,71.891,71.836,71.781,71.731,71.679,71.632,71.584,71.54,71.496,71.454,71.413,71.373,71.334,71.296,71.26,71.224,71.188,71.152,71.117,71.084,71.049,71.015,70.982,70.948,70.915,70.881,70.848,70.814,70.781
78.391,77.625,76.97,76.406,75.919,75.516,75.132,74.819,74.528,74.28,74.042,73.827,73.627,73.447,73.279,73.129,72.987,72.856,72.728,72.616,72.512,72.406,72.312,72.225,72.138,72.061,71.986,71.917,71.847,71.782,71.724,71.662,71.605,71.553,71.502,71.451,71.405,71.357,71.314,71.27,71.228,71.187,71.149,71.11,71.071,71.034,70.999,70.962,70.927,70.893,70.859,70.825,70.792,70.759,70.726,70.693,70.66,70.627,70.594,70.561
78.158,77.357,76.698,76.177,75.674,75.275,74.912,74.574,74.302,74.043,73.805,73.599,73.399,73.217,73.053,72.901,72.767,72.63,72.507,72.395,72.288,72.187,72.092,72.009,71.927,71.843,71.772,71.7,71.634,71.566,71.506,71.448,71.392,71.34,71.287,71.237,71.192,71.145,71.1,71.059,71.016,70.975,70.936,70.898,70.86,70.824,70.788,70.754,70.718,70.684,70.65,70.617,70.584,70.551,70.518,70.485,70.453,70.421,70.388,70.356
77.917,77.111,76.466,75.913,75.447,75.039,74.678,74.356,74.071,73.817,73.586,73.373,73.18,73.006,72.843,72.686,72.551,72.424,72.305,72.186,72.083,71.982,71.888,71.8,71.717,71.639,71.564,71.495,71.43,71.366,71.304,71.247,71.192,71.139,71.088,71.038,70.992,70.946,70.902,70.858,70.818,70.778,70.738,70.7,70.663,70.626,70.591,70.556,70.521,70.487,70.454,70.421,70.388,70.356,70.323,70.292,70.26,70.227,70.196,70.164
77.714,76.88,76.26,75.718,75.204,74.824,74.471,74.145,73.875,73.603,73.383,73.174,72.979,72.803,72.642,72.496,72.353,72.222,72.105,71.996,71.886,71.785,71.695,71.608,71.527,71.446,71.376,71.304,71.238,71.176,71.115,71.059,71.005,70.95,70.9,70.85,70.803,70.758,70.715,70.672,70.631,70.591,70.552,70.514,70.477,70.442,70.406,70.371,70.337,70.303,70.27,70.237,70.205,70.173,70.141,70.109,70.078,70.046,70.015,69.984
77.45,76.71,76.033,75.486,75.022,74.614,74.263,73.965,73.67,73.419,73.193,72.979,72.791,72.619,72.45,72.306,72.163,72.035,71.922,71.806,71.705,71.605,71.512,71.427,71.343,71.269,71.194,71.127,71.059,70.997,70.936,70.879,70.826,70.773,70.722,70.675,70.627,70.584,70.539,70.496,70.455,70.416,70.378,70.341,70.304,70.268,70.232,70.197,70.164,70.13,70.097,70.065,70.033,70.002,69.97,69.939,69.907,69.876,69.845,69.814
1016.3,1017.7,1018.9,1020,1020.8,1021.6,1022.2,1022.7,1023.1,1023.4,1023.5,1023.6,1023.7,1023.6,1023.6,1023.5,1023.4,1023.3,1023.2,1023.1,1022.9,1022.8,1022.7,1022.6,1022.5,1022.4,1022.2,1022.1,1022,1021.9,1021.8,1021.6,1021.5,1021.4,1021.2,1021.1,1021,1020.8,1020.7,1020.5,1020.4,1020.2,1020.1,1020,1019.8,1019.6,1019.5,1019.3,1019.2,1019,1018.8,1018.6,1018.4,1018.3,1018.1,1017.9,1017.7,1017.5,1017.2,1017
932.58,932.82,932.99,933.1,933.15,933.17,933.16,933.12,933.08,933.03,932.97,932.91,932.86,932.8,932.74,932.68,932.61,932.55,932.48,932.41,932.33,932.26,932.18,932.1,932.02,931.94,931.85,931.76,931.67,931.58,931.48,931.39,931.29,931.19,931.09,930.99,930.89,930.78,930.68,930.57,930.46,930.35,930.24,930.13,930.01,929.9,929.78,929.67,929.55,929.43,929.31,929.19,929.07,928.95,928.83,928.7,928.58,928.45,928.33,928.2
847.62,847.63,847.64,847.65,847.65,847.65,847.64,847.63,847.62,847.61,902.81,904.85,906.16,907.17,907.98,908.64,909.19,909.63,909.98,910.24,910.44,910.56,910.62,910.63,910.59,910.52,910.43,910.31,910.17,910.03,909.88,909.72,909.56,909.4,909.24,909.07,908.91,908.74,908.57,908.39,908.21,908.03,907.84,907.65,907.45,907.26,907.05,906.85,906.63,906.42,906.2,905.97,905.74,905.51,905.27,905.02,904.77,904.52,904.25,903.98
834.03,834.14,834.22,834.27,834.3,834.32,834.32,834.31,834.29,834.28,834.26,834.24,834.21,834.19,834.17,834.14,834.11,834.08,834.04,834,833.96,833.92,833.87,833.82,833.77,833.71,833.65,833.59,833.52,833.46,833.39,833.31,833.24,833.16,833.08,833,832.91,832.83,832.74,832.65,832.56,832.46,832.37,832.27,832.17,832.07,831.96,831.85,831.75,831.64,831.52,831.41,831.29,831.18,831.06,830.94,830.81,830.69,830.56,830.43
817.03,817.87,818.64,818.41,818.93,820.55,819.82,820.19,820.51,820.77,820.99,821.16,821.28,821.37,821.42,821.45,821.46,823.33,823.32,823.29,823.25,823.2,823.14,823.07,823,822.92,822.84,822.77,822.69,822.61,822.52,822.44,822.35,822.26,822.17,822.07,821.97,821.87,821.77,821.66,821.55,821.44,821.33,821.21,821.09,820.96,820.84,820.71,820.58,820.44,820.31,820.17,820.03,819.88,819.73,819.59,819.43,819.28,819.12,818.96
744.68,744.71,744.73,744.76,744.79,744.81,744.84,744.86,744.88,744.9,744.92,744.94,798.96,800.95,802.22,803.21,804.03,804.72,805.32,805.82,806.26,806.63,806.94,807.2,807.4,807.56,807.67,807.75,807.79,807.79,807.77,807.72,807.65,807.56,807.45,807.34,807.21,807.08,806.94,806.79,806.64,806.49,806.33,806.18,806.02,805.86,805.7,805.53,805.36,805.19,805.02,804.84,804.65,804.47,804.27,804.08,803.88,803.67,803.46,803.25
737.63,737.64,737.66,737.67,737.68,737.69,737.7,737.72,737.73,737.74,737.75,737.77,737.78,737.78,737.79,737.8,737.8,737.81,737.81,737.81,737.81,737.81,737.81,737.8,737.8,737.79,737.78,737.77,737.75,737.74,737.72,737.7,737.68,737.66,737.64,737.61,737.58,737.55,737.52,737.49,737.45,737.41,737.37,737.33,737.29,737.24,737.19,737.14,737.09,737.03,736.97,736.91,736.85,736.78,736.72,736.65,736.57,736.5,736.42,736.34
730.94,731,731.04,731.07,731.09,731.1,731.11,731.11,731.11,731.1,731.1,731.09,731.09,731.08,731.08,731.08,731.07,731.07,731.07,731.06,731.05,731.05,731.04,731.03,731.02,731.01,730.99,730.98,730.96,730.94,730.93,730.9,730.88,730.86,730.83,730.81,730.78,730.75,730.72,730.68,730.65,730.61,730.57,730.53,730.49,730.44,730.4,730.35,730.3,730.24,730.19,730.13,730.07,730.01,729.95,729.88,729.82,729.75,729.68,729.6
723.74,723.96,724.14,724.3,724.42,724.53,724.62,724.69,724.74,724.78,724.8,724.82,724.82,724.82,724.81,724.8,724.78,724.76,724.74,724.72,724.7,724.68,724.66,724.64,724.62,724.6,724.58,724.56,724.53,724.51,724.49,724.46,724.43,724.4,724.37,724.34,724.31,724.28,724.24,724.21,724.17,724.13,724.09,724.04,724,723.95,723.9,723.85,723.8,723.75,723.69,723.63,723.58,723.51,723.45,723.39,723.32,723.25,723.18,723.11
715.26,715.68,716.07,716.43,716.76,717.06,717.34,717.58,717.8,717.98,718.14,718.28,718.38,718.47,718.54,718.59,718.63,718.65,718.66,718.66,718.65,718.64,718.61,718.59,718.55,718.52,718.48,718.44,718.41,718.37,718.33,718.29,718.25,718.22,718.18,718.14,718.1,718.06,718.02,717.97,717.93,717.88,717.83,717.79,717.74,717.68,717.63,717.58,717.52,717.46,717.4,717.34,717.28,717.21,717.14,717.08,717,716.93,716.86,716.78
704.86,705.61,706.32,706.98,707.61,708.21,708.77,709.3,709.79,709.78,710.14,710.47,710.78,711.06,711.31,711.53,711.73,711.9,712.05,712.17,712.26,712.34,712.39,712.43,712.46,712.47,712.47,712.45,712.43,712.4,712.36,712.32,712.27,712.22,712.17,712.11,712.05,711.99,711.93,711.88,711.82,711.76,711.7,711.64,711.57,711.51,711.45,711.38,711.32,712.49,712.41,712.32,712.23,712.14,712.05,711.95,711.85,711.75,711.65,711.55
641.69,641.68,641.68,641.68,641.67,641.67,641.67,641.66,695.83,697.24,698.29,699.18,699.95,700.64,701.27,701.85,702.37,702.85,703.3,703.7,704.07,704.41,704.71,704.99,705.23,705.44,705.63,705.79,705.93,706.04,706.13,706.19,706.24,706.26,706.27,706.26,706.24,706.2,706.16,706.1,706.03,705.95,705.87,705.78,705.68,705.58,705.47,705.36,705.25,705.14,705.02,704.9,704.78,704.66,704.54,704.41,704.29,704.16,704.03,703.9
638.93,638.92,638.91,638.9,638.9,638.89,638.88,638.87,638.86,638.85,638.85,638.84,638.83,638.82,638.81,638.8,638.8,638.79,638.78,638.77,638.76,638.76,638.75,638.74,691.65,692.74,693.52,694.15,694.66,695.1,695.48,695.8,696.08,696.31,696.51,696.67,696.79,696.89,696.96,697,697.01,697,696.97,696.92,696.85,696.76,696.65,696.53,696.38,696.23,696.05,695.86,695.66,695.44,695.2,694.94,694.66,694.36,694.02,693.65
636.32,636.3,636.29,636.28,636.26,636.25,636.24,636.22,636.21,636.2,636.18,636.17,636.16,636.15,636.13,636.12,636.11,636.09,636.08,636.07,636.05,636.04,636.03,636.02,636,635.99,635.98,635.96,635.95,635.94,635.92,635.91,635.89,635.88,635.87,635.85,635.84,635.82,635.81,635.79,635.78,635.76,635.75,635.73,635.71,635.7,635.68,635.66,635.64,635.62,635.6,635.58,635.56,635.54,635.52,635.5,635.48,635.46,635.43,635.41
633.85,633.83,633.8,633.78,633.76,633.75,633.73,633.71,633.69,633.67,633.66,633.64,633.62,633.61,633.59,633.57,633.55,633.54,633.52,633.5,633.48,633.47,633.45,633.43,633.41,633.4,633.38,633.36,633.34,633.32,633.31,633.29,633.27,633.25,633.23,633.21,633.19,633.17,633.16,633.14,633.12,633.1,633.08,633.06,633.03,633.01,632.99,632.97,632.95,632.93,632.9,632.88,632.86,632.83,632.81,632.78,632.76,632.73,632.71,632.68
631.51,631.48,631.45,631.42,631.4,631.37,631.34,631.32,631.3,631.27,631.25,631.23,631.21,631.19,631.16,631.14,631.12,631.1,631.08,631.06,631.04,631.01,630.99,630.97,630.95,630.93,630.9,630.88,630.86,630.84,630.82,630.79,630.77,630.75,630.73,630.7,630.68,630.66,630.63,630.61,630.59,630.56,630.54,630.51,630.49,630.46,630.44,630.41,630.39,630.36,630.33,630.31,630.28,630.25,630.22,630.19,630.17,630.14,630.11,630.08
629.27,629.24,629.21,629.18,629.15,629.12,629.08,629.05,629.02,628.99,628.96,628.93,628.9,628.88,628.85,628.82,628.8,628.77,628.75,628.72,628.7,628.67,628.65,628.62,628.6,628.57,628.54,628.52,628.49,628.47,628.44,628.41,628.39,628.36,628.33,628.31,628.28,628.25,628.22,628.2,628.17,628.14,628.11,628.08,628.06,628.03,628,627.97,627.94,627.91,627.88,627.85,627.82,627.79,627.75,627.72,627.69,627.66,627.62,627.59
627.1,627.08,627.05,627.02,626.99,626.96,626.92,626.89,626.85,626.82,626.78,626.75,626.71,626.68,626.64,626.61,626.58,626.55,626.52,626.49,626.46,626.43,626.4,626.37,626.34,626.31,626.28,626.25,626.22,626.19,626.16,626.13,626.1,626.07,626.04,626.01,625.98,625.95,625.92,625.89,625.86,625.83,625.79,625.76,625.73,625.7,625.66,625.63,625.6,625.56,625.53,625.5,625.46,625.43,625.39,625.36,625.32,625.28,625.25,625.21
624.96,624.95,624.94,624.92,624.89,624.87,624.84,624.8,624.77,624.73,624.7,624.66,624.62,624.58,624.54,624.5,624.46,624.42,624.39,624.35,624.31,624.28,624.24,624.21,624.18,624.14,624.11,624.08,624.05,624.01,623.98,623.95,623.91,623.88,623.84,623.81,623.78,623.74,623.71,623.67,623.64,623.6,623.57,623.53,623.5,623.46,623.42,623.39,623.35,623.31,623.28,623.24,623.2,623.16,623.12,623.09,623.05,623.01,622.97,622.93
622.8,622.82,622.82,622.82,622.81,622.8,622.78,622.76,622.74,622.71,622.67,622.64,622.6,622.56,622.52,622.48,622.43,622.39,622.35,622.31,622.26,622.22,622.18,622.14,622.1,622.06,622.02,621.99,621.95,621.91,621.87,621.84,621.8,621.76,621.73,621.69,621.65,621.62,621.58,621.54,621.5,621.46,621.42,621.39,621.35,621.31,621.27,621.23,621.19,621.15,621.11,621.07,621.03,620.98,620.94,620.9,620.86,620.82,620.77,620.73
620.63,620.67,620.69,620.71,620.73,620.73,620.73,620.73,620.72,620.7,620.68,620.65,620.62,620.59,620.55,620.51,620.47,620.43,620.38,620.34,620.29,620.25,620.2,620.16,620.11,620.06,620.02,619.98,619.93,619.89,619.85,619.81,619.76,619.72,619.68,619.64,619.6,619.56,619.52,619.48,619.44,619.4,619.36,619.31,619.27,619.23,619.19,619.14,619.1,619.06,619.01,618.97,618.93,618.88,618.84,618.79,618.75,618.7,618.65,618.61
618.46,618.51,618.55,618.58,618.61,618.64,618.66,618.67,618.68,618.68,618.68,618.67,618.65,618.63,618.61,618.58,618.54,618.51,618.47,618.43,618.38,618.34,618.29,618.24,618.19,618.14,618.09,618.04,617.99,617.95,617.9,617.85,617.8,617.76,617.71,617.66,617.62,617.57,617.53,617.48,617.44,617.4,617.35,617.31,617.26,617.22,617.17,617.13,617.08,617.03,616.99,616.94,616.89,616.85,616.8,616.75,616.7,616.65,616.6,616.55
616.29,616.35,616.4,616.45,616.49,616.53,616.57,616.6,616.62,616.64,616.66,616.67,616.67,616.67,616.66,616.64,616.62,616.6,616.57,616.54,616.5,616.46,616.42,616.37,616.33,616.28,616.23,616.17,616.12,616.07,616.02,615.97,615.91,615.86,615.81,615.76,615.71,615.65,615.6,615.55,615.51,615.46,615.41,615.36,615.31,615.26,615.21,615.17,615.12,615.07,615.02,614.97,614.92,614.87,614.82,614.77,614.71,614.66,614.61,614.56
614.1,614.17,614.23,614.3,614.36,614.41,614.46,614.5,614.54,614.58,614.61,614.63,614.65,614.67,614.68,614.68,614.68,614.67,614.66,614.64,614.62,614.59,614.56,614.52,614.48,614.44,614.39,614.34,614.29,614.24,614.19,614.13,614.08,614.02,613.97,613.91,613.85,613.8,613.74,613.69,613.63,613.58,613.52,613.47,613.41,613.36,613.31,613.25,613.2,613.15,613.1,613.04,612.99,612.94,612.88,612.83,612.77,612.72,612.66,612.61
611.88,611.96,612.04,612.11,612.19,612.25,612.32,612.38,612.43,612.48,612.53,612.57,612.6,612.63,612.65,612.67,612.69,612.7,612.71,612.71,612.7,612.69,612.67,612.65,612.63,612.59,612.56,612.52,612.48,612.43,612.38,612.33,612.28,612.22,612.16,612.11,612.05,611.99,611.93,611.87,611.81,611.75,611.69,611.63,611.57,611.51,611.45,611.39,611.33,611.27,611.22,611.16,611.1,611.04,610.99,610.93,610.87,610.82,610.76,610.7
609.61,609.7,609.79,609.88,609.96,610.05,610.12,610.2,610.27,610.33,610.4,610.45,610.5,610.55,610.59,610.63,610.66,610.68,610.7,610.72,610.73,610.74,610.74,610.73,610.73,610.71,610.69,610.67,610.64,610.6,610.56,610.52,610.47,610.43,610.37,610.32,610.26,610.2,610.14,610.08,610.02,609.96,609.89,609.83,609.76,609.7,609.63,609.57,609.51,609.44,609.38,609.32,609.25,609.19,609.13,609.07,609,608.94,608.88,608.82
607.32,607.41,607.51,607.6,607.68,607.78,607.87,607.95,608.02,608.1,608.18,608.26,608.32,608.39,608.45,608.5,608.55,608.6,608.64,608.67,608.7,608.72,608.74,608.75,608.76,608.76,608.76,608.75,608.74,608.73,608.7,608.67,608.64,608.61,608.56,608.52,608.47,608.42,608.36,608.3,608.24,608.18,608.12,608.05,607.99,607.92,607.85,607.78,607.71,607.65,607.58,607.51,607.44,607.37,607.3,607.23,607.16,607.1,607.03,606.96
605,605.07,605.14,605.23,605.34,605.43,605.52,605.62,605.71,605.8,605.89,605.97,606.06,606.13,606.21,606.27,606.34,606.4,606.47,606.52,606.57,606.61,606.65,606.68,606.71,606.73,606.75,606.76,606.76,606.76,606.76,606.75,606.73,606.71,606.69,606.66,606.62,606.58,606.54,606.49,606.44,606.39,606.33,606.27,606.2,606.14,606.07,606,605.93,605.86,605.78,605.71,605.64,605.56,605.49,605.41,605.34,605.26,605.19,605.11
602.68,602.74,602.73,602.8,602.9,602.98,603.08,603.18,603.29,603.37,603.46,603.56,603.66,603.75,603.84,603.92,604.01,604.09,604.16,604.23,604.3,604.36,604.42,604.47,604.52,604.56,604.6,604.63,604.66,604.68,604.7,604.71,604.71,604.71,604.7,604.69,604.67,604.65,604.62,604.59,604.56,604.51,604.47,604.42,604.36,604.3,604.24,604.18,604.11,604.04,603.97,603.9,603.82,603.74,603.67,603.59,603.51,603.43,603.34,603.26
599.53,599.62,599.66,599.73,599.81,599.9,600.02,600.11,600.21,600.33,600.46,600.97,601.08,600.82,601.28,601.38,601.48,601.58,601.68,601.76,601.85,601.74,602,601.95,602.14,602.21,602.21,602.29,602.37,602.41,602.49,602.48,602.51,602.53,602.55,602.56,602.56,602.78,602.55,602.54,602.52,602.5,602.47,602.44,602.4,602.35,602.74,602.71,602.67,602.62,602.57,602.52,602.46,602.39,602.32,602.25,602.17,601.54,601.45,601.37
595.54,595.62,595.73,595.87,596,596.09,596.24,596.41,596.53,596.68,596.82,596.99,597.12,597.27,597.43,597.58,597.73,597.87,598,598.14,598.28,598.41,598.54,598.67,598.78,598.88,599,599.09,599.19,599.29,599.37,599.46,599.52,599.59,599.66,599.71,599.76,599.81,599.85,599.88,599.91,599.93,599.94,599.95,599.96,599.95,599.94,599.93,599.91,599.88,599.85,599.81,599.76,599.71,599.65,599.59,599.52,599.45,599.37,599.28
539.61,539.56,539.51,539.46,539.41,539.36,539.31,539.25,539.2,539.15,539.1,539.05,539,591.78,592.36,592.77,593.11,593.39,593.68,593.91,594.12,594.33,594.54,594.72,594.88,595.04,595.19,595.34,595.48,595.61,595.73,595.85,595.95,596.05,596.14,596.22,596.3,596.37,596.44,596.49,596.54,596.58,596.62,596.65,596.67,596.69,596.69,596.7,596.69,596.68,596.67,596.65,596.62,596.58,596.54,596.49,596.43,596.37,596.3,596.23
539.26,539.21,539.16,539.11,539.06,539.01,538.95,538.9,538.85,538.8,538.75,538.7,538.65,538.6,538.55,538.5,538.45,538.4,538.35,538.3,538.25,538.2,538.15,538.1,538.05,538,537.95,537.9,589.4,590,590.39,590.72,590.98,591.2,591.4,591.57,591.72,591.86,591.98,592.09,592.18,592.27,592.34,592.39,592.44,592.48,592.51,592.53,592.53,592.53,592.52,592.5,592.47,592.44,592.39,592.33,592.27,592.2,592.12,592.02
538.92,538.86,538.81,538.76,538.71,538.66,538.61,538.56,538.51,538.46,538.41,538.36,538.31,538.26,538.21,538.16,538.11,538.06,538.01,537.96,537.91,537.86,537.81,537.76,537.71,537.66,537.61,537.56,537.51,537.46,537.41,537.37,537.32,537.27,537.22,537.17,537.13,537.08,537.03,536.98,536.94,536.89,536.84,536.8,536.75,536.71,536.66,536.62,536.57,536.53,536.48,536.44,536.39,536.35,536.31,536.26,536.22,536.18,536.14,536.09
538.58,538.53,538.48,538.43,538.38,538.32,538.27,538.22,538.17,538.12,538.07,538.02,537.97,537.92,537.87,537.82,537.77,537.72,537.67,537.62,537.57,537.52,537.47,537.42,537.37,537.32,537.27,537.23,537.18,537.13,537.08,537.03,536.98,536.93,536.89,536.84,536.79,536.74,536.7,536.65,536.6,536.55,536.51,536.46,536.42,536.37,536.32,536.28,536.23,536.19,536.14,536.1,536.05,536.01,535.97,535.92,535.88,535.84,535.79,535.75
538.25,538.2,538.15,538.1,538.05,538,537.94,537.89,537.84,537.79,537.74,537.69,537.64,537.59,537.54,537.49,537.44,537.39,537.34,537.29,537.24,537.19,537.14,537.09,537.05,537,536.95,536.9,536.85,536.8,536.75,536.7,536.65,536.61,536.56,536.51,536.46,536.41,536.37,536.32,536.27,536.23,536.18,536.13,536.09,536.04,535.99,535.95,535.9,535.86,535.81,535.77,535.72,535.68,535.64,535.59,535.55,535.5,535.46,535.42
537.92,537.87,537.82,537.77,537.72,537.67,537.62,537.57,537.52,537.47,537.42,537.37,537.32,537.27,537.22,537.17,537.12,537.07,537.02,536.97,536.92,536.87,536.82,536.77,536.73,536.68,536.63,536.58,536.53,536.48,536.43,536.38,536.33,536.29,536.24,536.19,536.14,536.09,536.05,536,535.95,535.91,535.86,535.81,535.77,535.72,535.67,535.63,535.58,535.54,535.49,535.45,535.4,535.36,535.31,535.27,535.22,535.18,535.14,535.09
537.61,537.56,537.51,537.46,537.41,537.36,537.31,537.26,537.21,537.16,537.11,537.06,537.01,536.96,536.91,536.86,536.81,536.76,536.71,536.66,536.61,536.56,536.51,536.46,536.41,536.36,536.31,536.26,536.22,536.17,536.12,536.07,536.02,535.97,535.92,535.88,535.83,535.78,535.73,535.69,535.64,535.59,535.54,535.5,535.45,535.4,535.36,535.31,535.27,535.22,535.18,535.13,535.09,535.04,535,534.95,534.91,534.86,534.82,534.78
537.29,537.24,537.19,537.15,537.1,537.05,537,536.95,536.9,536.85,536.8,536.75,536.7,536.65,536.6,536.55,536.5,536.45,536.4,536.35,536.3,536.25,536.2,536.15,536.1,536.05,536.01,535.96,535.91,535.86,535.81,535.76,535.71,535.67,535.62,535.57,535.52,535.47,535.43,535.38,535.33,535.28,535.24,535.19,535.14,535.1,535.05,535,534.96,534.91,534.87,534.82,534.78,534.73,534.69,534.64,534.6,534.55,534.51,534.47
536.99,536.94,536.89,536.84,536.79,536.74,536.69,536.64,536.59,536.54,536.49,536.44,536.39,536.34,536.3,536.25,536.2,536.15,536.1,536.05,536,535.95,535.9,535.85,535.8,535.75,535.71,535.66,535.61,535.56,535.51,535.46,535.41,535.37,535.32,535.27,535.22,535.17,535.13,535.08,535.03,534.98,534.94,534.89,534.84,534.8,534.75,534.7,534.66,534.61,534.57,534.52,534.47,534.43,534.38,534.34,534.29,534.25,534.21,534.16
536.69,536.64,536.59,536.54,536.49,536.44,536.39,536.34,536.29,536.25,536.2,536.15,536.1,536.05,536,535.95,535.9,535.85,535.8,535.75,535.7,535.65,535.61,535.56,535.51,535.46,535.41,535.36,535.31,535.26,535.22,535.17,535.12,535.07,535.02,534.97,534.93,534.88,534.83,534.78,534.74,534.69,534.64,534.6,534.55,534.5,534.46,534.41,534.36,534.32,534.27,534.23,534.18,534.13,534.09,534.04,534,533.95,533.91,533.87
536.39,536.35,536.3,536.25,536.2,536.15,536.1,536.05,536,535.95,535.9,535.85,535.81,535.76,535.71,535.66,535.61,535.56,535.51,535.46,535.41,535.36,535.32,535.27,535.22,535.17,535.12,535.07,535.02,534.97,534.93,534.88,534.83,534.78,534.73,534.69,534.64,534.59,534.54,534.5,534.45,534.4,534.35,534.31,534.26,534.21,534.17,534.12,534.07,534.03,533.98,533.94,533.89,533.84,533.8,533.75,533.71,533.66,533.62,533.58
536.11,536.06,536.01,535.96,535.91,535.86,535.81,535.76,535.72,535.67,535.62,535.57,535.52,535.47,535.42,535.37,535.32,535.27,535.23,535.18,535.13,535.08,535.03,534.98,534.93,534.88,534.84,534.79,534.74,534.69,534.64,534.59,534.55,534.5,534.45,534.4,534.36,534.31,534.26,534.21,534.16,534.12,534.07,534.02,533.98,533.93,533.88,533.84,533.79,533.74,533.7,533.65,533.61,533.56,533.52,533.47,533.43,533.38,533.34,533.29
535.82,535.77,535.73,535.68,535.63,535.58,535.53,535.48,535.43,535.38,535.34,535.29,535.24,535.19,535.14,535.09,535.04,534.99,534.95,534.9,534.85,534.8,534.75,534.7,534.65,534.61,534.56,534.51,534.46,534.41,534.36,534.32,534.27,534.22,534.17,534.12,534.08,534.03,533.98,533.93,533.89,533.84,533.79,533.75,533.7,533.65,533.61,533.56,533.51,533.47,533.42,533.37,533.33,533.28,533.24,533.19,533.15,533.1,533.06,533.01
535.54,535.5,535.45,535.4,535.35,535.3,535.25,535.21,535.16,535.11,535.06,535.01,534.96,534.91,534.87,534.82,534.77,534.72,534.67,534.62,534.57,534.53,534.48,534.43,534.38,534.33,534.28,534.24,534.19,534.14,534.09,534.04,534,533.95,533.9,533.85,533.8,533.76,533.71,533.66,533.62,533.57,533.52,533.47,533.43,533.38,533.33,533.29,533.24,533.19,533.15,533.1,533.06,533.01,532.97,532.92,532.88,532.83,532.79,532.74
535.27,535.22,535.18,535.13,535.08,535.03,534.98,534.93,534.89,534.84,534.79,534.74,534.69,534.64,534.59,534.55,534.5,534.45,534.4,534.35,534.3,534.26,534.21,534.16,534.11,534.06,534.02,533.97,533.92,533.87,533.82,533.78,533.73,533.68,533.63,533.58,533.54,533.49,533.44,533.39,533.35,533.3,533.25,533.21,533.16,533.11,533.07,533.02,532.97,532.93,532.88,532.84,532.79,532.74,532.7,532.65,532.61,532.56,532.52,532.47
535,534.96,534.91,534.86,534.81,534.76,534.71,534.67,534.62,534.57,534.52,534.47,534.43,534.38,534.33,534.28,534.23,534.18,534.14,534.09,534.04,533.99,533.94,533.9,533.85,533.8,533.75,533.7,533.66,533.61,533.56,533.51,533.46,533.42,533.37,533.32,533.27,533.23,533.18,533.13,533.09,533.04,532.99,532.94,532.9,532.85,532.8,532.76,532.71,532.67,532.62,532.57,532.53,532.48,532.44,532.39,532.35,532.3,532.26,532.21
534.74,534.69,534.64,534.6,534.55,534.5,534.45,534.4,534.36,534.31,534.26,534.21,534.16,534.12,534.07,534.02,533.97,533.92,533.88,533.83,533.78,533.73,533.68,533.64,533.59,533.54,533.49,533.44,533.4,533.35,533.3,533.25,533.21,533.16,533.11,533.06,533.02,532.97,532.92,532.87,532.83,532.78,532.73,532.69,532.64,532.59,532.55,532.5,532.45,532.41,532.36,532.32,532.27,532.22,532.18,532.13,532.09,532.04,532,531.95
534.48,534.43,534.39,534.34,534.29,534.24,534.19,534.15,534.1,534.05,534,533.95,533.91,533.86,533.81,533.76,533.72,533.67,533.62,533.57,533.52,533.48,533.43,533.38,533.33,533.28,533.24,533.19,533.14,533.09,533.05,533,532.95,532.9,532.86,532.81,532.76,532.72,532.67,532.62,532.57,532.53,532.48,532.43,532.39,532.34,532.29,532.25,532.2,532.16,532.11,532.06,532.02,531.97,531.93,531.88,531.84,531.79,531.75,531.7
534.23,534.18,534.13,534.08,534.04,533.99,533.94,533.89,533.84,533.8,533.75,533.7,533.65,533.61,533.56,533.51,533.46,533.42,533.37,533.32,533.27,533.22,533.18,533.13,533.08,533.03,532.99,532.94,532.89,532.84,532.8,532.75,532.7,532.65,532.61,532.56,532.51,532.47,532.42,532.37,532.33,532.28,532.23,532.19,532.14,532.09,532.05,532,531.95,531.91,531.86,531.82,531.77,531.72,531.68,531.63,531.59,531.54,531.5,531.45
533.98,533.93,533.88,533.84,533.79,533.74,533.69,533.64,533.6,533.55,533.5,533.45,533.4,533.36,533.31,533.26,533.21,533.17,533.12,533.07,533.02,532.98,532.93,532.88,532.84,532.79,532.74,532.69,532.65,532.6,532.55,532.5,532.46,532.41,532.36,532.32,532.27,532.22,532.17,532.13,532.08,532.03,531.99,531.94,531.89,531.85,531.8,531.76,531.71,531.66,531.62,531.57,531.53,531.48,531.44,531.39,531.34,531.3,531.25,531.21
533.74,533.69,533.64,533.59,533.54,533.49,533.45,533.4,533.35,533.3,533.26,533.21,533.16,533.11,533.07,533.02,532.97,532.92,532.88,532.83,532.78,532.73,532.69,532.64,532.59,532.55,532.5,532.45,532.4,532.36,532.31,532.26,532.22,532.17,532.12,532.07,532.03,531.98,531.93,531.89,531.84,531.79,531.75,531.7,531.65,531.61,531.56,531.52,531.47,531.42,531.38,531.33,531.29,531.24,531.2,531.15,531.11,531.06,531.01,530.97
533.5,533.45,533.4,533.35,533.3,533.25,533.21,533.16,533.11,533.06,533.01,532.97,532.92,532.87,532.83,532.78,532.73,532.68,532.64,532.59,532.54,532.5,532.45,532.4,532.35,532.31,532.26,532.21,532.17,532.12,532.07,532.02,531.98,531.93,531.88,531.84,531.79,531.74,531.7,531.65,531.6,531.56,531.51,531.46,531.42,531.37,531.33,531.28,531.23,531.19,531.14,531.1,531.05,531.01,530.96,530.92,530.87,530.82,530.78,530.73
533.26,533.21,533.17,533.12,533.07,533.02,532.97,532.92,532.87,532.83,532.78,532.73,532.68,532.64,532.59,532.54,532.49,532.45,532.4,532.35,532.31,532.26,532.21,532.17,532.12,532.07,532.03,531.98,531.93,531.88,531.84,531.79,531.74,531.7,531.65,531.6,531.56,531.51,531.46,531.42,531.37,531.33,531.28,531.23,531.19,531.14,531.09,531.05,531,530.96,530.91,530.87,530.82,530.77,530.73,530.68,530.64,530.59,530.55,530.5
533.03,532.98,532.93,532.88,532.84,532.79,532.74,532.69,532.64,532.59,532.55,532.5,532.45,532.4,532.36,532.31,532.26,532.22,532.17,532.12,532.08,532.03,531.98,531.93,531.89,531.84,531.79,531.75,531.7,531.65,531.61,531.56,531.51,531.47,531.42,531.37,531.33,531.28,531.24,531.19,531.14,531.1,531.05,531,530.96,530.91,530.87,530.82,530.77,530.73,530.68,530.64,530.59,530.55,530.5,530.46,530.41,530.37,530.32,530.28
532.81,532.76,532.71,532.66,532.61,532.56,532.51,532.46,532.41,532.37,532.32,532.27,532.22,532.18,532.13,532.08,532.03,531.99,531.94,531.89,531.85,531.8,531.75,531.71,531.66,531.61,531.57,531.52,531.47,531.43,531.38,531.33,531.29,531.24,531.19,531.15,531.1,531.06,531.01,530.96,530.92,530.87,530.83,530.78,530.73,530.69,530.64,530.6,530.55,530.5,530.46,530.41,530.37,530.32,530.28,530.23,530.19,530.14,530.1,530.05
532.59,532.54,532.49,532.44,532.39,532.34,532.29,532.24,532.19,532.14,532.09,532.05,532,531.95,531.9,531.86,531.81,531.76,531.72,531.67,531.62,531.58,531.53,531.48,531.44,531.39,531.34,531.3,531.25,531.2,531.16,531.11,531.07,531.02,530.97,530.93,530.88,530.83,530.79,530.74,530.7,530.65,530.6,530.56,530.51,530.47,530.42,530.37,530.33,530.28,530.24,530.19,530.15,530.1,530.06,530.01,529.97,529.92,529.88,529.83
532.37,532.32,532.27,532.22,532.17,532.12,532.07,532.02,531.97,531.92,531.87,531.83,531.78,531.73,531.68,531.64,531.59,531.54,531.49,531.45,531.4,531.35,531.31,531.26,531.22,531.17,531.12,531.08,531.03,530.98,530.94,530.89,530.85,530.8,530.75,530.71,530.66,530.62,530.57,530.52,530.48,530.43,530.39,530.34,530.29,530.25,530.2,530.16,530.11,530.07,530.02,529.98,529.93,529.89,529.84,529.8,529.75,529.71,529.66,529.62
532.15,532.1,532.05,532,531.95,531.9,531.85,531.8,531.75,531.7,531.66,531.61,531.56,531.51,531.47,531.42,531.37,531.32,531.28,531.23,531.18,531.14,531.09,531.04,531,530.95,530.91,530.86,530.81,530.77,530.72,530.68,530.63,530.58,530.54,530.49,530.45,530.4,530.35,530.31,530.26,530.22,530.17,530.13,530.08,530.03,529.99,529.94,529.9,529.85,529.81,529.76,529.72,529.67,529.63,529.58,529.54,529.49,529.45,529.4
531.94,531.89,531.84,531.79,531.74,531.69,531.64,531.59,531.54,531.49,531.44,531.39,531.35,531.3,531.25,531.2,531.16,531.11,531.06,531.02,530.97,530.92,530.88,530.83,530.78,530.74,530.69,530.65,530.6,530.55,530.51,530.46,530.42,530.37,530.33,530.28,530.23,530.19,530.14,530.1,530.05,530,529.96,529.91,529.87,529.82,529.78,529.73,529.69,529.64,529.6,529.55,529.51,529.46,529.42,529.37,529.33,529.28,529.24,529.19
