0.6,0.59661,0.59322,0.58983,0.58644,0.58305,0.57966,0.57627,0.57288,0.56949,0.5661,0.56271,0.55932,0.55593,0.55254,0.54915,0.54576,0.54237,0.53898,0.53559,0.5322,0.52881,0.52542,0.52203,0.51864,0.51525,0.51186,0.50847,0.50508,0.50169,0.49831,0.49492,0.49153,0.48814,0.48475,0.48136,0.47797,0.47458,0.47119,0.4678,0.46441,0.46102,0.45763,0.45424,0.45085,0.44746,0.44407,0.44068,0.43729,0.4339,0.43051,0.42712,0.42373,0.42034,0.41695,0.41356,0.41017,0.40678,0.40339,0.4
12,16.068,20.136,24.203,28.271,32.339,36.407,40.475,44.542,48.61,52.678,56.746,60.814,64.881,68.949,73.017,77.085,81.153,85.22,89.288,93.356,97.424,101.49,105.56,109.63,113.69,117.76,121.83,125.9,129.97,134.03,138.1,142.17,146.24,150.31,154.37,158.44,162.51,166.58,170.64,174.71,178.78,182.85,186.92,190.98,195.05,199.12,203.19,207.25,211.32,215.39,219.46,223.53,227.59,231.66,235.73,239.8,243.86,247.93,252
63.447,70.799,72.899,76.404,81.228,92.904,106.81,116,117.35,122.92,130.77,140.49,150.66,160.57,170.27,179.81,189.2,198.44,207.55,216.48,225.11,233.31,240.97,248.07,254.61,260.64,266.19,271.3,276.02,280.38,284.44,288.23,291.78,295.15,297.66,301.26,304.85,308.51,312.33,316.46,321.13,338.72,381.5,382.83,384.11,385.35,386.51,387.6,388.59,389.41,389.81,407.44,408.14,408.83,409.5,410.17,410.81,411.45,412.07,412.69
60.161,68.364,69.796,73.649,79.297,92.823,107.04,112.44,114.96,121.37,130.21,140.46,150.78,160.85,170.74,180.49,190.09,199.56,208.9,218,226.72,234.91,242.51,249.51,255.95,261.86,267.29,272.29,276.9,281.16,285.11,288.79,292.24,295.51,297.64,301.14,304.63,308.17,311.86,315.82,320.29,325.7,381.54,382.87,384.15,385.39,386.56,387.66,388.67,389.54,390.1,407.44,408.13,408.81,409.48,410.13,410.77,411.4,412.01,412.62
56.993,66.194,66.774,71.05,78.111,92.847,107.76,107.61,112.9,120.26,130.02,140.64,151.08,161.33,171.45,181.43,191.26,200.98,210.54,205.94,210.79,217.05,223.75,230.79,238.46,263.15,268.46,273.35,277.84,281.99,285.83,289.4,292.75,295.9,297.66,301.06,304.45,307.87,311.44,315.25,319.52,324.64,381.58,382.9,384.18,385.42,386.6,387.71,388.74,389.64,390.31,407.44,408.13,408.8,409.45,410.1,410.73,411.35,411.96,412.56
53.976,60.671,63.843,68.652,78.076,93.133,102.23,105.06,111.19,119.65,130.17,141,151.6,162.07,172.43,182.65,192.75,202.72,195.99,201.68,208.04,214.68,221.47,228.39,235.53,243.19,269.7,274.46,278.84,282.87,286.6,290.06,293.29,296.34,299.24,301.03,304.31,307.63,311.07,314.74,318.82,323.68,381.61,382.93,384.2,385.44,386.62,387.75,388.79,389.72,390.47,407.45,408.13,408.79,409.44,410.07,410.7,411.31,411.91,412.5
51.176,56.502,61.052,66.52,78.55,93.833,99.59,102.9,109.89,119.52,130.58,141.55,152.36,163.09,173.7,184.19,194.57,187.2,193.09,199.53,206.2,212.97,219.78,226.63,233.59,240.79,248.63,275.63,279.88,283.79,287.41,290.75,293.87,296.81,299.6,301.04,304.21,307.42,310.74,314.27,318.18,322.8,381.63,382.94,384.22,385.45,386.64,387.77,388.83,389.79,390.59,390.91,408.14,408.79,409.43,410.05,410.67,411.27,411.86,412.45
48.675,53.48,58.447,64.817,79.182,95.1,95.092,101.09,109.15,119.82,131.19,142.33,153.41,164.41,175.29,175.15,178.72,184.7,187.45,193.99,200.68,211.58,218.38,225.18,232.02,239.01,246.32,254.6,280.98,284.76,288.25,291.48,294.49,297.32,300,302.58,304.15,307.26,310.46,313.85,317.6,321.99,381.64,382.95,384.22,385.45,386.64,387.78,388.85,389.84,390.68,391.21,408.15,408.79,409.42,410.04,410.64,411.23,411.82,412.4
46.565,50.678,56.075,64.124,80.021,88.918,92.866,99.68,109.03,120.48,132.01,143.4,154.77,166.05,166.55,170.37,176.38,179.16,185.77,192.53,199.32,206.1,212.86,219.61,226.42,237.52,244.57,252.11,261.71,285.76,289.13,292.25,295.14,297.86,300.43,302.89,304.13,307.12,310.21,313.48,317.07,321.24,326.6,382.95,384.21,385.45,386.64,387.79,388.87,389.87,390.75,391.39,408.17,408.8,409.42,410.02,410.62,411.2,411.78,412.35
44.977,48.035,53.995,65.002,81.325,84.95,91.017,98.791,109.48,121.38,133.09,144.79,156.47,158.51,162.1,168.11,170.94,177.61,184.46,191.34,198.19,204.97,211.69,218.37,225.07,236.21,243.08,250.26,258.31,286.8,290.05,293.04,295.82,298.43,300.89,303.24,304.13,307.03,310,313.15,316.59,320.56,325.6,382.93,384.2,385.43,386.63,387.78,388.87,389.89,390.8,391.52,408.19,408.81,409.42,410.01,410.6,411.18,411.75,412.31
39.313,45.603,52.31,66.3,78.438,82.735,89.547,98.595,110.38,122.49,134.5,146.54,158.53,153.85,156.51,162.75,169.47,176.43,183.42,190.37,197.23,203.99,210.66,217.28,223.88,230.55,241.76,248.72,256.21,265.65,290.99,293.86,296.53,299.03,301.37,303.62,304.17,306.96,309.83,312.85,316.15,319.94,324.68,332.17,384.18,385.41,386.61,387.76,388.86,389.89,390.83,391.61,408.21,408.82,409.42,410.01,410.59,411.16,411.71,412.27
36.742,43.423,51.422,67.812,74.463,80.897,88.567,99.164,111.59,123.9,136.28,148.67,145.62,148.36,154.57,161.33,168.37,175.5,182.58,189.56,196.41,203.15,209.77,216.31,222.82,229.37,236.04,247.36,254.51,262.66,291.95,294.71,297.26,299.64,301.88,304.02,304.23,306.92,309.69,312.59,315.75,319.37,323.84,330.58,384.15,385.38,386.57,387.73,388.84,389.89,390.85,391.67,392.13,408.84,409.43,410.01,410.58,411.14,411.69,412.23
34.502,41.547,52.631,69.906,72.453,79.443,88.297,100.34,113.02,125.68,138.45,137.37,140.2,146.39,153.16,160.28,167.55,174.78,181.91,188.9,195.74,202.44,209.01,215.48,221.9,228.32,234.84,246.14,253.05,260.63,270.99,295.57,298.01,300.28,302.41,304.45,304.32,306.92,309.57,312.36,315.39,318.84,323.07,329.22,383.57,385.34,386.54,387.7,388.81,389.87,390.85,391.71,392.31,408.86,409.44,410.01,410.57,411.12,411.66,412.2
32.416,40.107,54.596,63.665,70.697,78.454,88.946,101.87,114.79,127.89,129.07,132.04,138.19,144.96,152.14,159.53,166.94,174.24,181.4,188.39,195.21,201.86,208.38,214.78,221.1,227.41,233.77,240.31,251.76,258.97,267.5,296.46,298.78,300.94,302.97,304.89,304.43,306.93,309.49,312.17,315.06,318.36,322.36,328.02,383.43,385.3,386.49,387.66,388.78,389.84,390.84,391.73,392.41,408.88,409.45,410.01,410.56,411.1,411.64,412.17
30.578,39.66,56.883,61.972,69.321,78.151,90.396,103.65,116.99,120.65,123.85,129.97,136.72,143.93,151.44,159.02,166.52,173.87,181.04,188.02,194.8,201.41,207.86,214.18,220.41,226.61,232.84,239.2,245.87,257.53,265.35,297.35,299.56,301.61,303.53,305.35,304.56,306.97,309.42,311.99,314.77,317.91,321.71,326.95,383.29,384.61,386.44,387.6,388.73,389.81,390.82,391.73,392.48,408.91,409.47,410.02,410.56,411.09,411.62,412.14
29.124,41.826,52.692,60.403,68.394,78.878,92.281,105.82,112.19,115.64,121.72,128.45,135.67,143.27,151.01,158.72,166.28,173.66,180.83,187.78,194.51,201.05,207.43,213.66,219.81,225.92,232.03,238.23,244.67,256.25,263.63,273.23,300.36,302.3,304.12,305.83,304.71,307.02,309.38,311.85,314.51,317.51,321.11,325.99,383.14,384.46,385.77,387.55,388.68,389.76,390.78,391.72,392.51,408.94,409.48,410.03,410.56,411.08,411.6,412.11
28.285,44.437,51.311,59.17,68.136,80.637,94.434,108.48,109.51,113.41,120.14,127.36,135.01,142.91,150.82,158.62,166.22,173.61,180.74,187.63,194.3,200.76,207.06,213.22,219.28,225.29,231.3,237.36,243.62,255.11,262.15,270.56,301.16,303,304.71,306.32,304.87,307.1,309.36,311.73,314.28,317.14,320.55,325.11,382.98,384.31,385.61,387.48,388.62,389.71,390.74,391.69,392.53,393.04,409.51,410.04,410.56,411.08,411.58,412.09
29.844,42.418,50.032,58.377,68.997,82.881,97.04,100.69,105.04,111.79,119,126.67,134.69,142.81,150.84,158.7,166.33,173.67,180.74,187.56,194.15,200.54,206.75,212.83,218.81,224.73,230.64,236.59,242.68,249.09,260.85,268.62,301.98,303.7,305.31,306.83,305.05,307.19,309.36,311.63,314.07,316.8,320.04,324.31,332.92,384.15,385.46,387.41,388.55,389.64,390.69,391.66,392.52,393.15,409.53,410.05,410.56,411.07,411.57,412.07
32.79,40.564,49.009,58.251,71.091,85.426,91.622,96.562,103.37,110.6,118.27,126.37,134.67,142.95,151.08,158.96,166.54,173.82,180.81,187.55,194.05,200.36,206.49,212.48,218.39,224.21,230.03,235.88,241.84,248.05,259.68,267.01,277,304.42,305.93,307.34,305.25,307.3,309.38,311.55,313.88,316.49,319.57,323.58,330.65,383.98,385.29,387.33,388.47,389.57,390.62,391.61,392.5,393.2,409.55,410.06,410.57,411.07,411.56,412.04
30.346,39.606,48.414,59.345,73.701,82.656,87.939,94.862,102.13,109.81,117.95,126.41,134.92,143.32,151.49,159.33,166.84,174.03,180.94,187.58,194,200.22,206.27,212.18,218,223.74,229.47,235.21,241.06,247.11,253.59,265.61,274.28,305.14,306.55,307.86,309.13,307.41,309.41,311.49,313.72,316.2,319.13,322.9,329.11,383.82,385.12,387.25,388.39,389.5,390.55,391.55,392.47,393.22,409.58,410.08,410.58,411.06,411.55,412.03
29.777,38.851,48.511,61.835,76.659,79.055,86.249,93.595,101.29,109.44,118.01,126.75,135.42,143.89,152.01,159.78,167.2,174.3,181.11,187.66,193.99,200.12,206.08,211.91,217.63,223.3,228.94,234.6,240.34,246.25,252.51,264.38,272.32,305.86,307.17,308.39,309.56,307.55,309.45,311.44,313.57,315.94,318.73,322.28,327.85,383.65,384.95,386.25,388.3,389.41,390.48,391.49,392.42,393.22,409.6,410.1,410.58,411.06,411.54,412.01
29.13,38.513,50.002,64.766,69.875,77.499,84.97,92.701,100.85,109.5,118.42,127.37,136.14,144.58,152.62,160.29,167.61,174.61,181.32,187.78,194.01,200.05,205.92,211.67,217.31,222.89,228.45,234.02,239.66,245.46,251.54,263.26,270.71,283.23,307.8,308.93,310,307.69,309.51,311.41,313.44,315.7,318.35,321.7,326.78,383.47,384.78,386.08,388.21,389.32,390.39,391.41,392.36,393.2,393.7,410.12,410.59,411.06,411.53,411.99
28.697,38.967,52.893,61.666,68.54,76.233,84.046,92.202,100.87,109.95,119.17,128.25,137,145.35,153.29,160.85,168.07,174.96,181.58,187.95,194.08,200.02,205.8,211.45,217.01,222.51,227.99,233.47,239.02,244.71,250.64,257.07,269.32,278.81,308.43,309.46,310.45,307.84,309.58,311.39,313.33,315.49,318.01,321.17,325.83,383.3,384.6,385.9,388.11,389.23,390.3,391.33,392.3,393.16,393.78,410.13,410.6,411.06,411.52,411.98
28.725,41.086,56.103,59.29,67.347,75.298,83.481,92.145,101.34,110.78,120.18,129.27,137.95,146.18,154.01,161.47,168.58,175.38,181.9,188.16,194.19,200.03,205.72,211.27,216.74,222.16,227.54,232.95,238.42,244,249.81,256.02,268.08,276.55,309.05,310,310.9,307.99,309.65,311.38,313.23,315.29,317.68,320.68,324.98,383.12,384.42,385.72,388.01,389.13,390.21,391.25,392.22,393.1,393.8,410.15,410.61,411.07,411.52,411.96
29.875,44.201,49.747,58.28,66.433,74.692,83.348,92.582,102.22,111.94,121.38,130.4,138.95,147.07,154.79,162.14,169.16,175.86,182.27,188.42,194.36,200.1,205.68,211.14,216.51,221.83,227.13,232.46,237.84,243.33,249.02,255.07,266.96,274.8,309.68,310.54,311.35,308.16,309.74,311.38,313.15,315.11,317.38,320.21,324.22,382.95,384.24,385.54,387.9,389.02,390.11,391.15,392.14,393.04,393.79,410.17,410.62,411.07,411.51,411.95
32.69,39.941,48.98,57.416,65.811,74.477,83.713,93.498,103.5,113.31,122.69,131.58,140.02,148.04,155.66,162.91,169.82,176.41,182.71,188.76,194.58,200.21,205.68,211.04,216.31,221.53,226.74,231.98,237.28,242.69,248.28,254.18,265.94,273.31,310.31,311.08,311.81,308.33,309.83,311.4,313.08,314.94,317.1,319.79,323.52,382.76,384.06,385.35,387.79,388.91,390,391.05,392.04,392.96,393.75,410.19,410.64,411.07,411.51,411.94
29.867,39.397,48.225,56.809,65.533,74.753,84.616,94.871,105.05,114.8,124.06,132.83,141.17,149.09,156.61,163.75,170.55,177.03,183.22,189.15,194.86,200.38,205.74,210.98,216.14,221.26,226.38,231.53,236.75,242.08,247.56,253.33,259.62,272,281.91,311.62,312.26,308.5,309.93,311.41,313.01,314.79,316.84,319.38,322.87,382.58,383.87,385.16,387.68,388.8,389.89,390.94,391.95,392.88,393.7,394.09,410.65,411.08,411.5,411.93
29.506,38.813,47.663,56.5,65.706,75.588,86.035,96.576,106.72,116.35,125.5,134.17,142.41,150.24,157.65,164.68,171.36,177.72,183.8,189.61,195.2,200.59,205.84,210.97,216.02,221.03,226.05,231.1,236.24,241.48,246.88,252.53,264.1,270.83,279.59,312.15,312.72,308.68,310.03,311.44,312.96,314.65,316.6,319,322.27,328.61,383.69,384.97,387.56,388.68,389.77,390.83,391.84,392.79,393.64,394.22,410.66,411.08,411.5,411.91
29.11,38.328,47.348,56.581,66.443,77.02,87.879,98.428,108.48,117.99,127.04,135.63,143.77,151.48,158.78,165.69,172.25,178.49,184.45,190.13,195.6,200.87,205.99,211,215.93,220.84,225.74,230.7,235.74,240.91,246.22,251.77,257.72,269.76,277.81,312.68,313.17,308.85,310.13,311.48,312.92,314.52,316.37,318.65,321.72,327.17,383.5,384.78,387.44,388.55,389.65,390.71,391.73,392.69,393.56,394.23,410.68,411.09,411.5,411.9
28.743,38.048,47.368,57.202,67.844,78.972,89.924,100.38,110.31,119.75,128.72,137.22,145.24,152.84,160.01,166.79,173.23,179.34,185.16,190.72,196.05,201.2,206.19,211.08,215.89,220.68,225.48,230.33,235.27,240.35,245.59,251.04,256.86,268.77,276.31,313.21,313.62,309.04,310.25,311.51,312.88,314.4,316.16,318.32,321.2,326.05,383.31,384.59,385.87,388.43,389.52,390.59,391.62,392.59,393.47,394.19,410.69,411.09,411.49,411.89
28.538,38.044,47.874,58.502,69.836,81.182,92.079,102.43,112.28,121.65,130.52,138.91,146.82,154.28,161.32,167.98,174.28,180.26,185.94,191.36,196.56,201.58,206.44,211.2,215.89,220.55,225.24,229.98,234.83,239.82,244.97,250.33,256.03,267.83,275,287.58,314.07,309.22,310.36,311.56,312.85,314.29,315.96,318,320.72,325.1,383.12,384.4,385.68,388.3,389.4,390.47,391.5,392.47,393.38,394.14,410.7,411.1,411.49,411.88
28.571,38.47,49.056,60.52,72.199,83.515,94.313,97.128,105.34,113.58,121.82,130.22,139.58,155.83,162.74,169.26,175.41,181.25,186.78,192.07,197.13,202.01,206.74,211.37,215.93,220.47,225.04,229.67,234.41,239.3,244.37,249.65,255.24,266.95,273.82,283.7,314.51,309.4,310.47,311.6,312.82,314.19,315.77,317.71,320.26,324.28,382.93,384.2,385.48,388.16,389.26,390.34,391.37,392.36,393.27,394.07,410.71,411.1,411.49,411.87
28.982,39.534,51.032,63.001,74.715,78.444,87,95.429,103.66,111.75,119.75,127.75,135.9,144.47,164.25,170.61,176.63,182.31,187.7,192.84,197.75,202.48,207.08,211.57,216,220.42,224.87,229.38,234.01,238.81,243.78,248.98,254.47,260.44,272.74,281.56,314.95,309.58,310.59,311.65,312.8,314.09,315.59,317.43,319.84,323.53,382.74,384.01,385.28,388.03,389.13,390.2,391.24,392.23,393.16,393.98,394.39,411.11,411.49,411.86
30.017,41.447,53.581,59.695,68.586,75.619,83.886,91.934,99.831,107.63,115.39,123.17,133.95,142.01,150.46,161.36,177.9,183.43,188.67,193.65,198.42,203.01,207.46,211.82,216.12,220.41,224.72,229.12,233.64,238.33,243.22,248.34,253.74,259.57,271.73,279.87,315.38,315.49,310.7,311.7,312.78,314,315.42,317.16,319.43,322.85,382.55,383.81,385.08,387.89,388.99,390.07,391.11,392.11,393.05,393.89,394.48,411.11,411.48,411.85
31.941,44.008,48.554,57.459,66.153,74.539,82.667,90.623,98.466,106.22,113.9,121.58,129.3,140.33,148.35,156.83,179.25,184.61,189.7,194.52,199.14,203.58,207.88,212.11,216.27,220.43,224.62,228.89,233.3,237.88,242.67,247.71,253.02,258.73,270.78,278.43,315.81,315.85,310.82,311.75,312.77,313.92,315.26,316.9,319.05,322.23,382.36,383.62,384.88,387.75,388.85,389.93,390.97,391.98,392.92,393.78,394.45,411.12,411.48,411.84
29.904,38.676,47.873,56.749,65.285,73.546,81.612,89.54,97.351,105.06,112.7,120.3,127.91,135.59,146.81,154.86,163.54,185.85,190.76,195.43,199.89,204.18,208.35,212.42,216.45,220.47,224.54,228.69,232.98,237.46,242.15,247.09,252.32,257.93,264.19,277.15,316.22,316.21,316.19,311.8,312.76,313.84,315.11,316.66,318.69,321.65,382.16,383.42,384.68,387.6,388.7,389.78,390.83,391.84,392.8,393.67,394.38,411.12,411.48,411.83
28.802,38.26,47.336,56.051,64.476,72.689,80.734,88.638,96.424,104.1,111.7,119.24,126.77,134.33,141.98,153.37,161.52,170.76,191.87,196.37,200.68,204.82,208.84,212.78,216.67,220.55,224.49,228.52,232.69,237.05,241.64,246.49,251.64,257.15,263.25,275.99,287.32,316.56,316.48,311.86,312.75,313.76,314.96,316.43,318.34,321.11,327.88,383.22,384.48,387.46,388.55,389.64,390.69,391.7,392.67,393.55,394.3,411.12,411.47,411.82
28.541,37.857,46.784,55.403,63.786,71.975,80.001,87.891,95.655,103.31,110.87,118.36,125.82,133.28,140.79,148.44,160.02,168.44,193,197.35,201.49,205.48,209.35,213.15,216.91,220.67,224.47,228.37,232.43,236.67,241.16,245.91,250.98,256.39,268.15,274.92,284.59,316.91,316.76,316.64,312.74,313.69,314.81,316.2,318.01,320.6,325.85,383.03,384.28,387.31,388.41,389.49,390.54,391.56,392.53,393.43,394.2,411.13,411.47,411.81
28.247,37.44,46.284,54.86,63.217,71.392,79.408,87.288,95.039,102.67,110.2,117.64,125.03,132.4,139.79,147.28,154.99,166.82,175.87,198.34,202.33,206.17,209.9,213.55,217.17,220.8,224.48,228.26,232.18,236.31,240.69,245.35,250.33,255.66,261.48,273.92,282.69,317.25,317.04,316.86,312.73,313.62,314.68,315.99,317.69,320.12,324.67,382.83,384.08,387.16,388.25,389.34,390.39,391.41,392.39,393.3,394.1,411.13,411.46,411.8
27.96,37.076,45.873,54.423,62.769,70.94,78.961,86.832,94.57,102.18,109.67,117.05,124.38,131.66,138.94,146.29,153.81,161.7,173.9,199.35,203.18,206.87,210.46,213.98,217.46,220.96,224.5,228.16,231.96,235.97,240.24,244.8,249.69,254.94,260.65,272.97,281.13,317.58,317.32,317.08,312.72,313.55,314.54,315.77,317.39,319.67,323.73,382.63,383.88,385.13,388.1,389.18,390.24,391.26,392.24,393.16,393.98,394.51,411.46,411.78
27.734,36.795,45.564,54.102,62.452,70.632,78.653,86.523,94.248,101.82,109.27,116.6,123.84,131.04,138.22,145.45,152.8,160.43,172.42,181.75,204.04,207.58,211.03,214.42,217.77,221.13,224.56,228.08,231.77,235.66,239.81,244.27,249.07,254.23,259.84,272.05,279.77,317.9,317.59,317.3,312.71,313.48,314.41,315.57,317.09,319.24,322.92,382.44,383.68,384.93,386.19,389.02,390.08,391.11,392.1,393.02,393.86,394.48,411.45,411.77
27.586,36.61,45.367,53.913,62.279,70.472,78.497,86.357,94.055,101.59,108.98,116.25,123.42,130.53,137.6,144.71,151.91,159.35,171.19,179.77,204.91,208.31,211.62,214.87,218.09,221.33,224.63,228.03,231.59,235.37,239.4,243.75,248.46,253.54,259.06,271.17,278.55,318.22,317.86,317.51,312.71,313.42,314.28,315.37,316.81,318.83,322.19,382.24,383.48,384.72,385.98,388.87,389.93,390.96,391.95,392.88,393.73,394.4,411.44,411.76
27.535,36.538,45.31,53.874,62.261,70.468,78.492,86.335,93.995,101.48,108.81,116,123.08,130.1,137.08,144.07,151.14,158.41,166.04,178.28,188.75,209.04,212.21,215.33,218.42,221.54,224.71,227.99,231.44,235.1,239.02,243.26,247.87,252.87,258.29,264.39,277.42,318.53,318.12,317.72,312.69,313.35,314.16,315.18,316.53,318.43,321.53,382.04,383.28,384.52,385.77,387.04,389.77,390.8,391.79,392.73,393.59,394.3,411.44,411.74
27.608,36.612,45.4,54.003,62.412,70.626,78.641,86.453,94.06,101.48,108.73,115.84,122.83,129.75,136.62,143.51,150.46,157.57,164.99,177.04,186.18,209.76,212.8,215.79,218.77,221.76,224.81,227.98,231.3,234.84,238.64,242.78,247.29,252.2,257.54,269.47,276.38,287.14,318.37,317.92,312.68,313.28,314.03,314.99,316.27,318.06,320.92,381.85,383.07,384.31,385.56,386.82,389.61,390.64,391.63,392.58,393.45,394.19,411.43,411.73
27.836,36.852,45.678,54.316,62.744,70.954,78.936,86.692,94.237,101.58,108.74,115.75,122.65,129.47,136.24,143.01,149.84,156.82,164.06,175.96,184.5,210.49,213.4,216.27,219.11,221.99,224.92,227.97,231.17,234.6,238.3,242.32,246.73,251.55,256.81,262.65,275.38,284.91,318.62,318.12,312.67,313.22,313.91,314.81,316.01,317.69,320.36,381.65,382.87,384.11,385.35,386.61,389.44,390.48,391.48,392.43,393.31,394.07,411.42,411.71
28.256,37.29,46.16,54.82,63.246,71.437,79.37,87.058,94.523,101.77,108.84,115.75,122.54,129.25,135.91,142.58,149.29,156.14,163.22,170.75,183.15,194.31,213.99,216.74,219.47,222.22,225.05,227.97,231.07,234.38,237.96,241.88,246.18,250.92,256.09,261.82,274.43,283.21,318.86,318.31,312.65,313.15,313.79,314.63,315.75,317.34,319.82,381.46,382.67,383.9,385.14,386.4,389.28,390.31,391.31,392.27,393.16,393.94,411.41,411.7
28.909,37.956,46.858,55.521,63.936,72.064,79.942,87.548,94.91,102.06,109.02,115.82,122.49,129.09,135.65,142.19,148.8,155.52,162.46,169.78,181.98,191.48,214.58,217.21,219.82,222.46,225.17,227.99,230.97,234.16,237.64,241.45,245.65,250.29,255.39,261.01,273.52,281.76,319.1,318.5,312.63,313.08,313.67,314.45,315.5,317,319.32,381.26,382.47,383.7,384.93,386.19,389.11,390.14,391.15,392.11,393,393.8,394.29,411.68
29.826,38.861,47.77,56.422,64.783,72.856,80.637,88.145,95.404,102.43,109.27,115.95,122.51,128.99,135.43,141.86,148.35,154.95,161.76,168.91,176.71,189.75,215.17,217.68,220.18,222.71,225.31,228.02,230.89,233.97,237.34,241.04,245.14,249.68,254.69,260.23,272.63,280.47,319.32,318.68,312.61,313.01,313.55,314.27,315.26,316.67,318.84,323.66,382.27,383.49,384.73,385.97,388.94,389.98,390.98,391.94,392.85,393.66,394.23,411.67
31.04,40.038,48.915,57.523,65.821,73.794,81.46,88.847,95.978,102.88,109.59,116.14,122.58,128.93,135.25,141.58,147.95,154.43,161.11,168.11,175.66,188.37,215.74,218.14,220.53,222.96,225.45,228.05,230.81,233.79,237.04,240.64,244.64,249.08,254.01,259.46,271.77,279.29,319.54,318.86,312.59,312.94,313.43,314.09,315.02,316.34,318.38,322.51,382.07,383.29,384.52,385.76,388.77,389.81,390.81,391.78,392.69,393.51,394.14,411.65
28.677,41.478,50.288,58.816,67.005,74.856,82.403,89.654,96.64,103.41,109.98,116.39,122.7,128.92,135.12,141.32,147.58,153.95,160.51,167.36,174.71,187.18,198.32,218.6,220.88,223.2,225.59,228.09,230.75,233.62,236.77,240.25,244.15,248.5,253.34,258.7,270.92,278.2,319.75,319.03,312.56,312.86,313.3,313.92,314.78,316.03,317.94,321.61,381.87,383.08,384.31,385.55,386.8,389.64,390.64,391.61,392.52,393.36,394.02,411.63
27.426,37.859,51.836,60.248,68.311,76.013,83.413,90.519,97.37,103.99,110.42,116.7,122.86,128.96,135.03,141.11,147.26,153.51,159.95,166.67,173.83,186.12,195.79,219.05,221.23,223.45,225.73,228.13,230.69,233.46,236.5,239.88,243.67,247.92,252.68,257.96,263.94,277.17,291.09,319.19,312.53,312.79,313.18,313.74,314.55,315.72,317.51,320.83,381.68,382.88,384.1,385.33,386.58,389.46,390.47,391.44,392.36,393.2,393.89,411.61
27.104,36.358,46.706,56.563,69.664,77.228,84.476,91.434,98.132,104.61,110.9,117.04,123.07,129.03,134.98,140.93,146.96,153.1,159.42,166.01,173.02,185.14,194.14,219.49,221.57,223.69,225.88,228.18,230.63,233.31,236.24,239.52,243.21,247.36,252.03,257.23,263.1,276.19,286.99,319.35,312.49,312.71,313.05,313.57,314.32,315.41,317.1,320.13,381.48,382.68,383.89,385.12,386.36,389.29,390.3,391.27,392.19,393.04,393.75,411.59
26.856,35.959,44.975,54.084,65.058,78.479,85.567,92.363,98.92,105.25,111.41,117.42,123.31,129.14,134.95,140.79,146.7,152.72,158.93,165.4,172.26,179.78,192.79,219.92,221.9,223.93,226.03,228.23,230.59,233.16,236,239.17,242.76,246.82,251.4,256.52,262.27,275.24,284.95,319.5,312.45,312.62,312.93,313.39,314.09,315.12,316.7,319.49,381.28,382.47,383.68,384.91,386.15,389.11,390.12,391.1,392.02,392.88,393.61,411.56
26.627,35.629,44.517,53.396,63.915,79.724,86.656,93.31,99.72,105.92,111.93,117.81,123.58,129.28,134.96,140.67,146.46,152.37,158.47,164.82,171.54,178.87,191.62,220.35,222.23,224.16,226.16,228.28,230.54,233.02,235.76,238.84,242.32,246.28,250.77,255.81,267.68,274.33,283.34,319.65,312.41,312.54,312.8,313.22,313.86,314.82,316.31,318.89,381.08,382.27,383.48,384.7,385.93,388.94,389.94,390.92,391.85,392.71,393.46,411.54
26.408,35.323,44.114,52.869,61.693,72.407,87.758,94.256,100.52,106.57,112.46,118.21,123.86,129.44,135,140.58,146.25,152.05,158.03,164.27,170.86,178.02,190.56,201.78,222.55,224.39,226.3,228.32,230.49,232.88,235.53,238.51,241.89,245.75,250.15,255.11,260.68,273.44,281.94,319.78,312.36,312.45,312.67,313.04,313.63,314.53,315.93,318.33,380.89,382.07,383.27,384.49,385.72,388.76,389.77,390.74,391.67,392.54,393.3,393.76
26.201,35.029,43.734,52.393,61.084,69.951,81.094,95.196,101.31,107.24,113,118.62,124.14,129.61,135.05,140.52,146.07,151.75,157.62,163.74,170.22,177.21,189.59,199.5,222.86,224.61,226.43,228.37,230.45,232.75,235.3,238.19,241.47,245.24,249.54,254.42,259.91,272.58,280.68,319.91,312.3,312.36,312.53,312.86,313.4,314.24,315.56,317.79,380.69,381.87,383.06,384.28,385.5,388.58,389.59,390.57,391.5,392.37,393.14,393.67
26.006,34.747,43.37,51.941,60.53,69.233,80.063,96.138,102.11,107.9,113.54,119.03,124.44,129.79,135.12,140.47,145.9,151.47,157.23,163.24,169.6,176.45,188.68,197.92,223.16,224.82,226.56,228.41,230.41,232.62,235.09,237.87,241.07,244.73,248.95,253.75,259.15,271.73,279.53,320.03,312.25,312.26,312.4,312.68,313.18,313.96,315.2,317.28,380.49,381.67,382.86,384.06,385.29,388.4,389.41,390.38,391.32,392.19,392.97,393.55
25.831,34.483,43.019,51.505,60.005,68.592,77.424,88.815,102.89,108.55,114.06,119.44,124.74,129.98,135.2,140.44,145.75,151.21,156.86,162.77,169.01,175.72,183.23,196.61,223.45,225.03,226.69,228.46,230.37,232.49,234.87,237.57,240.67,244.24,248.36,253.07,258.4,270.89,278.45,320.15,312.18,312.16,312.26,312.5,312.95,313.68,314.84,316.79,321.96,381.47,382.65,383.85,385.07,388.21,389.22,390.2,391.14,392.02,392.81,393.41
25.676,34.238,42.688,51.087,59.496,67.983,76.662,87.732,103.68,109.2,114.58,119.85,125.03,130.17,135.28,140.42,145.63,150.96,156.51,162.31,168.44,175.03,187,195.46,223.73,225.22,226.81,228.49,230.33,232.36,234.66,237.27,240.28,243.75,247.78,252.41,257.66,270.07,277.42,320.25,312.11,312.06,312.12,312.32,312.72,313.4,314.49,316.32,320.51,381.27,382.45,383.64,384.86,388.03,389.04,390.02,390.96,391.84,392.63,393.27
25.545,34.019,42.381,50.693,59.009,67.4,75.961,86.948,104.45,109.83,115.09,120.26,125.33,130.36,135.37,140.4,145.51,150.74,156.17,161.86,167.89,174.36,181.52,194.41,224,225.41,226.91,228.53,230.28,232.24,234.45,236.97,239.89,243.28,247.22,251.76,256.93,269.26,276.44,320.35,319.28,311.95,311.97,312.14,312.49,313.12,314.14,315.86,319.52,381.07,382.24,383.44,384.64,387.85,388.86,389.84,390.77,391.66,392.46,393.11
25.44,33.823,42.099,50.322,58.547,66.839,75.292,84.071,95.573,110.47,115.61,120.65,125.62,130.54,135.46,140.4,145.4,150.53,155.85,161.44,167.37,173.72,180.73,193.45,205.89,225.59,227.02,228.55,230.23,232.12,234.25,236.68,239.51,242.81,246.66,251.12,256.21,268.46,275.5,287.27,319.34,311.84,311.82,311.95,312.26,312.84,313.8,315.41,318.69,380.87,382.04,383.23,384.43,387.66,388.67,389.65,390.59,391.48,392.28,392.95
25.36,33.647,41.843,49.978,58.114,66.303,74.65,83.291,94.608,111.1,116.11,121.03,125.9,130.72,135.54,140.39,145.3,150.32,155.55,161.03,166.85,173.11,179.97,192.54,203.1,225.77,227.12,228.58,230.18,231.99,234.04,236.4,239.14,242.35,246.11,250.49,255.5,261.24,274.59,285.03,319.4,318.26,311.67,311.76,312.04,312.56,313.46,314.98,317.96,380.67,381.84,383.02,384.22,387.48,388.49,389.46,390.4,391.29,392.1,392.79
699.62,664.57,701.83,683.92,662.35,626.49,594.43,618.85,608.81,589.45,567.68,545.16,525.3,507.11,489.95,473.8,458.58,444.13,430.33,417.13,404.61,392.87,381.94,371.8,362.39,353.63,345.44,337.75,330.53,323.7,317.25,311.11,305.27,299.69,295.35,289.95,284.72,279.64,274.67,269.76,264.84,255.91,192.38,189.37,186.42,183.5,180.59,177.67,174.66,171.44,167.37,106.05,104.86,103.71,102.6,101.52,100.46,99.44,98.444,97.474
697.08,661.17,700.6,680.97,657.36,619.55,587.51,621.54,604.8,584.3,561.32,539.22,519.85,501.75,484.71,468.69,453.56,439.16,425.37,412.23,399.85,388.32,377.65,367.77,358.6,350.05,342.06,334.56,327.5,320.83,314.51,308.52,302.8,297.34,293.16,287.87,282.74,277.76,272.88,268.08,263.27,258.31,191.09,188.13,185.24,182.38,179.53,176.67,173.75,170.66,167.01,105.13,103.97,102.84,101.75,100.69,99.66,98.657,97.681,96.73
694.15,657.29,698.75,677.54,650.06,612.3,580.15,619.83,600.15,578.37,554.62,533.31,514.21,496.23,479.33,463.42,448.37,433.99,420.24,463.52,454.46,444.19,433.82,423.44,412.78,346.49,338.7,331.37,324.48,317.97,311.8,305.93,300.34,295,290.99,285.79,280.77,275.88,271.1,266.39,261.69,256.87,189.79,186.9,184.06,181.25,178.47,175.68,172.83,169.85,166.47,104.22,103.08,101.98,100.91,99.872,98.862,97.88,96.924,95.992
690.75,710.4,696.26,673.53,639.9,604.66,630.13,615.78,594.88,571.64,547.9,527.35,508.39,490.55,473.79,458,442.99,428.62,474.4,464.06,453.37,442.79,432.45,422.31,412.28,402.06,335.35,328.21,321.48,315.13,309.1,303.37,297.9,292.67,287.65,283.73,278.81,274.01,269.33,264.71,260.12,255.43,188.51,185.67,182.88,180.14,177.41,174.68,171.91,169.02,165.83,103.31,102.2,101.12,100.08,99.061,98.072,97.11,96.173,95.26
686.79,712.95,693.12,668.78,630.98,596.55,630.29,610.9,588.87,564.27,541.3,521.22,502.39,484.7,468.09,452.39,437.4,484.08,473.2,462.12,451.23,440.66,430.42,420.47,410.74,401.08,391.12,325.07,318.51,312.3,306.41,300.81,295.47,290.36,285.45,281.68,276.85,272.15,267.56,263.04,258.54,253.97,187.23,184.44,181.71,179.02,176.35,173.68,170.98,168.18,165.14,161.02,101.33,100.27,99.251,98.256,97.289,96.347,95.429,94.535
682.17,711.79,689.31,662.77,622.44,587.9,626.88,605.34,581.91,556.66,534.75,514.89,496.21,478.7,462.22,502,493.56,482.27,471.09,459.67,448.73,438.16,428.05,418.28,408.78,399.44,390.09,380.16,315.55,309.5,303.75,298.28,293.06,288.06,283.26,278.63,274.91,270.31,265.81,261.38,256.97,252.51,185.95,183.23,180.55,177.91,175.3,172.68,170.05,167.33,164.42,160.85,100.46,99.434,98.433,97.459,96.512,95.59,94.692,93.816
676.75,709.56,684.75,653.5,613.4,640.24,621.74,599.09,573.98,549.23,528.06,508.36,489.87,472.53,511.91,503.02,491.39,479.49,467.62,456.26,445.43,435.12,425.28,415.85,406.78,397.49,388.51,379.35,368.7,306.71,301.1,295.76,290.66,285.78,281.08,276.56,272.99,268.47,264.06,259.72,255.4,251.04,246.45,182.01,179.39,176.8,174.24,171.69,169.11,166.47,163.67,160.4,99.608,98.601,97.622,96.67,95.743,94.841,93.962,93.104
670.41,706.19,679.34,640.99,603.81,638.05,615.75,591.91,565.45,541.98,521.17,501.65,483.37,521.1,512.55,500.62,488.04,475.7,463.88,452.64,441.96,431.81,422.15,412.92,404.06,395.34,386.64,377.92,368.73,303.95,298.48,293.27,288.29,283.51,278.93,274.5,271.08,266.65,262.33,258.07,253.85,249.58,245.13,180.81,178.24,175.7,173.2,170.69,168.18,165.6,162.9,159.84,98.761,97.776,96.819,95.888,94.982,94.099,93.239,92.399
725.74,701.67,672.78,630.59,647.92,632.65,609.06,583.56,557.05,534.7,514.06,494.76,476.7,522.19,509.96,496.8,483.96,471.65,459.95,448.86,438.35,428.38,418.9,409.87,401.22,392.89,384.59,376.2,367.6,357.67,295.88,290.8,285.93,281.27,276.79,272.46,269.18,264.84,260.61,256.44,252.3,248.13,243.79,238.71,177.09,174.61,172.15,169.7,167.24,164.74,162.12,159.22,97.922,96.96,96.025,95.115,94.228,93.365,92.523,91.701
723.89,696.06,663.53,619.83,649.14,626.15,601.53,574.17,549.01,527.19,506.78,487.72,531.95,519.42,505.8,492.45,479.61,467.42,455.88,444.96,434.63,424.85,415.57,406.74,398.29,390.17,382.3,374.29,366.09,357.33,293.31,288.35,283.6,279.05,274.67,270.44,267.3,263.05,258.9,254.81,250.76,246.68,242.46,237.65,175.96,173.52,171.11,168.72,166.31,163.87,161.33,158.56,154.92,96.153,95.239,94.349,93.483,92.638,91.814,91.01
720.17,689.29,648.31,608.38,643.63,618.84,592.77,564.67,541.05,519.46,499.32,541.82,529.12,515.05,501.19,487.81,475.08,463.05,451.68,440.95,430.83,421.26,412.19,403.56,395.31,387.39,379.73,372.25,364.36,356.18,346.11,285.92,281.29,276.84,272.56,268.43,265.43,261.27,257.2,253.2,249.23,245.24,241.12,236.53,174.47,172.44,170.08,167.74,165.38,163,160.53,157.88,154.64,95.355,94.462,93.592,92.745,91.919,91.113,90.326
714.42,681.12,635.72,660.09,636.52,610.76,582.58,555.73,532.88,511.55,551.74,539.08,524.56,510.21,496.28,482.97,470.4,458.55,447.39,436.88,426.99,417.65,408.8,400.37,392.32,384.59,377.12,369.85,362.49,354.71,346.15,283.52,279,274.66,270.48,266.45,263.58,259.51,255.52,251.6,247.71,243.81,239.79,235.38,173.29,171.37,169.06,166.76,164.46,162.13,159.73,157.17,154.18,94.565,93.693,92.843,92.015,91.207,90.419,89.649
706.88,669.32,622.82,654.56,628.44,601.48,571.92,547.06,524.49,561.6,549.33,534.35,519.51,505.03,491.14,477.99,465.61,453.97,443.05,432.8,423.17,414.07,405.43,397.2,389.34,381.78,374.48,367.4,360.46,353.06,345.15,281.15,276.74,272.51,268.42,264.48,261.75,257.76,253.86,250.02,246.21,242.39,238.47,234.21,172.12,170.02,168.04,165.79,163.53,161.26,158.92,156.45,153.65,93.784,92.933,92.103,91.293,90.503,89.733,88.98
697.7,651.09,671.04,646.74,619.59,590.48,562.03,538.17,570.81,559.87,544.44,529.09,514.09,499.59,485.83,472.88,460.72,449.35,438.73,428.77,419.4,410.53,402.1,394.07,386.37,378.98,371.85,364.94,358.18,351.28,343.8,334.97,274.51,270.37,266.39,262.53,259.94,256.04,252.21,248.45,244.71,240.97,237.15,233.03,170.95,168.91,166.88,164.82,162.62,160.39,158.11,155.72,153.06,93.013,92.181,91.37,90.579,89.808,89.054,88.317
686.3,636.43,665.33,637.76,609.62,578.62,552.58,529.07,570.43,554.87,538.96,523.43,508.36,493.96,480.4,467.68,455.81,444.78,434.48,424.8,415.68,407.03,398.81,390.96,383.44,376.21,369.23,362.47,355.88,349.43,342.28,334.39,272.3,268.26,264.37,260.61,258.15,254.32,250.58,246.89,243.23,239.57,235.83,231.84,169.8,167.8,165.82,163.87,161.71,159.53,157.31,154.98,152.44,149.06,91.439,90.647,89.874,89.12,88.383,87.662
665.5,681.91,656.68,627.96,597.68,567.78,542.95,581.14,565.68,549.15,533.07,517.44,502.4,488.19,474.86,462.46,450.97,440.3,430.3,420.9,412.01,403.58,395.55,387.88,380.53,373.46,366.63,360.02,353.58,347.25,340.63,333.28,270.12,266.18,262.38,258.7,256.38,252.63,248.96,245.35,241.76,238.18,234.53,230.65,225.45,166.7,164.77,162.91,160.8,158.67,156.5,154.24,151.8,148.79,90.705,89.932,89.177,88.439,87.719,87.015
648.27,675.91,646.63,617.07,584.59,557.56,591.7,576.89,559.73,543.02,526.83,511.17,496.28,482.31,469.32,457.33,446.25,435.91,426.21,417.06,408.4,400.17,392.33,384.83,377.64,370.73,364.05,357.58,351.28,345.1,338.91,331.94,323.45,264.12,260.41,256.82,254.62,250.95,247.36,243.82,240.31,236.8,233.23,229.46,224.79,165.61,163.72,161.97,159.9,157.81,155.69,153.5,151.15,148.36,89.981,89.226,88.488,87.767,87.063,86.375
694.28,666.14,635.73,603.94,572.91,600.99,588.47,570.74,553.32,536.54,520.27,504.7,490.05,476.41,463.88,452.34,441.63,431.61,422.18,413.27,404.83,396.8,389.14,381.81,374.78,368.02,361.48,355.15,348.99,342.95,336.98,330.46,322.93,262.08,258.46,254.96,251.55,249.3,245.77,242.3,238.87,235.43,231.94,228.27,223.91,164.53,162.68,161.03,159,156.96,154.89,152.76,150.48,147.86,89.265,88.528,87.808,87.103,86.415,85.742
686.1,654.83,623.67,589.67,561.88,600.32,582.19,564.02,546.58,529.7,513.45,498.08,483.77,470.64,458.6,447.48,437.11,427.38,418.21,409.53,401.29,393.45,385.97,378.81,371.94,365.33,358.94,352.74,346.71,340.81,334.98,328.89,321.91,260.07,256.54,253.12,249.79,247.66,244.21,240.81,237.44,234.08,230.66,227.09,222.95,163.46,161.65,159.87,158.12,156.12,154.09,152.01,149.81,147.32,88.559,87.839,87.135,86.448,85.775,85.117
674.63,642.65,608.91,577.33,612.33,594.12,575.16,556.97,539.48,522.55,506.45,491.41,477.62,465.05,453.48,442.73,432.68,423.22,414.28,405.82,397.78,390.13,382.82,375.83,369.12,362.66,356.41,350.35,344.44,338.67,332.98,327.27,320.66,311.18,254.64,251.3,248.05,246.04,242.66,239.33,236.03,232.73,229.39,225.91,221.95,162.4,160.63,158.89,157.24,155.28,153.3,151.27,149.13,146.76,143.46,87.159,86.471,85.8,85.142,84.499
661.76,629.01,593.77,623.43,606.5,586.8,567.76,549.61,532.03,515.17,499.36,484.86,471.7,459.65,448.49,438.08,428.31,419.09,410.38,402.12,394.28,386.81,379.69,372.87,366.31,360,353.89,347.97,342.19,336.55,330.99,325.45,319.28,311.74,252.77,249.5,246.33,244.44,241.12,237.86,234.63,231.4,228.13,224.73,220.93,161.35,159.62,157.92,156.36,154.45,152.51,150.52,148.44,146.17,143.27,86.487,85.816,85.16,84.518,83.889
647.99,612.08,580.95,619.23,598.98,579.02,560.1,541.88,524.28,507.65,492.37,478.57,465.99,454.4,443.6,433.49,423.97,414.99,406.5,398.45,390.8,383.52,376.56,369.91,363.52,357.35,351.39,345.6,339.96,334.43,329,323.6,317.83,310.97,250.92,247.73,244.63,242.85,239.61,236.41,233.24,230.08,226.88,223.56,219.9,160.31,158.62,156.96,155.5,153.62,151.72,149.78,147.76,145.57,142.91,85.824,85.169,84.528,83.9,83.286
631.36,597.03,632.32,611.74,590.81,570.98,552.1,533.78,516.33,500.2,485.69,472.54,460.47,449.26,438.77,428.93,419.66,410.91,402.63,394.79,387.33,380.23,373.46,366.97,360.73,354.72,348.9,343.25,337.73,332.33,327.02,321.75,316.33,309.9,249.09,245.98,242.95,241.29,238.11,234.98,231.88,228.78,225.64,222.4,218.86,159.28,157.63,156,154.64,152.8,150.94,149.04,147.07,144.96,142.47,85.169,84.53,83.904,83.291,82.691
613.34,645.88,625.05,603.2,582.35,562.68,543.68,525.4,508.37,493.07,479.29,466.71,455.06,444.18,433.98,424.4,415.37,406.85,398.79,391.15,383.88,376.97,370.36,364.03,357.95,352.09,346.42,340.9,335.52,330.24,325.05,319.9,314.79,308.68,247.29,244.25,241.3,239.75,236.63,233.56,230.52,227.48,224.42,221.25,217.82,158.26,156.65,155.06,153.79,151.98,150.16,148.31,146.39,144.34,141.98,84.524,83.9,83.288,82.689,82.103
660.37,638.91,616.22,594.27,573.68,553.98,534.9,516.93,500.75,486.29,473.15,461.03,449.72,439.14,429.22,419.9,411.11,402.82,394.97,387.53,380.45,373.72,367.28,361.12,355.19,349.48,343.95,338.57,333.32,328.16,323.08,318.05,313.01,307.38,300.14,242.55,239.66,238.22,235.17,232.16,229.18,226.21,223.2,220.11,216.78,157.25,155.68,154.12,152.94,151.18,149.39,147.58,145.7,143.71,141.47,137.82,83.277,82.68,82.096,81.522
653.36,629.9,606.81,585.15,564.68,544.83,525.91,508.77,493.54,479.8,467.17,455.41,444.43,434.14,424.5,415.43,406.89,398.81,391.18,383.93,377.05,370.49,364.22,358.22,352.44,346.88,341.49,336.25,331.13,326.1,321.13,316.22,311.65,306.01,299.48,240.87,238.04,236.71,233.72,230.78,227.85,224.94,222,218.97,215.74,211.52,154.72,153.19,152.11,150.38,148.63,146.85,145.02,143.09,140.94,138.01,82.663,82.08,81.509,80.949
644.1,620.01,597.18,575.81,555.19,535.34,517.16,501.09,486.69,473.51,461.27,449.85,439.18,429.19,419.82,411,402.69,394.84,387.41,380.36,373.66,367.27,361.18,355.33,349.71,344.3,339.05,333.94,328.94,324.04,319.19,314.39,309.58,304.61,298.51,239.21,236.45,235.23,232.3,229.41,226.54,223.69,220.81,217.85,214.7,210.81,153.76,152.28,151.28,149.58,147.87,146.13,144.34,142.46,140.39,137.76,82.057,81.488,80.93,80.382
633.63,609.8,587.4,565.98,545.23,525.95,508.96,493.83,480.06,467.3,455.42,444.34,433.98,424.28,415.17,406.6,398.52,390.89,383.66,376.81,370.29,364.08,358.15,352.46,347,341.72,336.61,331.64,326.77,321.99,317.26,312.57,307.88,303.19,297.4,237.57,234.88,233.76,230.89,228.06,225.25,222.45,219.62,216.73,213.67,210.01,152.82,151.37,149.92,148.8,147.12,145.41,143.67,141.83,139.84,137.41,81.46,80.904,80.359,79.823
622.76,599.47,577.21,555.57,535.18,517.18,501.27,486.85,473.53,461.16,449.64,438.88,428.83,419.41,410.57,402.24,394.38,386.96,379.94,373.28,366.94,360.91,355.14,349.61,344.3,339.17,334.19,329.35,324.61,319.95,315.35,310.76,306.18,301.74,296.21,288.12,233.32,232.31,229.5,226.72,223.97,221.22,218.46,215.63,212.64,209.16,151.89,150.47,149.05,148.02,146.37,144.7,142.99,141.21,139.27,136.99,80.87,80.327,79.794,79.272
611.75,588.83,566.35,544.87,525.78,509.01,493.9,533.02,521.75,510.27,498.86,487.45,475,414.59,406,397.91,390.28,383.07,376.25,369.77,363.62,357.76,352.16,346.78,341.61,336.63,331.79,327.07,322.46,317.93,313.44,308.96,304.49,300.29,294.97,288.32,231.79,230.88,228.12,225.4,222.7,220.01,217.3,214.53,211.62,208.28,150.97,149.58,148.19,147.25,145.63,144,142.32,140.58,138.71,136.54,80.288,79.758,79.238,78.727
600.44,577.45,554.98,534.76,517.09,556.3,544.18,531.94,519.94,508.31,497.05,486.11,475.36,464.5,401.46,393.61,386.2,379.2,372.58,366.3,360.32,354.63,349.19,343.97,338.95,334.1,329.4,324.81,320.33,315.91,311.53,307.17,302.81,298.4,293.69,287.62,230.27,229.47,226.76,224.1,221.45,218.81,216.15,213.44,210.6,207.39,150.06,148.7,147.34,146.48,144.9,143.3,141.66,139.95,138.14,136.07,132.57,79.196,78.688,78.189
588.27,565.36,544.13,580.01,567.34,553.77,540.51,527.81,515.71,504.22,493.29,482.85,473.02,462.87,452.65,440.27,382.16,375.37,368.94,362.85,357.06,351.53,346.25,341.18,336.3,331.6,327.02,322.56,318.2,313.9,309.64,305.39,301.13,296.83,292.39,286.71,228.78,226.38,225.42,222.81,220.21,217.63,215.02,212.37,209.59,206.49,149.15,147.82,146.5,145.72,144.17,142.6,141,139.33,137.56,135.58,132.81,78.642,78.146,77.658
575.24,553.76,592.29,577.34,562.81,548.83,535.51,522.91,511.02,499.76,489.09,478.92,469.2,460.3,450.66,440.88,378.15,371.57,365.34,359.43,353.82,348.46,343.34,338.42,333.68,329.11,324.67,320.33,316.09,311.91,307.76,303.62,299.47,295.27,291.07,285.68,227.31,224.96,224.1,221.54,218.99,216.45,213.9,211.3,208.59,205.59,148.26,146.96,145.67,144.98,143.45,141.91,140.34,138.71,136.99,135.08,132.6,78.095,77.611,77.134
620.82,603.59,587.44,571.99,557.24,543.26,530.11,517.77,506.14,495.15,484.73,474.83,465.37,456.3,448.08,438.87,429.36,367.81,361.78,356.06,350.61,345.42,340.45,335.68,331.08,326.64,322.33,318.12,313.99,309.93,305.89,301.86,297.81,293.71,289.52,284.59,225.85,223.56,221.3,220.28,217.78,215.29,212.79,210.24,207.59,204.69,147.38,146.11,144.84,144.23,142.74,141.23,139.69,138.09,136.42,134.57,132.28,77.556,77.083,76.617
615.36,597.92,581.46,565.86,551.16,537.43,524.58,512.53,501.18,490.47,480.31,470.66,461.46,452.64,444.15,436.4,427.52,417.94,358.26,352.72,347.44,342.41,337.59,332.96,328.5,324.19,320.01,315.92,311.91,307.96,304.03,300.11,296.16,292.16,288.07,283.45,276.63,222.18,219.97,219.04,216.59,214.15,211.69,209.2,206.6,203.78,199.57,145.26,144.03,143.5,142.03,140.55,139.04,137.48,135.84,134.06,131.91,77.024,76.562,76.107
608.82,591.3,574.77,559.31,544.92,531.52,518.99,507.25,496.2,485.76,475.86,466.45,457.5,448.93,440.69,432.71,425.21,416.5,354.79,349.42,344.32,339.44,334.77,330.28,325.95,321.77,317.71,313.73,309.84,306,302.18,298.36,294.52,290.62,287.08,282.28,276.29,220.81,218.66,216.52,215.41,213.02,210.61,208.16,205.62,202.88,199.26,144.43,143.22,142.77,141.33,139.88,138.4,136.87,135.27,133.54,131.5,76.499,76.048,75.604
601.36,584,567.74,552.65,538.63,525.59,513.41,501.98,491.21,481.03,471.38,462.22,453.51,445.18,437.18,429.45,421.91,414.46,405.58,346.18,341.23,336.51,331.98,327.63,323.43,319.37,315.43,311.57,307.79,304.06,300.35,296.63,292.89,289.09,285.2,281.1,275.56,219.46,217.36,215.27,214.25,211.9,209.53,207.14,204.65,201.98,198.63,143.6,142.42,142.05,140.64,139.21,137.76,136.26,134.7,133.02,131.08,75.981,75.54,75.107
593.37,576.47,560.64,545.97,532.37,519.7,507.84,496.71,486.22,476.29,466.9,457.99,449.51,441.42,433.65,426.16,418.87,411.68,403.97,342.99,338.2,333.62,329.23,325.01,320.94,317,313.17,309.42,305.75,302.13,298.52,294.91,291.27,287.56,283.77,279.9,274.69,218.13,216.07,214.03,213.09,210.79,208.47,206.12,203.69,201.09,197.93,142.78,141.63,140.48,139.95,138.55,137.12,135.66,134.14,132.5,130.64,127.8,75.04,74.617
585.24,568.89,553.55,539.34,526.14,513.82,502.29,491.44,481.22,471.56,462.42,453.76,445.52,437.66,430.12,422.85,415.8,408.87,401.98,393.37,335.21,330.78,326.52,322.42,318.47,314.65,310.93,307.3,303.74,300.22,296.71,293.2,289.65,286.05,282.35,278.69,273.73,216.82,214.81,212.81,211.96,209.69,207.42,205.12,202.74,200.2,197.2,141.98,140.85,139.72,138.59,137.89,136.5,135.06,133.57,131.98,130.18,127.73,74.546,74.133
577.12,561.35,546.53,532.76,519.94,507.96,496.73,486.17,476.23,466.84,457.96,449.54,441.54,433.91,426.6,419.55,412.71,406.02,399.81,391.92,332.28,327.98,323.85,319.88,316.04,312.33,308.72,305.19,301.74,298.32,294.91,291.5,288.05,284.54,280.94,277.48,272.72,215.52,213.55,211.6,210.83,208.61,206.38,204.12,201.79,199.32,196.44,141.18,140.07,138.97,137.86,137.25,135.87,134.47,133.01,131.46,129.72,127.48,74.06,73.655
569.08,553.91,539.57,526.22,513.76,502.1,491.18,480.91,471.25,462.14,453.52,445.35,437.6,430.19,423.09,416.25,409.63,403.15,396.73,390.1,381.06,325.23,321.22,317.37,313.65,310.04,306.54,303.11,299.76,296.44,293.13,289.81,286.46,283.04,279.53,275.89,271.68,214.24,212.32,210.41,209.72,207.54,205.36,203.14,200.86,198.44,195.67,140.39,139.31,138.23,137.15,136.06,135.26,133.88,132.45,130.93,129.26,127.17,73.579,73.184
561.15,546.53,532.65,519.68,507.57,496.25,485.64,475.68,466.31,457.47,449.11,441.2,433.68,426.5,419.61,412.98,406.55,400.28,394.09,388.1,380.2,322.53,318.64,314.89,311.28,307.79,304.38,301.05,297.79,294.57,291.36,288.13,284.87,281.55,278.13,275.05,270.62,264.66,211.1,209.23,208.62,206.49,204.34,202.16,199.93,197.57,194.89,139.61,138.55,137.49,136.44,135.37,134.65,133.29,131.89,130.41,128.79,126.82,73.105,72.719
553.25,539.17,525.72,513.14,501.38,490.4,480.12,470.47,461.4,452.84,444.75,437.09,429.8,422.84,416.16,409.73,403.49,397.41,391.42,386.02,378.67,319.87,316.1,312.46,308.96,305.56,302.25,299.02,295.85,292.72,289.6,286.47,283.3,280.07,276.74,273.28,269.55,264.15,209.89,208.07,207.54,205.44,203.33,201.2,199.01,196.7,194.12,138.83,137.8,136.77,135.73,134.69,134.04,132.71,131.34,129.9,128.32,126.45,72.637,72.26
545.31,531.78,518.77,506.59,495.21,484.58,474.64,465.31,456.54,448.26,440.43,433.01,425.96,419.22,412.74,406.5,400.46,394.56,388.76,382.96,376.92,367.92,313.6,310.07,306.66,303.36,300.15,297.01,293.93,290.89,287.86,284.82,281.74,278.59,275.35,271.98,268.46,263.43,208.7,206.92,206.47,204.41,202.34,200.24,198.1,195.84,193.33,138.07,137.06,136.05,135.04,134.02,133.44,132.14,130.79,129.38,127.85,126.06,72.176,71.807
537.31,524.35,511.81,500.04,489.06,478.81,469.2,460.2,451.72,443.73,436.16,428.98,422.16,415.63,409.36,403.31,397.44,391.73,386.11,380.51,375.04,367.36,311.15,307.72,304.41,301.2,298.07,295.02,292.03,289.08,286.13,283.18,280.19,277.13,273.97,270.69,267.37,262.61,207.53,205.78,205.41,203.39,201.36,199.3,197.19,194.99,192.55,137.31,136.32,135.34,134.35,133.35,132.85,131.57,130.25,128.87,127.37,125.66,122.95,71.361
529.24,516.89,504.85,493.53,482.96,473.08,463.83,455.14,446.97,439.25,431.94,425,418.4,412.08,406,400.14,394.46,388.92,383.47,378.05,372.54,366.02,308.74,305.41,302.19,299.06,296.03,293.06,290.16,287.29,284.42,281.56,278.65,275.67,272.6,269.4,266.28,261.73,206.37,204.66,204.36,202.38,200.38,198.37,196.3,194.14,191.78,188.52,135.6,134.63,133.66,132.69,132.26,131,129.71,128.35,126.9,125.25,122.91,70.919
521.15,509.44,497.93,487.07,476.92,467.43,458.52,450.16,442.28,434.83,427.77,421.07,414.68,408.57,402.69,397.01,391.5,386.12,380.84,375.6,370.29,364.44,306.37,303.13,300,296.96,294.01,291.13,288.3,285.51,282.73,279.94,277.12,274.23,271.24,268.13,265.18,260.82,205.22,203.55,203.33,201.38,199.42,197.44,195.42,193.3,191,188.01,134.88,133.93,132.99,132.04,131.67,130.44,129.17,127.84,126.43,124.83,122.71,70.484
566.08,502.08,491.09,480.71,470.99,461.88,453.32,445.26,437.67,430.48,423.66,417.19,411.01,405.1,399.41,393.91,388.57,383.36,378.24,373.16,368.03,362.74,354.38,300.9,297.85,294.9,292.02,289.22,286.47,283.76,281.06,278.35,275.6,272.79,269.89,266.86,264.08,259.88,204.09,202.45,202.31,200.39,198.47,196.53,194.54,192.47,190.23,187.42,134.17,133.25,132.32,131.39,130.44,129.88,128.64,127.34,125.95,124.41,122.43,70.055
562.7,548.73,484.46,474.54,465.23,456.49,448.25,440.49,433.16,426.22,419.63,413.37,407.4,401.67,396.16,390.84,385.67,380.62,375.65,370.73,365.77,360.98,353.71,298.7,295.74,292.86,290.06,287.33,284.66,282.02,279.4,276.77,274.1,271.37,268.55,265.59,262.48,258.92,252.27,201.37,201.3,199.42,197.53,195.62,193.67,191.64,189.46,186.8,133.47,132.56,131.66,130.75,129.82,129.33,128.11,126.83,125.48,123.98,122.12,69.631
557.91,545.11,532.94,518.47,459.69,451.29,443.36,435.87,428.79,422.07,415.69,409.62,403.84,398.3,392.96,387.81,382.8,377.9,373.09,368.32,363.52,359.17,352.46,296.54,293.66,290.86,288.13,285.48,282.88,280.31,277.75,275.2,272.61,269.96,267.21,264.34,261.3,257.95,252.55,200.3,200.3,198.45,196.6,194.73,192.81,190.83,188.69,186.15,132.77,131.89,131,130.11,129.21,128.78,127.58,126.33,125.01,123.55,121.79,69.212
552.78,540.66,529.01,517.71,504.54,446.28,438.63,431.39,424.54,418.04,411.85,405.96,400.35,394.97,389.8,384.81,379.96,375.22,370.55,365.92,361.27,356.5,351.02,294.42,291.61,288.89,286.23,283.64,281.11,278.61,276.13,273.65,271.13,268.55,265.88,263.09,260.13,256.98,252.04,199.24,199.31,197.5,195.68,193.84,191.96,190.01,187.93,185.49,132.09,131.22,130.35,129.48,128.6,128.24,127.06,125.84,124.54,123.13,121.44,68.799
547.42,535.91,524.8,514.12,503.67,441.44,434.06,427.06,420.43,414.12,408.11,402.39,396.93,391.71,386.69,381.85,377.15,372.56,368.04,363.55,359.04,354.44,349.47,292.33,289.6,286.95,284.36,281.84,279.37,276.94,274.52,272.11,269.66,267.16,264.56,261.84,259.71,255.99,251.37,198.2,198.34,196.56,194.77,192.96,191.12,189.21,187.17,184.82,131.41,130.56,129.71,128.86,127.99,127.7,126.54,125.34,124.08,122.7,121.08,68.391
541.92,530.97,520.36,510.17,500.24,489.88,429.63,422.86,416.43,410.31,404.47,398.91,393.6,388.51,383.64,378.94,374.38,369.93,365.55,361.19,356.83,352.37,347.86,340.09,287.62,285.04,282.51,280.06,277.66,275.29,272.94,270.59,268.21,265.78,263.26,260.61,257.8,255.01,250.63,197.16,197.37,195.63,193.87,192.09,190.29,188.41,186.42,184.15,130.74,129.91,129.08,128.24,127.39,127.17,126.03,124.85,123.61,122.27,120.71,118.31
536.37,525.93,515.77,506.02,496.57,487.2,476.1,418.77,412.54,406.6,400.93,395.51,390.34,385.39,380.64,376.07,371.65,367.33,363.08,358.86,354.63,350.31,346.21,339.38,285.68,283.15,280.7,278.31,275.97,273.66,271.37,269.08,266.77,264.41,261.96,259.38,256.65,254.02,249.84,196.14,196.42,194.7,192.98,191.24,189.46,187.62,185.68,183.48,130.07,129.26,128.45,127.63,126.8,126.64,125.52,124.37,123.15,121.84,120.34,118.21
530.82,520.85,511.11,501.76,492.73,483.85,474.65,414.8,408.75,402.98,397.47,392.2,387.16,382.33,377.69,373.25,368.95,364.76,360.64,356.55,352.44,348.27,344.54,338.22,283.76,281.3,278.91,276.58,274.3,272.04,269.82,267.59,265.35,263.05,260.67,258.16,255.51,253.04,249.02,195.14,195.48,193.79,192.1,190.39,188.64,186.84,184.94,182.8,129.42,128.62,127.83,127.02,126.21,126.12,125.02,123.88,122.69,121.41,119.96,118.01
525.33,515.77,506.41,497.44,488.79,480.32,471.8,461.29,405.07,399.46,394.09,388.96,384.05,379.34,374.81,370.47,366.29,362.23,358.23,354.26,350.28,346.23,342.01,336.9,281.88,279.48,277.15,274.87,272.65,270.45,268.28,266.12,263.94,261.7,259.39,256.95,254.37,252.05,248.18,194.14,194.55,192.89,191.23,189.55,187.83,186.07,184.2,182.13,178.96,127.99,127.21,126.42,125.63,125.6,124.52,123.4,122.24,120.98,119.57,117.76
519.91,510.74,501.72,493.09,484.78,476.69,468.62,459.89,401.46,396.01,390.79,385.79,381.01,376.41,371.99,367.75,363.68,359.72,355.85,352,348.14,344.21,341.15,335.5,280.02,277.69,275.41,273.19,271.02,268.88,266.77,264.66,262.54,260.37,258.12,255.75,253.23,251.07,247.32,193.15,193.63,192,190.37,188.71,187.03,185.3,183.47,181.45,178.67,127.36,126.6,125.83,125.06,125.08,124.02,122.93,121.78,120.56,119.19,117.47
514.57,505.77,497.09,488.75,480.75,472.99,465.3,457.77,397.94,392.64,387.56,382.69,378.02,373.54,369.23,365.08,361.1,357.25,353.49,349.76,346.01,342.2,338.26,334.04,278.19,275.92,273.7,271.54,269.42,267.33,265.27,263.22,261.16,259.05,256.86,254.56,252.11,250.09,246.46,192.18,190.87,191.12,189.51,187.89,186.24,184.54,182.75,180.78,178.21,126.74,126,125.24,124.49,124.58,123.53,122.46,121.33,120.13,118.8,117.17
509.33,500.88,492.51,484.45,476.73,469.25,461.91,454.46,445.44,389.34,384.4,379.66,375.1,370.73,366.52,362.47,358.57,354.82,351.16,347.54,343.91,340.21,336.4,332.55,324.73,274.18,272.02,269.91,267.84,265.81,263.8,261.8,259.79,257.73,255.61,253.37,250.99,249.11,245.59,240.41,189.94,190.25,188.67,187.07,185.45,183.78,182.03,180.11,177.69,126.13,125.4,124.66,123.92,124.07,123.04,121.99,120.89,119.71,118.42,116.86
504.18,496.07,487.99,480.21,472.74,465.52,458.47,451.4,443.72,386.1,381.3,376.68,372.24,367.97,363.86,359.9,356.09,352.43,348.87,345.35,341.82,338.24,334.54,331.03,324.42,272.47,270.36,268.3,266.28,264.3,262.34,260.39,258.43,256.44,254.37,252.19,249.88,247.37,244.71,240.04,189.01,187.76,187.84,186.27,184.67,183.03,181.32,179.45,177.14,125.52,124.81,124.09,123.36,123.57,122.56,121.52,120.44,119.29,118.03,116.53
