105,123.73,142.46,161.19,179.92,198.64,217.37,236.1,254.83,273.56,292.29,311.02,329.75,348.47,367.2,385.93,404.66,423.39,442.12,460.85,479.58,498.31,517.03,535.76,554.49,573.22,591.95,610.68,629.41,648.14,666.86,685.59,704.32,723.05,741.78,760.51,779.24,797.97,816.69,835.42,854.15,872.88,891.61,910.34,929.07,947.8,966.53,985.25,1004,1022.7,1041.4,1060.2,1078.9,1097.6,1116.4,1135.1,1153.8,1172.5,1191.3,1210
0.6,0.60593,0.61186,0.6178,0.62373,0.62966,0.63559,0.64153,0.64746,0.65339,0.65932,0.66525,0.67119,0.67712,0.68305,0.68898,0.69492,0.70085,0.70678,0.71271,0.71864,0.72458,0.73051,0.73644,0.74237,0.74831,0.75424,0.76017,0.7661,0.77203,0.77797,0.7839,0.78983,0.79576,0.80169,0.80763,0.81356,0.81949,0.82542,0.83136,0.83729,0.84322,0.84915,0.85508,0.86102,0.86695,0.87288,0.87881,0.88475,0.89068,0.89661,0.90254,0.90847,0.91441,0.92034,0.92627,0.9322,0.93814,0.94407,0.95
1247.3,1237.4,1227.6,1218.3,1208.9,1199.7,1189.9,1180.7,1171.7,1162.8,1154.1,1145.5,1137,1128.9,1121.2,1113.5,1106.3,1099.4,1092.6,1085.2,1077.5,1069.5,1061.7,1055.9,1052.8,1051.3,1050.2,1049.3,1048.5,1047.6,1046.8,1045.9,1044.9,1044,1043,1042,1041,1040,1039,1037.9,1036.8,1035.7,1034.6,1033.5,1032.3,1031.1,1029.9,1028.7,1027.5,1026.3,1025,1023.7,1022.4,1021.1,1019.7,1018.3,1016.9,1015.5,1014,1012.5
1217.5,1206.4,1196.3,1186,1175.9,1166,1156.1,1146.9,1137.6,1128.4,1119.2,1110.4,1101.4,1092.6,1083.1,1074.5,1066.4,1058.5,1051,1043.9,1036.5,1029,1020.4,1012.3,1007.4,1005.2,1004.1,1003.4,1002.6,1001.9,1001.2,1000.4,999.63,998.83,998.01,997.16,996.3,995.42,994.51,993.59,992.66,991.7,990.73,989.75,988.75,987.73,986.71,985.66,984.61,983.54,982.45,981.36,980.24,979.12,977.97,976.81,975.64,974.44,973.22,971.99
1084.2,1184.3,1173.6,1163,1152.1,1141.7,1131.7,1121.6,1111.6,1102.2,1092.7,1083.5,1074.2,1065.2,1056.1,1047.3,1038.6,1029.6,1021.2,1013.4,1006.1,998.57,990.18,981.44,974.09,970.6,969.3,968.58,967.97,967.39,966.78,966.17,965.53,964.88,964.2,963.51,962.79,962.06,961.3,960.53,959.74,958.93,958.11,957.27,956.41,955.54,954.66,953.76,952.84,951.92,950.98,950.02,949.06,948.08,947.08,946.07,945.05,944.02,942.97,941.9
1178.1,1167.5,1156.4,1145.3,1134.4,1123.6,1113.5,1103.2,1092.9,1083.1,1073,1063.8,1054.4,1045.3,1035.9,1026.5,1017.2,1007.8,999.25,990.97,983.02,975.64,967.46,958.65,950.02,945.12,943.41,942.67,942.13,941.62,941.11,940.58,940.03,939.47,938.88,938.28,937.67,937.03,936.37,935.7,935.01,934.31,933.58,932.85,932.09,931.32,930.54,929.74,928.93,928.11,927.27,926.42,925.56,924.68,923.79,922.89,921.97,921.05,920.1,919.15
1165.8,1154.4,1143.1,1131.7,1121,1110.1,1099.3,1088.5,1078,1067.9,1058.1,1048.4,1038.7,1029,1019.9,1010.7,1001.3,992.39,983.03,974.17,965.56,957.85,949.79,941.06,931.73,925.51,923.25,922.4,921.87,921.41,920.95,920.48,919.99,919.48,918.96,918.42,917.87,917.3,916.71,916.11,915.5,914.86,914.22,913.56,912.88,912.19,911.49,910.77,910.04,909.3,908.55,907.78,907,906.21,905.4,904.59,903.76,902.92,902.07,901.21
1155.9,1144.4,1133.3,1121.3,1110.3,1099.2,1088.1,1077.2,1066.4,1055.7,1045.8,1035.7,1025.7,1015.8,1006.3,997.23,987.84,978.35,969.36,960.65,952.2,944.14,936.27,927.49,918.07,910.8,908.17,907.27,906.75,906.28,905.82,905.35,904.86,904.37,903.86,903.33,902.79,902.24,901.67,901.09,900.49,899.88,899.26,898.62,897.97,897.31,896.63,895.95,895.25,894.54,893.82,893.09,892.35,891.6,890.84,890.07,889.28,888.49,887.69,886.87
1146.9,1135.5,1124.3,1113,1101.5,1090.9,1079.1,1068.8,1057.2,1046.4,1035.7,1025.4,1015.5,1005.7,995.48,986.07,976.77,967.01,957.43,948.52,939.96,931.77,923.63,915.16,905.77,897.44,893.93,892.87,892.35,891.92,891.5,891.07,890.64,890.2,889.74,889.27,888.8,888.3,887.8,887.28,886.75,886.21,885.66,885.09,884.51,883.92,883.31,882.7,882.07,881.43,880.79,880.13,879.46,878.78,878.08,877.38,876.67,875.95,875.22,874.47
1139.6,1127.7,1116.2,1105.1,1093.2,1081.8,1070.9,1059.7,1049,1038.3,1027.8,1017.8,1007.7,997.94,987.4,977.65,967.94,958.07,948.29,938.89,930.06,921.62,913.3,905.01,895.21,886.37,882.21,880.96,880.45,880.05,879.67,879.29,878.91,878.51,878.1,877.68,877.24,876.8,876.35,875.88,875.41,874.92,874.42,873.91,873.39,872.86,872.32,871.78,871.22,870.65,870.07,869.49,868.9,868.3,867.7,867.11,866.55,866.13,865.43,864.71
1133.6,1121.7,1109.8,1098.4,1086.5,1075.2,1064.2,1052.3,1041.6,1030.2,1020.2,1009.8,999.51,989.31,979.37,969.63,960.01,950.78,941.05,931.86,922.79,914.17,906,897.65,888.16,878.62,873.55,872.14,871.58,871.16,870.77,870.37,869.97,869.56,869.14,868.72,868.28,867.83,867.38,866.91,866.43,865.95,865.45,864.94,864.43,863.9,863.36,862.82,862.26,861.69,861.12,860.53,859.94,859.34,858.73,858.11,857.48,856.84,856.19,855.54
1128.3,1116.1,1104.3,1092.6,1081.6,1069.8,1058.1,1046.4,1035.4,1024.3,1013.3,1002.5,992.63,982.11,971.74,962.06,952.43,942.97,933.49,923.71,914.8,906.05,897.78,889.43,880.56,870.78,864.55,862.84,862.25,861.86,861.49,861.12,860.75,860.38,860,859.61,859.22,858.82,858.4,857.98,857.55,857.11,856.66,856.2,855.73,855.26,854.77,854.27,853.77,853.25,852.73,852.2,851.66,851.11,850.55,849.98,849.4,848.82,848.22,847.62
1123.9,1112,1099.5,1088,1076.6,1064.9,1053.1,1041.6,1030.3,1018.9,1008.4,997.4,986.66,976.39,966.3,956.57,946.26,936.54,926.88,917.3,908.15,899,890.91,882.77,873.58,863.69,856.88,854.89,854.27,853.89,853.54,853.2,852.85,852.5,852.15,851.79,851.43,851.06,850.68,850.29,849.9,849.5,849.08,848.66,848.24,847.8,847.35,846.9,846.43,845.96,845.48,844.99,844.5,843.99,843.48,842.95,842.42,841.88,841.33,840.78
1120.2,1107.7,1095.6,1084.1,1073,1060.8,1049.4,1037.4,1026.1,1014.9,1004,993.41,982.36,971.73,961.64,951.58,941.58,931.5,921.55,911.77,902.66,893.65,885.07,876.85,867.66,857.68,850.39,848.09,847.42,847.06,846.73,846.41,846.1,845.77,845.45,845.12,844.78,844.43,844.08,843.72,843.36,842.98,842.6,842.22,841.82,841.42,841.01,840.59,840.16,839.73,839.28,838.83,838.37,837.91,837.44,836.95,836.47,835.97,835.47,834.95
1115.4,1103.3,1091.1,1079.6,1068.5,1056.7,1045.7,1034,1022.7,1011.6,1000.4,989.6,979.21,968.29,958.14,947.74,937.94,927.84,917.9,907.76,898.17,889.1,880.55,871.93,863.08,852.93,845.04,842.34,841.63,841.26,840.96,840.67,840.38,840.1,839.82,839.53,839.25,838.95,838.66,838.36,838.05,837.75,837.44,837.15,836.9,836.87,836.44,836.01,835.57,835.12,834.66,834.2,833.73,833.25,832.77,832.28,831.78,831.28,830.77,830.25
1112.4,1100,1087.4,1075.5,1064.3,1052.4,1040.9,1029.3,1018.2,1006.7,996.3,985.05,974.56,964.24,954.31,943.71,933.99,924.25,914.63,905.21,895.34,886.3,877.62,869.25,860.39,850.35,841.54,838.18,837.36,836.95,836.62,836.29,835.97,835.65,835.32,834.99,834.66,834.32,833.98,833.63,833.28,832.92,832.55,832.18,831.8,831.41,831.01,830.61,830.21,829.79,829.37,828.94,828.51,828.07,827.62,827.16,826.7,826.23,825.75,825.27
1109.2,1096.4,1084.1,1071.7,1060.5,1048.8,1037.6,1025.2,1014.1,1002.9,991.86,981.09,970.26,960.03,949.87,939.48,930.02,920.15,910.04,900.45,891,881.79,873.09,864.49,855.89,845.92,836.9,833.03,832.08,831.67,831.35,831.04,830.74,830.43,830.13,829.82,829.51,829.19,828.88,828.55,828.22,827.89,827.55,827.2,826.85,826.49,826.13,825.75,825.38,824.99,824.6,824.2,823.8,823.39,822.97,822.55,822.12,821.68,821.24,820.78
1106,1093.1,1081,1069.6,1057.2,1045.5,1033.8,1022.1,1010.4,999.78,988.19,977.27,966.27,956.02,945.76,935.69,926.08,915.93,906.52,896.7,887.07,877.79,868.89,860.48,851.96,842.12,832.68,828.37,827.34,826.92,826.6,826.31,826.02,825.73,825.44,825.15,824.86,824.56,824.27,823.96,823.66,823.34,823.03,822.7,822.38,822.04,821.7,821.36,821,820.65,820.28,819.91,819.54,819.15,818.76,818.37,817.97,817.56,817.14,816.72
1104.2,1090.9,1078.8,1066.5,1054.6,1042.6,1031.3,1019.3,1007.3,995.91,985.47,974.16,963.01,952.9,942.53,932.41,922.45,912.39,902.63,892.97,883.39,874.08,865.21,856.68,847.96,838.73,828.99,824.21,823.04,822.62,822.32,822.03,821.75,821.48,821.2,820.93,820.65,820.37,820.09,819.8,819.51,819.22,818.92,818.62,818.31,818,817.68,817.36,817.03,816.69,816.35,816.01,815.66,815.3,814.93,814.56,814.19,813.8,813.41,813.02
1101.1,1088.2,1076.3,1063.7,1051.7,1039.9,1027.9,1016.2,1004.8,993.45,982.22,971.2,960.57,949.61,939.33,928.93,918.84,909.22,899.44,889.66,880.08,870.69,861.69,853.1,844.67,835.22,825.64,820.43,819.15,818.72,818.42,818.15,817.88,817.61,817.35,817.08,816.82,816.55,816.29,816.02,815.74,815.46,815.18,814.9,814.61,814.31,814.02,813.71,813.4,813.09,812.77,812.44,812.11,811.78,811.43,811.09,810.73,810.37,810.01,809.64
1098.9,1086.6,1074,1061.6,1049.3,1037.5,1025.7,1013.8,1002.6,990.93,979.37,968.47,957.62,946.87,936.35,926.05,915.99,906.1,896.07,886.58,876.76,867.56,858.53,850.07,841.6,832.08,822.2,816.93,815.61,815.17,814.87,814.61,814.34,814.08,813.83,813.58,813.32,813.07,812.81,812.56,812.29,812.03,811.76,811.49,811.22,810.94,810.66,810.37,810.08,809.78,809.48,809.18,808.86,808.55,808.23,807.9,807.56,807.23,806.88,806.53
1096.9,1084.6,1072.1,1059.6,1047.4,1035.2,1023.5,1011.7,1000.2,988.46,977.21,965.96,955.06,944.19,933.6,923.43,913.45,903.64,893.65,883.65,874.02,864.62,855.7,847,838.55,829.07,819.27,813.79,812.36,811.93,811.63,811.37,811.11,810.86,810.61,810.37,810.12,809.88,809.63,809.38,809.13,808.88,808.63,808.37,808.11,807.84,807.58,807.3,807.03,806.75,806.46,806.17,805.88,805.58,805.27,804.96,804.65,804.33,804,803.67
1094.9,1082.5,1069.5,1057.1,1045,1033.3,1022,1009.6,997.5,986.43,975.03,963.61,952.64,942.09,931.34,921.09,911.08,900.78,890.87,881.06,871.54,862.17,853.11,844.28,835.8,826.54,816.61,810.9,809.4,808.94,808.65,808.39,808.14,807.9,807.66,807.42,807.18,806.94,806.71,806.47,806.23,805.99,805.74,805.49,805.25,804.99,804.74,804.48,804.22,803.95,803.68,803.4,803.12,802.84,802.55,802.26,801.96,801.65,801.35,801.03
1093.8,1080.9,1068.5,1055.9,1043.6,1031.7,1019.6,1007.3,995.56,984.32,972.92,961.52,950.44,939.74,929.28,918.75,908.61,898.72,888.79,878.94,868.99,859.46,850.54,841.98,833.14,824.06,814.12,808.14,806.64,806.2,805.91,805.65,805.41,805.17,804.93,804.7,804.47,804.24,804.01,803.78,803.55,803.31,803.08,802.84,802.6,802.36,802.11,801.87,801.61,801.36,801.1,800.84,800.57,800.3,800.03,799.75,799.46,799.18,798.88,798.59
1092.2,1079.9,1067.1,1054,1041.9,1030,1018.1,1006,994.35,982.46,971.26,959.91,948.51,937.63,927.19,916.62,906.06,896.33,886.14,876.69,867.03,857.26,848.21,839.39,831.04,821.78,811.6,805.72,804.12,803.66,803.37,803.12,802.88,802.65,802.42,802.19,801.97,801.74,801.52,801.29,801.06,800.84,800.61,800.38,800.15,799.92,799.68,799.45,799.21,798.96,798.71,798.46,798.21,797.95,797.69,797.42,797.15,796.88,796.6,796.31
1090.5,1078,1065.3,1053.3,1040.6,1028.5,1016.6,1004.8,992.71,981.01,969.32,958.34,947.23,936.04,924.92,914.57,904.33,894.28,884.63,874.56,864.69,855.05,845.83,837.43,828.64,819.46,809.55,803.34,801.76,801.31,801.03,800.78,800.54,800.31,800.09,799.86,799.64,799.42,799.2,798.99,798.77,798.55,798.33,798.11,797.88,797.66,797.43,797.2,796.97,796.73,796.5,796.25,796.01,795.76,795.51,795.26,795,794.74,794.47,794.2
1089.6,1077,1064,1052,1039.5,1027,1015,1002.5,990.87,979.02,967.79,956.45,945.33,934.53,923.68,913.04,902.89,892.7,882.39,872.7,862.62,852.97,844.1,835.16,826.97,817.59,807.45,801.17,799.59,799.13,798.85,798.61,798.37,798.14,797.92,797.7,797.49,797.27,797.06,796.84,796.63,796.42,796.2,795.99,795.77,795.55,795.33,795.11,794.89,794.66,794.43,794.2,793.97,793.73,793.49,793.24,792.99,792.74,792.49,792.23
1087.9,1075.5,1063.1,1049.7,1037.7,1025.4,1013.9,1001.7,989.99,977.77,966.18,955.03,944.02,932.96,921.79,911.47,900.87,890.92,881.05,870.62,860.83,851.14,842.05,833.37,824.85,815.79,805.27,799.21,797.57,797.1,796.83,796.58,796.36,796.13,795.91,795.69,795.48,795.27,795.06,794.85,794.64,794.44,794.23,794.01,793.8,793.59,793.38,793.16,792.95,792.73,792.51,792.28,792.06,791.83,791.6,791.36,791.12,790.88,790.63,790.38
1087,1074.3,1061.9,1048.9,1036.7,1024,1012.2,1000.1,988.09,976.36,965.03,953.32,942.39,931.44,920.31,909.54,899.04,889.25,879.03,869.21,859.3,849.8,840.39,831.45,822.8,813.52,803.47,797.38,795.68,795.22,794.94,794.7,794.47,794.25,794.03,793.82,793.61,793.4,793.2,792.99,792.79,792.58,792.38,792.18,791.97,791.76,791.55,791.35,791.14,790.92,790.71,790.49,790.27,790.05,789.83,789.6,789.37,789.14,788.9,788.66
1086.1,1073.8,1060.4,1047.6,1035.4,1022.8,1011.3,999.17,987.55,975.38,963.52,952.57,941.36,929.82,918.85,908.3,897.88,887.71,877.61,867.46,857.7,847.93,838.6,829.97,821.1,812.1,801.95,795.63,793.91,793.46,793.18,792.95,792.72,792.49,792.28,792.07,791.86,791.66,791.45,791.25,791.05,790.85,790.65,790.45,790.25,790.05,789.85,789.64,789.44,789.23,789.02,788.81,788.6,788.39,788.17,787.95,787.73,787.5,787.27,787.04
1084.9,1072.2,1059.6,1046.5,1034,1021.9,1010.1,998.2,986.22,974.28,962.54,951.17,939.82,928.48,917.74,907.12,896.58,886.19,876.34,866.34,856.26,846.4,837.13,828.14,819.92,810.52,800.26,793.95,792.25,791.8,791.54,791.29,791.07,790.85,790.64,790.43,790.23,790.03,789.83,789.63,789.43,789.23,789.04,788.84,788.64,788.45,788.25,788.05,787.85,787.65,787.45,787.24,787.03,786.83,786.62,786.4,786.19,785.97,785.75,785.52
1083.7,1071.2,1058.3,1045.5,1033.6,1020.3,1009.4,997,985.21,973.23,961.5,950.14,938.61,927.17,916.04,905.57,895.59,885.31,875.07,865.13,854.83,845.12,835.73,826.81,818.05,808.95,798.9,792.38,790.7,790.25,789.99,789.75,789.53,789.31,789.1,788.9,788.69,788.5,788.3,788.1,787.91,787.71,787.52,787.33,787.13,786.94,786.75,786.55,786.36,786.16,785.96,785.76,785.56,785.36,785.15,784.95,784.74,784.53,784.31,784.1
1082.7,1070.2,1057.7,1045,1032.4,1019.9,1008.6,995.75,983.83,972.12,960.23,949.15,937.41,926.24,915.39,904.5,893.98,883.89,873.83,863.55,853.54,843.8,834.23,825.56,816.95,807.71,797.46,790.87,789.25,788.81,788.54,788.3,788.08,787.87,787.66,787.46,787.26,787.06,786.86,786.67,786.48,786.29,786.1,785.91,785.72,785.53,785.34,785.15,784.96,784.76,784.57,784.37,784.18,783.98,783.78,783.58,783.38,783.17,782.96,782.75
1082.1,1069.5,1056.9,1044.1,1031.3,1018.9,1007,995.35,983.31,971.25,959.38,948.23,936.74,925.36,914.42,903.65,893.08,882.75,872.51,862.61,852.57,842.89,833.34,824.41,815.56,806.37,796.1,789.62,787.89,787.43,787.17,786.94,786.72,786.51,786.3,786.1,785.9,785.71,785.51,785.32,785.13,784.94,784.76,784.57,784.38,784.2,784.01,783.82,783.63,783.45,783.26,783.07,782.87,782.68,782.49,782.29,782.09,781.89,781.69,781.48
1081.5,1068.4,1056.1,1043.1,1030.8,1018.5,1006,994.35,982.56,970.43,958.46,947.05,935.44,924.38,913.52,902.87,892.13,881.97,871.53,861.42,851.41,841.61,832.12,823.1,814.28,805.05,794.76,788.23,786.59,786.15,785.88,785.66,785.44,785.23,785.02,784.82,784.62,784.43,784.24,784.05,783.87,783.68,783.49,783.31,783.12,782.94,782.76,782.57,782.39,782.2,782.02,781.83,781.64,781.45,781.26,781.07,780.88,780.68,780.49,780.29
1080.8,1067.6,1055.6,1042.6,1029.3,1017.1,1005.4,993.71,981.6,969.32,957.62,946.08,935.07,923.65,912.33,901.58,890.96,880.61,870.44,860.41,850.19,840.76,830.89,821.75,813.17,803.96,793.57,787.05,785.39,784.94,784.68,784.45,784.23,784.02,783.81,783.62,783.42,783.23,783.04,782.85,782.67,782.48,782.3,782.12,781.94,781.76,781.58,781.4,781.21,781.03,780.85,780.67,780.48,780.3,780.11,779.92,779.73,779.54,779.35,779.16
1079.6,1067.2,1054.2,1041.7,1029,1016.4,1004.8,992.75,980.57,968.79,957.05,945.14,934.03,922.46,911.44,900.89,890.11,879.81,869.29,859.75,849.48,839.74,830.01,820.97,812.46,803.1,792.43,785.92,784.23,783.78,783.53,783.3,783.09,782.88,782.67,782.48,782.28,782.09,781.91,781.72,781.54,781.36,781.18,780.99,780.82,780.64,780.46,780.28,780.1,779.92,779.74,779.56,779.38,779.2,779.02,778.84,778.65,778.46,778.28,778.09
1079.2,1066.3,1054.1,1041.2,1028.2,1016.4,1003.7,992.15,980.16,967.97,956.38,944.83,933,922.09,910.66,899.74,889.25,878.89,868.76,858.61,848.36,838.64,829.16,819.92,811.1,801.76,791.56,784.85,783.14,782.71,782.44,782.22,782,781.8,781.6,781.4,781.21,781.02,780.83,780.65,780.47,780.29,780.11,779.93,779.76,779.58,779.4,779.23,779.05,778.87,778.7,778.52,778.34,778.17,777.99,777.81,777.62,777.44,777.26,777.07
1077.9,1065.7,1053,1040.6,1027.5,1015.2,1003.3,991.57,979.11,967.37,955.74,943.62,932.59,921.08,910.2,898.94,888.58,878,867.89,857.87,847.5,837.7,828.05,818.79,810.32,800.92,790.57,783.83,782.13,781.67,781.42,781.19,780.98,780.77,780.58,780.38,780.19,780,779.82,779.63,779.45,779.28,779.1,778.92,778.75,778.58,778.4,778.23,778.05,777.88,777.71,777.53,777.36,777.18,777.01,776.83,776.65,776.47,776.29,776.11
1078.3,1064.6,1052.9,1039.4,1027.2,1014.8,1002.3,991.07,978.87,966.72,955.01,943.55,931.88,920.2,909.55,898.4,887.67,877.5,866.95,856.82,847.16,836.78,827.22,818.31,809.28,799.93,789.67,782.96,781.14,780.7,780.44,780.22,780,779.8,779.6,779.41,779.22,779.04,778.85,778.67,778.49,778.32,778.14,777.97,777.79,777.62,777.45,777.28,777.11,776.94,776.76,776.59,776.42,776.25,776.07,775.9,775.73,775.55,775.37,775.19
1077.3,1064.8,1052.6,1038.8,1026.3,1014.1,1002,990.3,977.93,965.94,954.07,942.51,931,920.05,908.46,897.76,886.93,876.54,866.33,856.25,846.42,836.15,826.52,817.32,808.55,799.14,788.89,781.99,780.19,779.77,779.52,779.29,779.08,778.88,778.68,778.49,778.3,778.12,777.94,777.76,777.58,777.41,777.23,777.06,776.89,776.72,776.55,776.38,776.21,776.04,775.87,775.7,775.53,775.36,775.19,775.02,774.85,774.68,774.5,774.33
1076.9,1064,1051.3,1038.9,1025.5,1013.2,1000.7,989.43,977.23,965.35,953.74,942.27,930.68,919.02,908.32,897.45,886.43,875.79,865.57,855.37,845.66,835.59,825.86,816.93,807.79,798.59,787.89,781.05,779.33,778.89,778.63,778.41,778.2,778,777.81,777.62,777.43,777.25,777.07,776.89,776.71,776.54,776.37,776.19,776.02,775.86,775.69,775.52,775.35,775.19,775.02,774.85,774.69,774.52,774.35,774.18,774.01,773.84,773.67,773.5
1076.3,1063,1051,1038.3,1025.4,1012.9,1000.8,989.01,976.81,964.58,953,941.52,930.04,918.53,907.28,896.7,885.75,875.54,865.03,854.58,844.87,834.76,825,815.9,806.99,797.63,787.08,780.32,778.48,778.06,777.8,777.58,777.37,777.17,776.97,776.78,776.6,776.42,776.24,776.06,775.89,775.71,775.54,775.37,775.2,775.04,774.87,774.7,774.54,774.37,774.21,774.04,773.88,773.71,773.55,773.38,773.22,773.05,772.88,772.71
1075.7,1062.9,1050.3,1037.5,1024.7,1012.2,1000,988.1,976.34,964.18,952.26,940.54,928.99,917.84,906.54,895.84,884.9,874.67,864.33,854.01,844.25,834.26,824.39,815.15,806.45,796.97,786.63,779.45,777.7,777.25,777,776.78,776.57,776.37,776.18,775.99,775.81,775.62,775.45,775.27,775.1,774.93,774.76,774.59,774.42,774.26,774.09,773.93,773.76,773.6,773.44,773.27,773.11,772.95,772.79,772.62,772.46,772.29,772.13,771.96
1075.2,1062.5,1050.1,1037.1,1024.9,1011.7,999.5,987.49,975.58,963.97,952.05,940.25,928.66,917.15,906.14,895.08,884.55,874.02,863.88,853.52,843.33,833.36,823.98,814.57,805.56,796.28,785.82,778.78,776.94,776.49,776.24,776.02,775.81,775.61,775.42,775.23,775.05,774.87,774.69,774.52,774.34,774.17,774.01,773.84,773.67,773.51,773.35,773.18,773.02,772.86,772.7,772.54,772.38,772.22,772.06,771.89,771.73,771.57,771.41,771.24
1075.1,1061.8,1049.8,1036.8,1023.5,1012,999.7,987.2,975.51,963.33,951.62,939.87,928.14,917.11,905.34,894.49,883.99,873.41,863.15,853.09,842.59,832.85,822.94,813.96,805.18,795.62,785.36,778.06,776.2,775.75,775.51,775.29,775.08,774.89,774.7,774.51,774.33,774.15,773.97,773.8,773.63,773.46,773.29,773.13,772.96,772.8,772.64,772.47,772.32,772.15,772,771.84,771.68,771.52,771.36,771.2,771.04,770.88,770.72,770.56
1074.4,1061.6,1049.1,1035.8,1023.3,1010.7,998.8,986.61,974.63,962.76,951.03,939.41,927.97,916.52,905.16,894.2,883.53,872.87,862.92,852.26,842.36,832.36,822.55,813.45,804.48,795.08,784.63,777.45,775.5,775.07,774.81,774.6,774.39,774.2,774,773.82,773.64,773.46,773.28,773.11,772.94,772.77,772.61,772.44,772.28,772.12,771.96,771.8,771.64,771.48,771.32,771.16,771.01,770.85,770.69,770.53,770.38,770.22,770.06,769.9
1073.9,1061.1,1048.8,1035.9,1023,1010.3,998.03,986.11,974.26,962.6,950.51,938.71,927.3,915.78,904.95,893.56,883.25,872.55,862.22,851.99,841.8,832.02,821.96,813,804,794.66,784.24,776.77,774.84,774.4,774.14,773.93,773.72,773.53,773.34,773.16,772.98,772.8,772.63,772.45,772.28,772.12,771.95,771.79,771.63,771.47,771.31,771.15,770.99,770.83,770.68,770.52,770.37,770.21,770.05,769.9,769.74,769.59,769.43,769.27
1073.5,1060.6,1048.1,1035.5,1022.4,1009.9,997.58,985.55,974.17,961.94,949.94,938.24,926.66,915.36,904.32,893.29,882.44,871.78,861.64,851.45,841.42,831.3,821.34,812.09,803.55,794.12,783.33,776.15,774.19,773.75,773.51,773.29,773.09,772.89,772.71,772.52,772.34,772.17,771.99,771.82,771.65,771.49,771.33,771.16,771,770.84,770.68,770.53,770.37,770.21,770.06,769.9,769.75,769.6,769.44,769.29,769.13,768.98,768.83,768.67
1073.3,1060.4,1047.5,1035,1022.4,1009.6,997.51,985.12,973.44,961.19,949.82,937.8,926.66,915.18,903.56,892.87,882.32,871.31,861.39,850.82,840.79,830.67,820.91,811.64,803.02,793.36,783.2,775.62,773.58,773.15,772.89,772.68,772.48,772.28,772.1,771.91,771.74,771.56,771.39,771.22,771.05,770.89,770.72,770.56,770.4,770.24,770.09,769.93,769.78,769.62,769.47,769.31,769.16,769.01,768.86,768.7,768.55,768.4,768.25,768.09
1073.6,1060,1047.4,1034.7,1021.4,1009.5,996.79,984.72,973.13,961.17,949.42,937.8,926.2,914.64,903.61,892.33,881.64,871.15,860.83,850.69,840.32,830.17,820.47,811.51,802.26,793.13,782.41,774.97,773,772.56,772.3,772.1,771.89,771.7,771.51,771.33,771.15,770.98,770.8,770.64,770.47,770.31,770.15,769.98,769.83,769.67,769.51,769.36,769.2,769.05,768.9,768.75,768.6,768.44,768.29,768.14,767.99,767.84,767.69,767.54
1072.9,1060.2,1046.9,1034.4,1021.6,1009.1,996.45,984.37,972.9,960.93,948.8,937.38,925.89,914.07,902.67,892.13,881.15,871.11,860.43,850.35,839.99,830.14,820.27,810.64,802.07,792.41,782.01,774.37,772.45,771.99,771.74,771.53,771.33,771.14,770.95,770.77,770.59,770.42,770.25,770.08,769.91,769.75,769.59,769.43,769.27,769.12,768.96,768.81,768.66,768.5,768.35,768.2,768.05,767.9,767.75,767.6,767.45,767.3,767.16,767.01
1072.4,1059.2,1046.2,1033.9,1020.9,1008.4,996.48,983.94,972.6,960.36,948.56,937.04,925.05,913.76,902.31,891.65,880.96,870.25,860.08,849.77,839.47,829.5,819.85,810.61,801.61,792.26,781.67,773.96,771.9,771.44,771.19,770.99,770.79,770.6,770.41,770.23,770.06,769.88,769.71,769.54,769.38,769.22,769.06,768.9,768.74,768.59,768.43,768.28,768.13,767.98,767.83,767.68,767.53,767.38,767.23,767.08,766.94,766.79,766.64,766.49
1071.7,1058.8,1045.9,1033.4,1020.6,1008.3,995.75,983.52,972.17,960.06,948.47,936.32,924.89,913.49,902.17,891.12,880.54,869.83,859.53,849.4,839.41,829.12,819.05,810.03,801.02,791.58,780.97,773.51,771.38,770.91,770.67,770.46,770.27,770.08,769.89,769.71,769.54,769.36,769.19,769.03,768.86,768.7,768.55,768.39,768.23,768.08,767.92,767.77,767.62,767.47,767.32,767.17,767.03,766.88,766.73,766.59,766.44,766.29,766.15,766
1072,1058.5,1045.7,1033.2,1020.3,1007.5,995.29,983.23,971.78,959.76,948.15,936.05,924.67,913.55,901.9,890.7,880.11,869.75,859.36,849.04,838.85,828.82,818.69,809.66,800.67,791.54,780.93,772.94,770.88,770.41,770.17,769.96,769.77,769.58,769.39,769.21,769.04,768.87,768.7,768.53,768.37,768.21,768.05,767.89,767.74,767.58,767.43,767.28,767.13,766.98,766.84,766.69,766.54,766.4,766.25,766.11,765.96,765.81,765.67,765.53
1071.3,1058,1045.7,1032.8,1019.8,1007.6,995.18,982.76,971.44,959.45,947.78,935.85,924.37,912.71,901.59,890.44,879.88,869.17,859.09,848.71,838.44,828.32,818.63,808.95,800.17,790.94,780.44,772.53,770.39,769.92,769.68,769.48,769.28,769.09,768.91,768.73,768.56,768.38,768.22,768.05,767.89,767.73,767.57,767.42,767.26,767.11,766.96,766.81,766.66,766.51,766.37,766.22,766.08,765.93,765.79,765.64,765.5,765.36,765.21,765.07
1071.8,1057.8,1045.4,1033,1020,1007.1,995.15,982.96,971.25,959.12,947.39,935.53,923.79,912.5,901.04,890.46,879.55,868.97,858.76,848.59,837.8,827.92,818.21,808.75,800.09,790.56,780.22,772.17,769.94,769.46,769.22,769.01,768.81,768.62,768.44,768.26,768.09,767.92,767.75,767.59,767.43,767.27,767.11,766.96,766.81,766.66,766.5,766.36,766.21,766.06,765.92,765.77,765.63,765.48,765.34,765.2,765.05,764.91,764.77,764.63
1071,1057.9,1044.7,1032.6,1019.6,1006.8,994.74,982.39,970.89,959.18,947.18,935.35,923.35,912.07,901.3,889.93,879.18,868.53,858.25,848.04,837.59,827.5,818.05,808.52,799.49,790.18,779.77,771.75,769.48,769.01,768.76,768.56,768.36,768.17,767.99,767.82,767.64,767.47,767.31,767.15,766.99,766.83,766.67,766.52,766.37,766.21,766.06,765.92,765.77,765.62,765.48,765.34,765.19,765.05,764.91,764.76,764.62,764.48,764.34,764.2
1070.8,1057.7,1044.4,1032.3,1019.3,1007.2,994.12,982.49,970.6,958.75,946.7,934.83,923.29,911.98,900.55,889.59,878.75,868.41,857.75,847.64,837.48,827.33,817.66,808.31,799.41,790.1,779.27,771.29,769.06,768.57,768.33,768.12,767.93,767.74,767.56,767.38,767.21,767.04,766.88,766.72,766.55,766.4,766.24,766.09,765.94,765.79,765.64,765.49,765.35,765.2,765.06,764.91,764.77,764.63,764.49,764.35,764.21,764.07,763.93,763.79
1070.6,1056.9,1044.3,1032.4,1018.9,1006.7,994.1,981.76,970.34,958.11,946.42,934.68,923,911.88,900.76,889.42,878.72,867.78,857.64,847.72,837.39,827.15,817.01,807.84,799.05,789.5,779.35,770.87,768.65,768.15,767.9,767.7,767.51,767.32,767.14,766.97,766.79,766.63,766.46,766.3,766.14,765.99,765.83,765.68,765.53,765.38,765.23,765.08,764.94,764.79,764.65,764.51,764.37,764.23,764.09,763.95,763.81,763.67,763.53,763.39
1069.9,1056.8,1044.4,1031.9,1018.5,1006.2,993.79,981.5,970.24,957.97,946.4,934.28,922.82,911.39,900.16,889.06,878.24,867.58,857.36,847.2,837.1,826.7,816.77,807.28,798.6,789.5,779.04,770.58,768.22,767.74,767.49,767.29,767.1,766.92,766.74,766.56,766.39,766.22,766.06,765.9,765.74,765.58,765.43,765.28,765.13,764.98,764.83,764.69,764.54,764.4,764.26,764.12,763.97,763.84,763.7,763.56,763.42,763.28,763.14,763.01
1070.1,1056.9,1043.9,1031.6,1018.8,1006,993.77,981.23,969.69,958.06,945.82,934.24,922.35,911.38,899.92,888.58,878.05,867.47,857.02,846.77,836.66,826.48,816.5,807.17,798.4,788.9,778.55,770.16,767.84,767.35,767.1,766.9,766.71,766.52,766.34,766.17,766,765.83,765.67,765.51,765.35,765.19,765.04,764.89,764.74,764.6,764.45,764.3,764.16,764.02,763.88,763.74,763.6,763.46,763.32,763.18,763.04,762.91,762.77,762.63
170.89,171.18,171.44,171.65,171.7,172.11,173.21,173.61,173.92,174.16,174.35,174.49,174.58,174.51,174.58,174.62,174.58,174.5,174.37,174.74,175.15,175.28,175.22,175.26,175.14,174.98,174.8,174.6,174.41,174.22,174.04,173.76,173.57,173.5,173.2,173.12,172.92,172.62,172.53,172.32,172.01,171.91,171.7,171.48,171.26,171.04,170.81,170.58,170.35,170,169.87,169.62,169.15,169.11,168.86,168.59,168.21,167.94,167.71,167.37
156.02,156.27,156.62,156.82,157.13,157.3,157.5,157.63,157.73,157.81,157.87,157.91,157.87,157.91,158.99,159.28,159.44,159.52,159.55,159.33,159.4,159.44,159.33,159.19,159.04,158.88,158.73,158.58,158.44,158.29,158.09,157.89,157.85,157.7,157.43,157.38,157.22,157.06,156.89,156.72,156.44,156.31,156.19,156.01,155.82,155.63,155.44,155.24,154.93,154.83,154.52,154.41,154.03,153.97,153.69,153.3,153.27,153.03,152.62,152.53
144.94,145.02,145.27,145.47,145.9,146.14,146.34,146.39,146.63,146.72,146.79,146.84,146.87,146.81,146.81,146.82,146.73,147.45,147.83,147.86,147.88,148.04,148.01,147.94,147.84,147.72,147.56,147.4,147.24,147.09,146.95,146.64,146.66,146.51,146.19,146.2,145.94,145.88,145.72,145.44,145.38,145.21,145.03,144.85,144.5,144.48,144.13,144.09,143.9,143.7,143.38,143.28,143.07,142.85,142.52,142.34,142.17,141.94,141.59,141.45
136.41,135.99,136.23,136.46,136.63,136.82,136.95,137.04,137.12,137.17,137.16,137.24,137.25,137.23,137.12,136.99,137.4,137.99,138.28,138.22,138.38,138.37,138.27,138.25,138.09,137.91,137.87,137.6,137.49,137.39,137.25,137.1,136.96,136.81,136.66,136.51,136.36,136.2,135.83,135.88,135.56,135.56,135.28,135.16,135.05,134.88,134.7,134.36,134.34,134.16,133.97,133.68,133.59,133.4,133.2,133,132.8,132.6,132.39,132.07
128.91,128.78,128.39,128.59,128.81,128.93,129.03,129.09,129.18,129.23,129.18,129.16,129.29,129.27,129.17,129.14,129,128.9,129.54,129.88,129.89,130.05,130.05,130.02,129.9,129.88,129.77,129.59,129.4,129.35,129.2,128.95,128.81,128.67,128.53,128.45,128.21,128.13,128.09,127.95,127.7,127.66,127.52,127.26,127.22,127.06,126.91,126.75,126.59,126.43,126.27,126.1,125.82,125.76,125.48,125.3,125.23,125.04,124.85,124.66
121.95,121.58,120.79,121.92,122.26,122.48,122.64,122.76,122.83,122.93,122.98,123.02,122.96,122.99,122.99,123.02,122.93,122.9,122.81,122.7,122.58,122.46,122.34,122.23,122.07,122.02,121.92,121.82,121.72,121.62,121.52,121.41,121.31,121.09,121.1,120.99,120.88,120.71,120.66,120.44,120.38,120.33,120.1,119.99,119.98,119.81,119.74,119.57,119.5,119.33,119.26,119.08,118.9,118.78,118.75,118.57,118.49,118.36,118.23,118.09
117.35,117.22,116.81,116.31,116.31,116.28,116.24,116.17,117.19,117.42,117.7,117.81,117.89,117.95,117.89,118.01,118.02,117.95,117.98,117.94,117.88,117.76,117.71,117.6,117.49,117.39,117.22,117.18,117.08,116.99,116.79,116.8,116.71,116.51,116.52,116.43,116.33,116.24,116.14,116.04,115.94,115.84,115.74,115.63,115.53,115.43,115.32,115.11,115.1,114.99,114.83,114.77,114.55,114.54,114.37,114.31,114.19,114.06,113.83,113.81
113.94,113.78,113.47,112.65,112.68,112.7,112.71,112.63,112.65,112.6,112.48,112.46,112.38,112.29,112.82,113.14,113.42,113.52,113.58,113.51,113.62,113.62,113.59,113.55,113.49,113.42,113.34,113.09,113.15,113.04,112.93,112.82,112.71,112.55,112.5,112.41,112.31,112.21,112.11,112.01,111.91,111.8,111.7,111.48,111.37,111.36,111.19,111.13,111,110.88,110.74,110.6,110.34,110.29,110.01,109.8,109.52,109.06,108.91,108.88
110.76,110.65,110.53,109.49,109.55,109.6,109.64,109.66,109.67,109.67,109.59,109.61,109.56,109.5,109.44,109.36,109.23,109.21,109.12,109.06,108.94,108.93,108.87,108.7,108.75,108.69,108.63,108.57,108.51,108.45,108.39,108.33,108.21,108.2,108.14,108.08,107.96,107.84,107.88,107.82,107.64,107.68,107.51,107.55,107.48,107.41,107.34,107.27,107.03,107.13,107.05,106.82,106.91,106.83,106.75,106.68,106.49,106.52,106.44,106.36
108.08,108,107.84,107.48,106.74,106.81,106.88,106.93,106.97,107,106.96,107.03,107.02,107,106.97,106.93,106.87,106.81,106.74,106.67,106.6,106.53,106.4,106.39,106.33,106.27,106.21,106.15,106.04,106.04,105.88,105.93,105.87,105.81,105.7,105.7,105.64,105.58,105.52,105.4,105.39,105.33,105.27,105.21,105.14,105.08,105.01,104.95,104.88,104.81,104.74,104.67,104.6,104.53,104.46,104.39,104.32,104.24,104.06,104.09
105.06,105.21,105.17,104.81,104.07,104.18,104.28,104.37,104.33,104.5,104.55,104.53,104.54,104.58,104.64,104.64,104.62,104.59,104.56,104.51,104.4,104.39,104.27,104.26,104.19,104.06,104.05,103.99,103.92,103.81,103.81,103.64,103.69,103.64,103.58,103.53,103.47,103.41,103.35,103.29,103.24,103.18,103.12,103.05,102.99,102.93,102.87,102.8,102.68,102.67,102.6,102.54,102.47,102.4,102.33,102.26,102.19,102.11,102.04,101.96
102.34,102.13,101.93,101.59,100.43,101.05,101.48,101.71,101.87,102,102.11,102.19,102.26,102.31,102.36,102.39,102.41,102.41,102.41,102.34,102.38,102.29,102.31,102.2,102.2,102.14,102.08,102.01,101.93,101.86,101.79,101.72,101.65,101.53,101.53,101.46,101.4,101.34,101.28,101.22,101.16,101.1,101.04,100.92,100.91,100.84,100.78,100.71,100.64,100.57,100.5,100.43,100.24,100.27,100.2,100.01,100.04,99.952,99.865,99.776
100.96,100.76,100.49,100.15,98.983,98.951,98.919,98.889,98.86,98.832,98.805,98.778,98.752,99.471,99.764,99.906,100.01,99.949,100.13,100.16,100.18,100.09,100.18,100.11,100.14,100.11,100.01,100.01,99.891,99.823,99.805,99.724,99.638,99.547,99.453,99.356,99.257,99.133,99.033,98.945,98.834,98.706,98.586,98.425,98.223,97.719,97.681,97.643,97.604,97.508,97.524,97.484,97.443,97.345,97.36,97.317,97.217,97.23,97.186,97.141
99.633,99.483,99.215,98.863,97.986,97.638,97.552,97.579,97.552,97.525,97.499,97.473,97.448,97.424,97.399,97.375,97.35,97.326,97.301,97.219,97.193,97.224,97.198,97.171,97.145,97.117,97.09,97.005,97.034,97.005,96.976,96.947,96.917,96.887,96.857,96.826,96.795,96.763,96.731,96.698,96.666,96.632,96.542,96.565,96.53,96.495,96.46,96.424,96.387,96.351,96.313,96.275,96.237,96.198,96.159,96.119,96.078,96.037,95.995,95.953
98.528,98.316,98.002,97.64,97.022,96.383,96.411,96.384,96.357,96.331,96.305,96.281,96.2,96.233,96.21,96.188,96.165,96.085,96.062,96.096,96.073,96.049,96.024,96,95.975,95.95,95.924,95.899,95.872,95.846,95.819,95.792,95.764,95.68,95.708,95.679,95.65,95.564,95.534,95.56,95.529,95.498,95.467,95.435,95.402,95.37,95.336,95.302,95.268,95.234,95.198,95.106,95.127,95.09,95.053,95.015,94.977,94.938,94.842,94.859
97.466,97.253,97.004,96.529,95.971,95.341,95.257,95.287,95.205,95.18,95.212,95.188,95.165,95.142,95.12,95.098,95.076,95.055,95.033,95.012,94.99,94.968,94.945,94.922,94.899,94.876,94.852,94.828,94.804,94.779,94.697,94.728,94.702,94.676,94.649,94.566,94.595,94.511,94.539,94.511,94.482,94.453,94.423,94.392,94.305,94.331,94.3,94.268,94.235,94.146,94.169,94.136,94.045,94.067,94.032,93.996,93.96,93.923,93.886,93.848
96.509,96.238,96.055,95.733,95.221,94.331,94.305,94.279,94.254,94.23,94.206,94.183,94.103,94.138,94.059,94.095,94.074,94.053,94.033,93.956,93.992,93.971,93.95,93.929,93.907,93.885,93.863,93.84,93.817,93.794,93.714,93.746,93.722,93.64,93.672,93.647,93.621,93.595,93.511,93.541,93.514,93.486,93.458,93.429,93.4,93.371,93.341,93.311,93.28,93.249,93.217,93.185,93.153,93.12,93.086,93.052,93.018,92.983,92.947,92.911
95.609,95.402,95.17,94.849,94.254,93.399,93.375,93.35,93.326,93.246,93.279,93.256,93.234,93.212,93.191,93.17,93.15,93.13,93.11,93.034,93.071,93.051,93.031,93.011,92.99,92.913,92.948,92.927,92.905,92.883,92.804,92.838,92.815,92.792,92.768,92.744,92.719,92.694,92.669,92.643,92.617,92.591,92.564,92.537,92.509,92.481,92.453,92.424,92.395,92.365,92.335,92.248,92.273,92.242,92.21,92.178,92.145,92.111,92.077,92.043
95.214,94.597,94.358,94.055,93.599,92.539,92.516,92.493,92.469,92.446,92.424,92.344,92.379,92.358,92.337,92.316,92.296,92.276,92.2,92.238,92.219,92.143,92.18,92.161,92.142,92.122,92.045,92.082,92.061,92.04,92.019,91.997,91.975,91.953,91.93,91.85,91.883,91.86,91.835,91.754,91.786,91.704,91.735,91.709,91.683,91.6,91.629,91.602,91.573,91.545,91.516,91.43,91.457,91.427,91.397,91.365,91.277,91.302,91.269,91.237
94.647,93.846,93.501,93.205,92.897,91.744,91.721,91.699,91.676,91.654,91.632,91.61,91.531,91.567,91.546,91.469,91.449,91.487,91.467,91.448,91.43,91.354,91.392,91.374,91.355,91.336,91.317,91.297,91.278,91.257,91.237,91.216,91.195,91.174,91.096,91.13,91.108,91.085,91.062,91.038,91.014,90.99,90.909,90.941,90.859,90.89,90.864,90.781,90.81,90.783,90.755,90.671,90.699,90.67,90.641,90.611,90.581,90.55,90.519,90.487
94.044,93.147,92.905,92.612,92.212,91.007,90.985,90.963,90.942,90.92,90.898,90.82,90.855,90.778,90.814,90.794,90.717,90.754,90.735,90.716,90.698,90.68,90.661,90.643,90.625,90.606,90.531,90.569,90.55,90.474,90.511,90.491,90.471,90.451,90.373,90.408,90.387,90.365,90.343,90.32,90.297,90.274,90.25,90.226,90.202,90.177,90.152,90.127,90.101,90.074,89.991,90.021,89.993,89.909,89.937,89.852,89.879,89.85,89.82,89.79
93.541,92.45,92.282,91.998,91.618,90.65,90.302,90.281,90.26,90.238,90.217,90.196,90.175,90.154,90.134,90.114,90.094,90.075,89.999,90.037,90.018,90,89.925,89.964,89.946,89.928,89.91,89.892,89.874,89.855,89.836,89.817,89.797,89.777,89.757,89.737,89.716,89.695,89.673,89.651,89.629,89.607,89.584,89.561,89.537,89.457,89.489,89.465,89.44,89.414,89.389,89.306,89.336,89.309,89.282,89.254,89.226,89.198,89.169,89.139
92.891,91.923,91.694,91.403,91.046,90.25,89.666,89.646,89.625,89.605,89.584,89.563,89.542,89.522,89.502,89.482,89.462,89.443,89.424,89.405,89.386,89.368,89.35,89.332,89.315,89.297,89.222,89.261,89.243,89.169,89.207,89.188,89.113,89.15,89.131,89.111,89.091,89.07,89.049,89.028,89.007,88.985,88.906,88.941,88.918,88.895,88.871,88.848,88.823,88.799,88.774,88.749,88.723,88.697,88.671,88.644,88.617,88.59,88.562,88.533
92.487,91.363,91.138,90.88,90.412,89.938,89.074,89.055,89.035,89.014,88.994,88.974,88.953,88.933,88.913,88.837,88.874,88.854,88.835,88.817,88.798,88.78,88.762,88.687,88.726,88.709,88.691,88.617,88.656,88.638,88.62,88.602,88.584,88.565,88.546,88.527,88.507,88.431,88.467,88.447,88.426,88.405,88.383,88.362,88.34,88.317,88.294,88.272,88.248,88.224,88.2,88.176,88.151,88.126,88.1,88.075,88.048,88.022,87.995,87.967
92.058,90.856,90.63,90.32,90.038,89.486,88.522,88.503,88.484,88.407,88.444,88.424,88.404,88.384,88.364,88.344,88.325,88.305,88.286,88.268,88.249,88.231,88.213,88.195,88.177,88.16,88.142,88.125,88.107,88.09,88.072,88.055,88.037,88.018,88,87.981,87.962,87.943,87.923,87.903,87.826,87.806,87.842,87.82,87.799,87.777,87.755,87.733,87.653,87.687,87.664,87.64,87.616,87.535,87.567,87.542,87.516,87.49,87.464,87.438
91.59,90.376,90.105,89.88,89.558,89.05,88.006,87.988,87.969,87.95,87.93,87.91,87.89,87.871,87.851,87.831,87.812,87.736,87.774,87.755,87.736,87.718,87.643,87.682,87.664,87.647,87.629,87.612,87.594,87.52,87.56,87.542,87.525,87.507,87.489,87.414,87.452,87.433,87.414,87.338,87.318,87.298,87.335,87.314,87.293,87.272,87.251,87.229,87.207,87.184,87.162,87.139,87.115,87.091,87.067,87.043,87.018,86.993,86.968,86.942
91.208,89.931,89.718,89.45,89.134,88.642,87.523,87.505,87.487,87.468,87.449,87.429,87.41,87.39,87.371,87.295,87.332,87.313,87.294,87.218,87.256,87.181,87.22,87.202,87.127,87.166,87.149,87.075,87.114,87.097,87.08,87.062,87.045,87.028,87.01,86.992,86.974,86.955,86.937,86.918,86.899,86.879,86.859,86.839,86.819,86.798,86.777,86.756,86.735,86.713,86.691,86.668,86.646,86.623,86.542,86.575,86.551,86.527,86.502,86.421
90.837,89.527,89.298,89.035,88.612,88.26,87.071,87.053,87.035,87.017,86.998,86.979,86.96,86.94,86.921,86.901,86.882,86.863,86.844,86.825,86.806,86.788,86.77,86.752,86.734,86.716,86.699,86.681,86.664,86.59,86.63,86.612,86.595,86.578,86.561,86.486,86.525,86.507,86.489,86.47,86.452,86.433,86.413,86.337,86.374,86.354,86.333,86.312,86.291,86.27,86.249,86.227,86.205,86.182,86.159,86.136,86.113,86.033,86.065,86.041
90.476,89.13,88.917,88.651,88.336,87.913,86.646,86.629,86.611,86.593,86.574,86.555,86.537,86.517,86.498,86.479,86.46,86.441,86.422,86.403,86.384,86.366,86.347,86.329,86.311,86.294,86.276,86.259,86.241,86.224,86.207,86.19,86.173,86.156,86.138,86.121,86.103,86.086,86.068,86.05,86.031,86.013,85.994,85.918,85.955,85.936,85.916,85.895,85.875,85.854,85.833,85.812,85.79,85.768,85.746,85.667,85.701,85.621,85.654,85.631
90.132,89.237,88.492,88.289,88,87.431,86.246,86.229,86.212,86.194,86.176,86.157,86.082,86.12,86.101,86.082,86.063,85.987,86.025,85.949,85.987,85.912,85.951,85.932,85.914,85.897,85.879,85.861,85.844,85.827,85.809,85.792,85.775,85.758,85.741,85.724,85.707,85.689,85.671,85.654,85.636,85.618,85.599,85.58,85.561,85.542,85.523,85.503,85.483,85.463,85.442,85.421,85.4,85.379,85.357,85.335,85.313,85.29,85.267,85.244
89.762,89.025,88.214,87.963,87.659,87.195,86.538,85.853,85.836,85.818,85.8,85.782,85.764,85.745,85.727,85.708,85.689,85.67,85.651,85.576,85.614,85.595,85.577,85.558,85.54,85.522,85.505,85.487,85.47,85.452,85.435,85.418,85.401,85.384,85.367,85.35,85.333,85.315,85.298,85.281,85.263,85.245,85.227,85.152,85.133,85.171,85.152,85.133,85.113,85.036,85.073,85.053,85.032,85.011,84.99,84.969,84.947,84.925,84.903,84.88
89.542,88.641,87.898,87.647,87.34,86.949,86.245,85.498,85.481,85.464,85.446,85.428,85.41,85.392,85.373,85.355,85.336,85.26,85.299,85.28,85.261,85.243,85.168,85.206,85.188,85.17,85.152,85.134,85.06,85.1,85.082,85.065,85.048,84.974,85.014,84.997,84.98,84.963,84.945,84.871,84.911,84.893,84.819,84.857,84.782,84.821,84.802,84.783,84.707,84.744,84.725,84.648,84.685,84.664,84.644,84.623,84.601,84.58,84.558,84.536
89.284,88.549,87.598,87.344,87.056,86.681,85.905,85.163,85.146,85.072,85.112,85.094,85.076,85.058,85.04,85.021,85.003,84.984,84.965,84.947,84.928,84.91,84.891,84.873,84.798,84.837,84.819,84.801,84.784,84.766,84.749,84.732,84.715,84.697,84.68,84.663,84.647,84.629,84.612,84.595,84.578,84.561,84.486,84.525,84.507,84.489,84.471,84.453,84.434,84.415,84.395,84.319,84.356,84.336,84.316,84.296,84.218,84.254,84.233,84.211
89.03,88.152,87.321,87.071,86.757,86.387,85.816,84.847,84.83,84.812,84.795,84.778,84.76,84.742,84.667,84.706,84.687,84.669,84.65,84.632,84.557,84.595,84.576,84.558,84.54,84.522,84.504,84.486,84.412,84.451,84.377,84.416,84.399,84.382,84.365,84.348,84.331,84.314,84.297,84.224,84.263,84.246,84.229,84.211,84.194,84.176,84.158,84.14,84.121,84.103,84.084,84.064,84.045,84.026,84.006,83.986,83.965,83.888,83.867,83.903
88.765,88.137,87.043,86.744,86.395,86.135,85.499,84.49,84.473,84.513,84.495,84.478,84.46,84.443,84.425,84.407,84.332,84.37,84.352,84.333,84.315,84.297,84.278,84.26,84.242,84.224,84.206,84.188,84.17,84.153,84.135,84.118,84.044,84.084,84.066,84.049,84.032,84.016,83.999,83.982,83.965,83.891,83.931,83.857,83.896,83.879,83.861,83.843,83.825,83.807,83.788,83.769,83.75,83.674,83.712,83.692,83.672,83.652,83.632,83.611
88.494,87.856,86.803,86.554,86.257,85.919,85.368,84.262,84.245,84.171,84.211,84.194,84.176,84.102,84.141,84.123,84.105,84.03,84.069,84.05,84.032,84.014,83.995,83.977,83.902,83.941,83.923,83.848,83.887,83.87,83.852,83.778,83.761,83.8,83.783,83.766,83.749,83.732,83.716,83.642,83.625,83.665,83.648,83.631,83.557,83.597,83.579,83.561,83.544,83.526,83.507,83.489,83.471,83.452,83.433,83.413,83.337,83.374,83.354,83.334
88.302,87.715,86.557,86.32,86.02,85.673,85.127,83.993,83.975,83.901,83.941,83.924,83.906,83.889,83.871,83.853,83.836,83.818,83.8,83.781,83.707,83.745,83.727,83.709,83.69,83.672,83.654,83.636,83.619,83.601,83.527,83.566,83.549,83.531,83.458,83.497,83.48,83.464,83.447,83.43,83.356,83.396,83.379,83.362,83.346,83.328,83.311,83.237,83.276,83.259,83.241,83.223,83.204,83.186,83.167,83.148,83.129,83.053,83.09,83.07
87.93,87.32,86.232,86.083,85.809,85.464,84.962,83.68,83.719,83.702,83.684,83.667,83.65,83.632,83.615,83.54,83.579,83.505,83.544,83.526,83.508,83.49,83.471,83.397,83.435,83.417,83.399,83.381,83.363,83.346,83.328,83.311,83.293,83.276,83.259,83.185,83.225,83.208,83.191,83.174,83.158,83.141,83.124,83.107,83.09,83.073,83.056,83.039,83.022,83.005,82.987,82.969,82.951,82.933,82.915,82.839,82.877,82.859,82.839,82.82
87.826,87.371,86.136,85.87,85.589,85.254,84.734,83.492,83.418,83.457,83.44,83.423,83.405,83.388,83.371,83.353,83.335,83.261,83.3,83.282,83.264,83.246,83.228,83.153,83.192,83.174,83.156,83.138,83.12,83.103,83.085,83.067,83.05,83.033,83.016,82.999,82.982,82.965,82.948,82.874,82.914,82.841,82.881,82.864,82.847,82.831,82.814,82.74,82.78,82.763,82.745,82.728,82.71,82.636,82.674,82.656,82.638,82.562,82.544,82.525
87.763,87.125,85.918,85.684,85.383,85.047,84.572,83.26,83.242,83.225,83.151,83.19,83.116,83.155,83.138,83.121,83.103,83.085,83.068,83.05,82.975,83.014,82.996,82.978,82.96,82.942,82.924,82.906,82.889,82.871,82.853,82.836,82.819,82.801,82.784,82.767,82.75,82.676,82.716,82.642,82.683,82.666,82.649,82.632,82.616,82.542,82.582,82.566,82.549,82.532,82.515,82.441,82.48,82.463,82.445,82.427,82.409,82.391,82.372,82.354
87.476,86.983,85.732,85.491,85.204,84.869,84.317,83.039,82.964,83.003,82.986,82.968,82.951,82.933,82.916,82.898,82.881,82.863,82.846,82.828,82.811,82.793,82.775,82.757,82.739,82.721,82.647,82.686,82.668,82.593,82.632,82.615,82.597,82.58,82.563,82.489,82.529,82.512,82.495,82.478,82.405,82.445,82.428,82.412,82.395,82.378,82.362,82.345,82.328,82.311,82.294,82.278,82.26,82.243,82.169,82.208,82.19,82.172,82.154,82.079
87.418,86.748,85.546,85.302,85.019,84.627,84.193,82.827,82.809,82.791,82.774,82.756,82.738,82.721,82.704,82.686,82.612,82.651,82.634,82.616,82.599,82.581,82.563,82.546,82.528,82.51,82.436,82.418,82.457,82.439,82.421,82.404,82.386,82.312,82.352,82.335,82.318,82.301,82.284,82.21,82.25,82.234,82.217,82.144,82.184,82.167,82.094,82.134,82.118,82.101,82.028,82.067,82.05,82.033,82.016,81.999,81.981,81.964,81.946,81.928
87.153,86.603,85.376,85.13,84.864,84.514,84.089,83.203,82.551,82.533,82.572,82.554,82.479,82.518,82.501,82.483,82.466,82.449,82.431,82.414,82.396,82.379,82.361,82.343,82.326,82.308,82.29,82.273,82.198,82.237,82.22,82.202,82.185,82.167,82.15,82.076,82.116,82.099,82.082,82.065,82.049,82.032,82.015,81.999,81.982,81.966,81.949,81.933,81.916,81.9,81.883,81.81,81.793,81.833,81.816,81.799,81.782,81.764,81.747,81.729
87.13,86.553,85.216,84.967,84.675,84.376,83.967,83.133,82.358,82.339,82.378,82.36,82.342,82.325,82.307,82.289,82.272,82.198,82.237,82.22,82.202,82.185,82.167,82.093,82.132,82.115,82.097,82.079,82.062,82.044,82.027,81.953,81.992,81.974,81.957,81.94,81.923,81.906,81.889,81.872,81.799,81.839,81.765,81.805,81.789,81.773,81.756,81.74,81.723,81.707,81.634,81.617,81.657,81.584,81.624,81.607,81.59,81.573,81.556,81.538
86.975,86.432,85.051,84.798,84.413,84.196,83.687,83.085,82.23,82.211,82.193,82.175,82.157,82.139,82.121,82.103,82.086,82.069,81.995,82.034,82.016,81.999,81.982,81.964,81.89,81.929,81.912,81.894,81.877,81.859,81.842,81.824,81.807,81.79,81.772,81.755,81.738,81.664,81.704,81.687,81.67,81.654,81.637,81.621,81.604,81.588,81.571,81.555,81.538,81.522,81.449,81.433,81.473,81.457,81.44,81.423,81.406,81.39,81.373,81.356
86.839,86.242,84.903,84.659,84.376,84.046,83.473,82.98,82.053,82.034,82.015,81.997,81.979,81.961,81.943,81.925,81.851,81.891,81.816,81.799,81.838,81.821,81.804,81.73,81.769,81.695,81.734,81.717,81.699,81.682,81.608,81.647,81.629,81.612,81.595,81.578,81.561,81.544,81.527,81.51,81.493,81.476,81.46,81.443,81.427,81.41,81.394,81.378,81.305,81.345,81.329,81.312,81.296,81.28,81.207,81.247,81.23,81.214,81.197,81.18
86.711,86.168,84.753,84.457,84.229,83.905,83.503,82.865,81.884,81.864,81.845,81.826,81.808,81.79,81.772,81.754,81.68,81.719,81.702,81.685,81.667,81.65,81.633,81.615,81.598,81.581,81.563,81.546,81.472,81.511,81.494,81.477,81.459,81.442,81.368,81.408,81.391,81.374,81.3,81.34,81.323,81.306,81.29,81.273,81.257,81.24,81.224,81.208,81.191,81.175,81.159,81.143,81.126,81.11,81.094,81.077,81.004,81.044,81.028,81.011
86.537,86.004,85.057,84.373,84.046,83.772,83.276,82.76,81.72,81.701,81.682,81.663,81.645,81.626,81.608,81.591,81.573,81.555,81.538,81.52,81.503,81.486,81.468,81.451,81.434,81.36,81.399,81.382,81.365,81.348,81.33,81.313,81.296,81.278,81.261,81.188,81.227,81.153,81.136,81.12,81.16,81.143,81.126,81.11,81.093,81.077,81.061,81.044,80.971,81.012,80.996,80.98,80.907,80.947,80.931,80.915,80.899,80.826,80.866,80.849
86.51,85.947,85.076,84.243,83.954,83.653,83.136,82.658,81.564,81.545,81.525,81.507,81.488,81.469,81.451,81.433,81.415,81.397,81.38,81.362,81.345,81.271,81.311,81.293,81.276,81.259,81.242,81.225,81.207,81.19,81.173,81.156,81.138,81.121,81.104,81.087,81.07,81.053,81.036,80.963,81.003,80.929,80.969,80.953,80.936,80.92,80.904,80.887,80.871,80.798,80.839,80.823,80.807,80.791,80.775,80.758,80.742,80.726,80.71,80.694
86.38,85.763,84.879,84.117,83.842,83.526,83.127,82.559,81.358,81.395,81.318,81.356,81.337,81.318,81.299,81.225,81.263,81.246,81.228,81.211,81.193,81.176,81.159,81.141,81.124,81.107,81.09,81.073,81.056,81.038,81.021,81.004,80.987,80.97,80.953,80.936,80.919,80.845,80.828,80.868,80.852,80.835,80.818,80.745,80.785,80.769,80.753,80.736,80.72,80.704,80.688,80.672,80.599,80.64,80.624,80.608,80.592,80.576,80.559,80.543
86.265,85.728,84.862,83.994,83.712,83.396,83.028,82.454,81.27,81.25,81.23,81.211,81.191,81.172,81.097,81.135,81.118,81.1,81.082,81.064,81.047,81.029,81.012,80.995,80.978,80.961,80.944,80.927,80.909,80.892,80.875,80.858,80.841,80.824,80.751,80.79,80.773,80.757,80.683,80.723,80.649,80.689,80.673,80.656,80.64,80.567,80.607,80.591,80.575,80.559,80.543,80.527,80.511,80.495,80.422,80.463,80.447,80.431,80.415,80.399
86.142,85.566,84.808,83.872,83.595,83.121,82.9,82.352,81.132,81.054,81.091,81.07,81.051,81.032,81.013,80.995,80.92,80.959,80.941,80.923,80.906,80.888,80.871,80.854,80.837,80.82,80.803,80.786,80.769,80.695,80.735,80.718,80.701,80.684,80.61,80.65,80.633,80.616,80.543,80.583,80.566,80.549,80.533,80.516,80.5,80.484,80.467,80.451,80.435,80.419,80.403,80.387,80.371,80.355,80.339,80.323,80.307,80.291,80.275,80.26
86.072,85.526,84.636,83.763,83.484,83.161,82.786,82.26,80.998,80.92,80.957,80.936,80.917,80.898,80.879,80.86,80.841,80.823,80.805,80.788,80.77,80.696,80.735,80.718,80.701,80.684,80.667,80.65,80.576,80.616,80.599,80.582,80.565,80.548,80.531,80.515,80.498,80.481,80.464,80.448,80.374,80.414,80.398,80.381,80.308,80.349,80.332,80.316,80.3,80.284,80.268,80.252,80.179,80.22,80.147,80.188,80.172,80.157,80.141,80.125
85.959,85.423,84.604,83.652,83.371,83.07,82.691,82.157,80.869,80.848,80.828,80.807,80.787,80.711,80.748,80.729,80.711,80.693,80.675,80.657,80.639,80.565,80.604,80.587,80.57,80.553,80.479,80.519,80.502,80.485,80.468,80.451,80.378,80.418,80.401,80.384,80.367,80.35,80.334,80.317,80.3,80.284,80.267,80.251,80.234,80.218,80.202,80.186,80.17,80.153,80.138,80.065,80.106,80.09,80.074,80.058,80.043,80.027,80.011,79.995
85.792,85.338,84.584,83.56,83.28,82.96,82.546,82.101,80.745,80.724,80.703,80.682,80.662,80.642,80.622,80.604,80.585,80.567,80.549,80.474,80.512,80.438,80.478,80.46,80.443,80.426,80.409,80.392,80.375,80.358,80.341,80.325,80.308,80.234,80.274,80.201,80.241,80.168,80.208,80.191,80.118,80.158,80.141,80.068,80.109,80.092,80.076,80.003,80.044,80.028,79.955,79.996,79.98,79.964,79.948,79.933,79.917,79.901,79.886,79.87
85.793,85.275,84.523,83.458,83.178,82.862,82.445,81.996,80.625,80.604,80.583,80.562,80.541,80.521,80.502,80.482,80.463,80.445,80.427,80.409,80.39,80.373,80.356,80.338,80.321,80.304,80.287,80.27,80.253,80.236,80.219,80.202,80.186,80.169,80.152,80.136,80.119,80.102,80.029,80.069,80.053,79.98,80.02,80.003,79.987,79.971,79.955,79.938,79.922,79.906,79.89,79.874,79.859,79.786,79.827,79.811,79.796,79.78,79.764,79.749
85.65,85.197,84.45,83.252,83.081,82.786,82.394,81.935,80.51,80.488,80.466,80.445,80.424,80.348,80.328,80.365,80.346,80.328,80.309,80.234,80.273,80.255,80.237,80.22,80.203,80.185,80.168,80.095,80.135,80.061,80.101,80.084,80.011,80.051,80.034,80.018,79.944,79.984,79.968,79.951,79.935,79.919,79.902,79.886,79.87,79.853,79.837,79.821,79.805,79.732,79.773,79.757,79.741,79.725,79.71,79.694,79.678,79.663,79.647,79.632
85.573,85.085,84.283,83.277,82.987,82.689,82.258,81.824,80.398,80.319,80.354,80.333,80.312,80.292,80.272,80.252,80.176,80.213,80.195,80.177,80.159,80.141,80.123,80.106,80.088,80.071,80.054,79.98,80.02,80.003,79.986,79.97,79.953,79.936,79.92,79.903,79.83,79.87,79.854,79.838,79.821,79.805,79.788,79.772,79.756,79.683,79.723,79.707,79.691,79.675,79.659,79.644,79.571,79.612,79.54,79.581,79.565,79.549,79.534,79.462
85.42,84.958,84.359,83.183,82.837,82.59,82.226,81.688,80.291,80.268,80.246,80.224,80.203,80.183,80.162,80.142,80.123,80.104,80.085,80.067,80.049,80.03,80.013,79.995,79.978,79.96,79.943,79.926,79.853,79.892,79.876,79.859,79.842,79.826,79.753,79.793,79.776,79.76,79.687,79.727,79.711,79.694,79.678,79.605,79.646,79.629,79.613,79.597,79.581,79.565,79.493,79.534,79.518,79.502,79.487,79.471,79.455,79.44,79.424,79.409
85.362,84.963,84.269,83.094,82.823,82.508,82.04,81.609,80.186,80.164,80.141,80.119,80.097,80.078,80.057,80.036,80.017,79.998,79.979,79.96,79.942,79.924,79.906,79.888,79.871,79.796,79.836,79.819,79.802,79.785,79.712,79.752,79.735,79.719,79.702,79.686,79.669,79.653,79.636,79.563,79.604,79.588,79.571,79.555,79.539,79.523,79.507,79.491,79.475,79.459,79.443,79.371,79.411,79.339,79.38,79.308,79.292,79.334,79.318,79.303
