-10,-9.322,-8.6441,-7.9661,-7.2881,-6.6102,-5.9322,-5.2542,-4.5763,-3.8983,-3.2203,-2.5424,-1.8644,-1.1864,-0.50847,0.16949,0.84746,1.5254,2.2034,2.8814,3.5593,4.2373,4.9153,5.5932,6.2712,6.9492,7.6271,8.3051,8.9831,9.661,10.339,11.017,11.695,12.373,13.051,13.729,14.407,15.085,15.763,16.441,17.119,17.797,18.475,19.153,19.831,20.508,21.186,21.864,22.542,23.22,23.898,24.576,25.254,25.932,26.61,27.288,27.966,28.644,29.322,30
0,0.00042373,0.00084746,0.0012712,0.0016949,0.0021186,0.0025424,0.0029661,0.0033898,0.0038136,0.0042373,0.004661,0.0050847,0.0055085,0.0059322,0.0063559,0.0067797,0.0072034,0.0076271,0.0080508,0.0084746,0.0088983,0.009322,0.0097458,0.010169,0.010593,0.011017,0.011441,0.011864,0.012288,0.012712,0.013136,0.013559,0.013983,0.014407,0.014831,0.015254,0.015678,0.016102,0.016525,0.016949,0.017373,0.017797,0.01822,0.018644,0.019068,0.019492,0.019915,0.020339,0.020763,0.021186,0.02161,0.022034,0.022458,0.022881,0.023305,0.023729,0.024153,0.024576,0.025
683.84,683.42,683,682.6,682.18,681.76,681.35,680.94,680.52,680.11,679.69,679.27,678.85,678.44,678.02,677.61,677.19,676.77,676.36,675.94,675.52,675.1,674.68,674.26,673.84,673.42,673,672.58,672.16,671.74,671.31,670.89,670.47,670.05,669.63,669.21,668.79,668.36,667.94,667.52,667.09,666.67,666.24,665.82,665.39,664.97,664.54,664.12,663.69,663.26,662.84,662.41,661.98,661.56,661.13,660.7,660.27,659.84,659.41,658.98
683.83,683.42,683.01,682.58,682.17,681.75,681.34,680.92,680.49,680.08,679.66,679.24,678.82,678.4,677.98,677.56,677.14,676.72,676.3,675.88,675.46,675.04,674.61,674.19,673.77,673.34,672.92,672.5,672.07,671.65,671.23,670.8,670.38,669.95,669.53,669.1,668.67,668.25,667.82,667.39,666.96,666.54,666.11,665.68,665.25,664.82,664.39,663.96,663.54,663.11,662.68,662.25,661.82,661.39,660.96,660.53,660.09,659.66,659.23,658.8
683.83,683.41,682.99,682.58,682.15,681.73,681.31,680.9,680.48,680.06,679.63,679.2,678.79,678.37,677.95,677.52,677.1,676.68,676.25,675.83,675.4,674.98,674.55,674.13,673.7,673.27,672.85,672.42,671.99,671.57,671.14,670.71,670.28,669.85,669.43,669,668.57,668.14,667.71,667.28,666.86,666.43,666,665.57,665.14,664.7,664.27,663.84,663.41,662.98,662.54,662.11,661.68,661.24,660.81,660.37,659.94,659.5,659.06,658.63
683.84,683.42,683,682.57,682.15,681.73,681.31,680.88,680.45,680.03,679.61,679.19,678.76,678.34,677.91,677.49,677.06,676.63,676.21,675.78,675.36,674.93,674.5,674.08,673.65,673.22,672.79,672.37,671.94,671.51,671.08,670.65,670.22,669.79,669.36,668.93,668.5,668.07,667.64,667.2,666.77,666.34,665.91,665.47,665.04,664.6,664.16,663.73,663.29,662.86,662.42,661.99,661.56,661.12,660.69,660.25,659.81,659.38,658.94,658.5
683.84,683.41,682.99,682.56,682.14,681.71,681.29,680.87,680.44,680.02,679.59,679.17,678.74,678.31,677.88,677.46,677.03,676.6,676.18,675.75,675.32,674.89,674.46,674.03,673.6,673.18,672.74,672.31,671.88,671.45,671.02,670.58,670.15,669.72,669.28,668.85,668.42,667.98,667.55,667.12,666.69,666.25,665.82,665.39,664.95,664.52,664.08,663.65,663.21,662.77,662.33,661.89,661.45,661.02,660.58,660.14,659.7,659.26,658.82,658.38
683.83,683.42,682.98,682.56,682.12,681.71,681.28,680.86,680.43,680,679.57,679.14,678.72,678.29,677.86,677.44,677.01,676.58,676.15,675.71,675.28,674.85,674.41,673.99,673.56,673.13,672.7,672.27,671.84,671.4,670.97,670.54,670.11,669.67,669.24,668.8,668.37,667.93,667.5,667.06,666.62,666.19,665.75,665.31,664.88,664.44,664,663.56,663.12,662.69,662.25,661.81,661.37,660.93,660.48,660.04,659.6,659.16,658.72,658.27
683.83,683.41,682.99,682.55,682.13,681.7,681.27,680.84,680.42,679.99,679.56,679.14,678.71,678.28,677.85,677.41,676.98,676.54,676.12,675.69,675.26,674.83,674.4,673.96,673.53,673.1,672.66,672.23,671.8,671.36,670.93,670.49,670.06,669.62,669.19,668.75,668.31,667.88,667.44,667,666.56,666.12,665.68,665.25,664.81,664.37,663.93,663.49,663.05,662.61,662.17,661.73,661.29,660.85,660.41,659.96,659.52,659.08,658.64,658.2
683.84,683.4,682.97,682.56,682.13,681.69,681.26,680.84,680.41,679.98,679.55,679.11,678.68,678.25,677.83,677.4,676.97,676.54,676.1,675.67,675.24,674.8,674.37,673.93,673.5,673.07,672.63,672.19,671.76,671.32,670.89,670.45,670.02,669.58,669.14,668.71,668.27,667.83,667.39,666.96,666.52,666.08,665.64,665.2,664.76,664.32,663.88,663.44,663,662.56,662.12,661.67,661.23,660.79,660.35,659.9,659.46,659.01,658.57,658.12
683.84,683.4,682.98,682.55,682.12,681.69,681.26,680.83,680.39,679.97,679.55,679.11,678.68,678.25,677.81,677.38,676.95,676.52,676.08,675.65,675.21,674.78,674.34,673.91,673.47,673.04,672.61,672.17,671.74,671.3,670.86,670.43,669.99,669.55,669.12,668.68,668.24,667.8,667.36,666.92,666.48,666.04,665.6,665.16,664.72,664.27,663.83,663.39,662.94,662.5,662.05,661.61,661.16,660.72,660.28,659.84,659.39,658.95,658.51,658.06
683.84,683.41,682.98,682.54,682.12,681.69,681.26,680.82,680.4,679.96,679.53,679.1,678.67,678.23,677.8,677.36,676.93,676.5,676.06,675.63,675.19,674.76,674.33,673.89,673.46,673.02,672.59,672.15,671.72,671.28,670.84,670.4,669.96,669.52,669.08,668.64,668.2,667.76,667.31,666.87,666.43,665.99,665.55,665.11,664.67,664.23,663.79,663.35,662.91,662.47,662.02,661.58,661.13,660.69,660.24,659.79,659.35,658.9,658.46,658.01
683.84,683.4,682.97,682.55,682.12,681.68,681.24,680.83,680.39,679.96,679.52,679.09,678.65,678.22,677.79,677.36,676.93,676.49,676.06,675.62,675.19,674.75,674.31,673.88,673.44,673,672.57,672.13,671.68,671.24,670.8,670.36,669.93,669.49,669.05,668.62,668.18,667.74,667.3,666.86,666.42,665.97,665.53,665.09,664.64,664.2,663.76,663.31,662.87,662.43,661.98,661.54,661.09,660.65,660.2,659.75,659.3,658.86,658.41,657.96
683.83,683.41,682.97,682.54,682.11,681.69,681.25,680.82,680.38,679.95,679.52,679.09,678.65,678.22,677.79,677.35,676.91,676.48,676.04,675.6,675.16,674.72,674.29,673.85,673.42,672.98,672.55,672.11,671.67,671.23,670.8,670.36,669.92,669.48,669.03,668.59,668.16,667.72,667.27,666.83,666.39,665.95,665.5,665.06,664.62,664.17,663.73,663.28,662.83,662.39,661.94,661.5,661.05,660.61,660.16,659.72,659.27,658.82,658.38,657.93
683.84,683.41,682.98,682.54,682.11,681.68,681.25,680.81,680.38,679.95,679.52,679.08,678.65,678.21,677.77,677.34,676.9,676.47,676.04,675.6,675.16,674.73,674.29,673.85,673.41,672.97,672.54,672.1,671.66,671.22,670.78,670.34,669.9,669.46,669.02,668.58,668.14,667.69,667.25,666.81,666.36,665.92,665.48,665.03,664.59,664.15,663.7,663.26,662.81,662.37,661.92,661.48,661.03,660.59,660.14,659.69,659.24,658.8,658.35,657.9
683.83,683.4,682.97,682.54,682.11,681.67,681.24,680.81,680.38,679.95,679.51,679.07,678.63,678.21,677.77,677.34,676.9,676.46,676.03,675.59,675.15,674.72,674.28,673.84,673.4,672.96,672.52,672.08,671.64,671.2,670.76,670.32,669.88,669.44,669,668.56,668.12,667.67,667.23,666.79,666.35,665.91,665.46,665.02,664.58,664.13,663.69,663.24,662.8,662.35,661.9,661.46,661.01,660.56,660.11,659.66,659.21,658.76,658.31,657.86
683.84,683.4,682.96,682.54,682.1,681.67,681.24,680.81,680.37,679.94,679.5,679.07,678.64,678.2,677.77,677.33,676.89,676.45,676.02,675.58,675.14,674.7,674.27,673.83,673.39,672.95,672.51,672.08,671.64,671.2,670.76,670.32,669.88,669.44,668.99,668.55,668.11,667.67,667.22,666.78,666.34,665.89,665.45,665,664.56,664.11,663.67,663.22,662.77,662.32,661.87,661.43,660.98,660.53,660.09,659.64,659.2,658.75,658.3,657.85
683.83,683.41,682.97,682.53,682.11,681.67,681.24,680.8,680.37,679.94,679.51,679.07,678.63,678.2,677.76,677.32,676.88,676.45,676.01,675.58,675.14,674.7,674.26,673.83,673.39,672.95,672.51,672.07,671.63,671.19,670.74,670.3,669.86,669.42,668.98,668.54,668.09,667.65,667.2,666.76,666.31,665.87,665.42,664.98,664.54,664.09,663.65,663.2,662.76,662.31,661.87,661.42,660.97,660.53,660.08,659.63,659.18,658.73,658.28,657.83
683.84,683.4,682.97,682.54,682.11,681.66,681.24,680.81,680.37,679.94,679.5,679.06,678.63,678.19,677.75,677.32,676.88,676.45,676.01,675.57,675.14,674.7,674.26,673.81,673.37,672.93,672.49,672.05,671.61,671.17,670.73,670.3,669.86,669.41,668.97,668.53,668.09,667.64,667.2,666.76,666.31,665.87,665.42,664.98,664.53,664.09,663.64,663.19,662.75,662.3,661.85,661.4,660.96,660.51,660.06,659.61,659.16,658.71,658.26,657.81
683.83,683.41,682.97,682.54,682.1,681.67,681.24,680.8,680.37,679.93,679.49,679.06,678.63,678.19,677.76,677.32,676.88,676.45,676.01,675.56,675.12,674.68,674.25,673.81,673.38,672.94,672.5,672.05,671.61,671.17,670.73,670.29,669.85,669.4,668.96,668.52,668.08,667.64,667.19,666.75,666.3,665.86,665.41,664.97,664.52,664.07,663.63,663.18,662.73,662.28,661.84,661.39,660.94,660.49,660.04,659.59,659.14,658.69,658.24,657.79
683.84,683.4,682.97,682.53,682.11,681.67,681.23,680.8,680.37,679.93,679.5,679.06,678.63,678.19,677.75,677.31,676.87,676.43,675.99,675.56,675.13,674.69,674.25,673.81,673.37,672.93,672.49,672.05,671.61,671.16,670.72,670.28,669.84,669.4,668.95,668.51,668.07,667.62,667.18,666.73,666.29,665.85,665.4,664.96,664.51,664.06,663.62,663.17,662.72,662.28,661.83,661.38,660.93,660.49,660.04,659.59,659.14,658.69,658.24,657.79
683.83,683.4,682.97,682.54,682.1,681.67,681.23,680.8,680.36,679.92,679.49,679.05,678.62,678.18,677.75,677.32,676.88,676.44,676,675.56,675.12,674.68,674.24,673.8,673.36,672.92,672.48,672.04,671.6,671.15,670.72,670.28,669.83,669.39,668.95,668.51,668.06,667.62,667.18,666.73,666.29,665.84,665.4,664.95,664.51,664.06,663.61,663.17,662.72,662.27,661.82,661.37,660.93,660.48,660.03,659.57,659.12,658.67,658.22,657.77
683.84,683.4,682.97,682.54,682.1,681.66,681.23,680.79,680.37,679.93,679.49,679.06,678.62,678.18,677.75,677.31,676.87,676.43,676,675.56,675.12,674.68,674.24,673.8,673.36,672.92,672.48,672.04,671.6,671.16,670.71,670.28,669.83,669.39,668.95,668.51,668.06,667.62,667.17,666.73,666.28,665.84,665.39,664.94,664.49,664.05,663.6,663.15,662.7,662.26,661.81,661.36,660.92,660.47,660.02,659.57,659.12,658.67,658.22,657.77
683.83,683.4,682.97,682.53,682.1,681.67,681.22,680.8,680.36,679.93,679.49,679.05,678.61,678.18,677.74,677.3,676.87,676.43,675.99,675.55,675.12,674.68,674.24,673.8,673.36,672.92,672.48,672.04,671.6,671.15,670.71,670.27,669.83,669.38,668.94,668.5,668.05,667.6,667.16,666.72,666.27,665.83,665.39,664.94,664.5,664.05,663.6,663.15,662.71,662.26,661.81,661.36,660.91,660.46,660.01,659.56,659.11,658.66,658.21,657.76
683.83,683.41,682.96,682.54,682.1,681.67,681.23,680.8,680.36,679.92,679.48,679.05,678.62,678.18,677.75,677.31,676.87,676.43,675.99,675.56,675.12,674.68,674.24,673.8,673.35,672.91,672.47,672.03,671.59,671.14,670.7,670.26,669.81,669.37,668.93,668.49,668.05,667.61,667.17,666.72,666.27,665.83,665.38,664.94,664.49,664.04,663.6,663.15,662.7,662.25,661.8,661.35,660.9,660.45,660,659.55,659.1,658.65,658.2,657.75
683.83,683.4,682.97,682.53,682.09,681.67,681.23,680.8,680.36,679.92,679.49,679.05,678.62,678.18,677.74,677.3,676.86,676.42,675.99,675.55,675.1,674.67,674.23,673.79,673.35,672.92,672.47,672.03,671.59,671.15,670.71,670.26,669.82,669.38,668.93,668.49,668.04,667.6,667.16,666.72,666.27,665.82,665.37,664.93,664.48,664.03,663.59,663.14,662.69,662.25,661.8,661.35,660.9,660.45,660,659.55,659.1,658.65,658.2,657.75
683.84,683.4,682.97,682.53,682.1,681.66,681.23,680.79,680.36,679.93,679.49,679.06,678.62,678.17,677.73,677.3,676.87,676.43,675.99,675.55,675.11,674.67,674.23,673.79,673.35,672.91,672.47,672.03,671.58,671.14,670.7,670.26,669.81,669.37,668.93,668.48,668.04,667.6,667.15,666.71,666.26,665.82,665.37,664.93,664.48,664.03,663.59,663.14,662.69,662.25,661.8,661.35,660.9,660.45,660,659.55,659.1,658.64,658.19,657.74
683.84,683.4,682.97,682.54,682.1,681.66,681.23,680.8,680.36,679.93,679.49,679.05,678.61,678.17,677.75,677.31,676.87,676.43,675.99,675.55,675.11,674.67,674.23,673.78,673.34,672.9,672.46,672.03,671.59,671.14,670.7,670.26,669.82,669.38,668.93,668.49,668.04,667.6,667.16,666.71,666.27,665.82,665.37,664.93,664.48,664.03,663.59,663.14,662.69,662.24,661.79,661.34,660.89,660.44,659.99,659.53,659.09,658.64,658.19,657.74
683.83,683.4,682.97,682.53,682.09,681.67,681.23,680.79,680.35,679.92,679.49,679.05,678.62,678.18,677.74,677.3,676.87,676.43,675.99,675.54,675.1,674.66,674.23,673.79,673.35,672.91,672.47,672.03,671.59,671.14,670.71,670.26,669.82,669.38,668.93,668.49,668.04,667.6,667.15,666.71,666.26,665.82,665.37,664.92,664.47,664.02,663.57,663.13,662.68,662.23,661.78,661.33,660.88,660.44,659.99,659.55,659.1,658.64,658.19,657.74
683.84,683.4,682.97,682.53,682.1,681.67,681.22,680.79,680.36,679.93,679.49,679.05,678.61,678.18,677.74,677.3,676.86,676.42,675.98,675.54,675.11,674.67,674.23,673.79,673.35,672.91,672.47,672.03,671.58,671.14,670.7,670.25,669.81,669.36,668.91,668.47,668.03,667.58,667.14,666.7,666.25,665.81,665.37,664.92,664.48,664.03,663.58,663.14,662.69,662.24,661.79,661.34,660.89,660.44,659.99,659.54,659.09,658.64,658.19,657.74
683.84,683.4,682.97,682.53,682.1,681.66,681.23,680.8,680.36,679.92,679.49,679.05,678.61,678.17,677.73,677.3,676.86,676.42,675.98,675.55,675.11,674.67,674.23,673.79,673.35,672.9,672.46,672.02,671.57,671.13,670.69,670.25,669.81,669.37,668.93,668.48,668.04,667.59,667.15,666.7,666.26,665.81,665.37,664.92,664.47,664.03,663.58,663.13,662.68,662.23,661.79,661.34,660.89,660.44,659.99,659.54,659.08,658.63,658.18,657.73
683.84,683.39,682.96,682.54,682.1,681.66,681.23,680.8,680.36,679.92,679.48,679.05,678.61,678.18,677.74,677.3,676.86,676.43,675.99,675.55,675.11,674.67,674.23,673.78,673.34,672.9,672.46,672.02,671.58,671.14,670.7,670.25,669.81,669.37,668.92,668.48,668.03,667.59,667.15,666.7,666.26,665.81,665.36,664.92,664.47,664.02,663.58,663.13,662.68,662.23,661.78,661.33,660.88,660.43,659.98,659.53,659.08,658.63,658.18,657.73
683.83,683.4,682.97,682.54,682.09,681.67,681.23,680.79,680.35,679.92,679.49,679.05,678.62,678.18,677.74,677.3,676.86,676.42,675.98,675.54,675.1,674.66,674.22,673.78,673.34,672.91,672.47,672.02,671.58,671.14,670.69,670.25,669.81,669.37,668.93,668.48,668.04,667.59,667.14,666.7,666.25,665.8,665.36,664.91,664.47,664.02,663.57,663.12,662.68,662.23,661.78,661.33,660.88,660.43,659.99,659.54,659.08,658.63,658.18,657.73
683.84,683.4,682.97,682.52,682.1,681.67,681.23,680.79,680.36,679.92,679.49,679.05,678.61,678.17,677.73,677.29,676.86,676.42,675.99,675.55,675.11,674.67,674.23,673.79,673.34,672.9,672.46,672.02,671.58,671.14,670.69,670.25,669.81,669.36,668.92,668.47,668.03,667.59,667.14,666.7,666.25,665.81,665.36,664.92,664.47,664.02,663.58,663.13,662.68,662.23,661.78,661.33,660.88,660.43,659.98,659.53,659.08,658.63,658.17,657.72
683.84,683.4,682.97,682.54,682.1,681.66,681.22,680.79,680.36,679.93,679.49,679.04,678.61,678.17,677.74,677.3,676.86,676.42,675.98,675.55,675.11,674.67,674.23,673.79,673.34,672.9,672.46,672.02,671.57,671.13,670.69,670.25,669.81,669.36,668.92,668.48,668.03,667.59,667.15,666.7,666.26,665.81,665.36,664.92,664.47,664.02,663.57,663.12,662.68,662.22,661.77,661.32,660.87,660.42,659.98,659.53,659.08,658.63,658.18,657.73
683.84,683.4,682.96,682.53,682.1,681.66,681.23,680.8,680.36,679.92,679.48,679.05,678.62,678.18,677.74,677.3,676.86,676.42,675.98,675.54,675.1,674.66,674.22,673.78,673.34,672.9,672.46,672.02,671.58,671.13,670.7,670.25,669.81,669.37,668.92,668.48,668.04,667.59,667.15,666.7,666.26,665.81,665.36,664.91,664.46,664.01,663.56,663.12,662.67,662.23,661.78,661.33,660.88,660.43,659.98,659.53,659.08,658.63,658.18,657.73
683.84,683.4,682.97,682.53,682.1,681.67,681.23,680.79,680.35,679.91,679.49,679.05,678.61,678.18,677.74,677.3,676.86,676.42,675.98,675.54,675.1,674.66,674.22,673.78,673.34,672.9,672.46,672.02,671.58,671.14,670.69,670.25,669.81,669.36,668.92,668.48,668.03,667.59,667.14,666.7,666.25,665.8,665.35,664.91,664.47,664.02,663.58,663.13,662.68,662.23,661.78,661.33,660.88,660.43,659.98,659.53,659.08,658.63,658.17,657.72
683.84,683.4,682.97,682.53,682.1,681.67,681.22,680.79,680.36,679.92,679.49,679.05,678.61,678.17,677.73,677.29,676.86,676.42,675.98,675.55,675.11,674.67,674.23,673.79,673.34,672.9,672.46,672.02,671.57,671.13,670.68,670.24,669.8,669.36,668.91,668.47,668.03,667.59,667.14,666.7,666.25,665.81,665.36,664.92,664.47,664.02,663.57,663.12,662.68,662.23,661.78,661.33,660.88,660.43,659.98,659.52,659.07,658.62,658.17,657.72
683.84,683.4,682.97,682.53,682.1,681.66,681.23,680.79,680.36,679.92,679.48,679.05,678.61,678.17,677.73,677.3,676.86,676.42,675.99,675.55,675.11,674.66,674.22,673.78,673.33,672.9,672.46,672.02,671.58,671.14,670.69,670.25,669.81,669.36,668.92,668.47,668.03,667.58,667.14,666.7,666.25,665.81,665.36,664.91,664.47,664.02,663.57,663.12,662.67,662.22,661.77,661.32,660.87,660.42,659.97,659.52,659.07,658.62,658.17,657.72
683.84,683.4,682.96,682.54,682.1,681.67,681.23,680.79,680.36,679.92,679.48,679.05,678.61,678.17,677.74,677.3,676.86,676.42,675.98,675.54,675.1,674.66,674.22,673.79,673.35,672.9,672.46,672.02,671.58,671.13,670.69,670.25,669.81,669.36,668.92,668.48,668.03,667.59,667.14,666.69,666.25,665.8,665.35,664.91,664.46,664.01,663.57,663.12,662.67,662.22,661.78,661.33,660.88,660.43,659.98,659.53,659.08,658.63,658.18,657.72
683.83,683.4,682.97,682.53,682.09,681.67,681.23,680.79,680.35,679.92,679.49,679.05,678.61,678.18,677.74,677.3,676.86,676.42,675.97,675.54,675.1,674.67,674.23,673.78,673.34,672.9,672.46,672.02,671.58,671.13,670.69,670.24,669.8,669.36,668.92,668.47,668.03,667.58,667.14,666.7,666.25,665.8,665.36,664.91,664.47,664.02,663.57,663.12,662.68,662.23,661.78,661.33,660.88,660.43,659.98,659.53,659.07,658.62,658.17,657.72
683.83,683.4,682.97,682.53,682.1,681.66,681.23,680.79,680.36,679.92,679.49,679.05,678.61,678.17,677.73,677.3,676.86,676.43,675.99,675.55,675.1,674.66,674.22,673.78,673.34,672.9,672.46,672.01,671.57,671.13,670.69,670.25,669.81,669.36,668.92,668.48,668.03,667.59,667.14,666.7,666.25,665.81,665.36,664.91,664.47,664.02,663.57,663.12,662.67,662.22,661.77,661.32,660.87,660.42,659.98,659.53,659.08,658.63,658.18,657.72
683.84,683.4,682.96,682.54,682.1,681.66,681.22,680.79,680.36,679.92,679.48,679.04,678.61,678.18,677.74,677.3,676.86,676.42,675.98,675.54,675.1,674.66,674.22,673.78,673.34,672.9,672.46,672.02,671.57,671.13,670.69,670.25,669.81,669.37,668.92,668.48,668.03,667.59,667.14,666.69,666.25,665.8,665.35,664.91,664.46,664.02,663.57,663.12,662.68,662.23,661.78,661.33,660.88,660.43,659.98,659.53,659.08,658.62,658.17,657.72
683.84,683.4,682.96,682.53,682.1,681.66,681.23,680.8,680.36,679.91,679.49,679.05,678.61,678.17,677.74,677.3,676.86,676.42,675.98,675.54,675.1,674.66,674.22,673.78,673.34,672.9,672.46,672.02,671.58,671.14,670.69,670.25,669.8,669.36,668.91,668.46,668.02,667.58,667.14,666.69,666.25,665.8,665.36,664.91,664.46,664.02,663.57,663.12,662.67,662.22,661.78,661.33,660.88,660.42,659.97,659.52,659.07,658.62,658.17,657.72
683.83,683.4,682.97,682.53,682.1,681.66,681.23,680.8,680.35,679.92,679.49,679.05,678.61,678.17,677.73,677.29,676.86,676.42,675.98,675.54,675.1,674.67,674.23,673.79,673.34,672.9,672.46,672.02,671.58,671.13,670.69,670.24,669.79,669.35,668.91,668.47,668.03,667.59,667.14,666.69,666.25,665.8,665.36,664.91,664.46,664.02,663.57,663.12,662.67,662.22,661.77,661.32,660.87,660.42,659.97,659.52,659.07,658.62,658.17,657.72
683.83,683.4,682.97,682.53,682.1,681.67,681.23,680.79,680.36,679.92,679.49,679.05,678.61,678.17,677.73,677.3,676.86,676.42,675.98,675.55,675.11,674.66,674.22,673.78,673.34,672.89,672.45,672.01,671.57,671.13,670.69,670.25,669.81,669.36,668.92,668.47,668.03,667.58,667.14,666.7,666.25,665.8,665.36,664.91,664.46,664.01,663.56,663.12,662.67,662.22,661.77,661.33,660.88,660.43,659.98,659.53,659.08,658.63,658.17,657.72
683.84,683.4,682.97,682.53,682.1,681.66,681.23,680.8,680.36,679.92,679.48,679.04,678.61,678.17,677.74,677.3,676.86,676.42,675.98,675.54,675.09,674.66,674.22,673.78,673.35,672.9,672.46,672.02,671.58,671.13,670.69,670.25,669.8,669.36,668.92,668.47,668.03,667.59,667.14,666.69,666.25,665.8,665.35,664.91,664.46,664.01,663.57,663.12,662.67,662.23,661.78,661.33,660.88,660.43,659.98,659.52,659.07,658.62,658.16,657.71
683.84,683.4,682.97,682.54,682.09,681.67,681.23,680.79,680.36,679.92,679.48,679.04,678.61,678.18,677.74,677.3,676.86,676.41,675.98,675.54,675.11,674.67,674.22,673.78,673.34,672.9,672.46,672.02,671.57,671.13,670.69,670.24,669.8,669.36,668.91,668.47,668.03,667.58,667.14,666.69,666.25,665.8,665.36,664.91,664.46,664.02,663.57,663.12,662.67,662.22,661.77,661.32,660.87,660.42,659.97,659.52,659.07,658.63,658.18,657.72
683.84,683.4,682.96,682.53,682.1,681.66,681.23,680.79,680.35,679.92,679.48,679.05,678.61,678.18,677.74,677.29,676.85,676.42,675.99,675.54,675.1,674.66,674.22,673.78,673.34,672.9,672.45,672.01,671.57,671.13,670.69,670.25,669.81,669.36,668.92,668.48,668.03,667.59,667.14,666.7,666.25,665.81,665.36,664.91,664.46,664.02,663.57,663.12,662.67,662.22,661.76,661.32,660.87,660.43,659.98,659.53,659.08,658.62,658.17,657.72
683.84,683.4,682.97,682.53,682.1,681.66,681.22,680.79,680.36,679.92,679.49,679.05,678.61,678.17,677.73,677.3,676.86,676.42,675.98,675.54,675.1,674.66,674.22,673.78,673.34,672.9,672.46,672.02,671.58,671.13,670.69,670.25,669.81,669.37,668.92,668.48,668.03,667.58,667.14,666.69,666.24,665.8,665.35,664.91,664.46,664.02,663.57,663.12,662.68,662.23,661.78,661.33,660.88,660.43,659.98,659.53,659.07,658.62,658.17,657.72
683.84,683.4,682.97,682.53,682.1,681.66,681.23,680.8,680.36,679.92,679.48,679.04,678.61,678.18,677.74,677.3,676.86,676.42,675.98,675.54,675.1,674.66,674.22,673.78,673.34,672.9,672.46,672.02,671.58,671.13,670.69,670.24,669.8,669.35,668.91,668.47,668.03,667.58,667.14,666.69,666.25,665.81,665.36,664.91,664.46,664.02,663.57,663.12,662.67,662.22,661.77,661.32,660.87,660.42,659.97,659.52,659.07,658.62,658.16,657.71
683.84,683.4,682.96,682.53,682.1,681.66,681.23,680.79,680.35,679.92,679.49,679.05,678.61,678.17,677.74,677.3,676.86,676.42,675.98,675.54,675.1,674.66,674.22,673.78,673.34,672.9,672.46,672.01,671.57,671.12,670.68,670.25,669.81,669.36,668.92,668.47,668.03,667.58,667.14,666.7,666.25,665.8,665.36,664.91,664.46,664.01,663.56,663.11,662.67,662.22,661.77,661.32,660.87,660.42,659.97,659.52,659.07,658.62,658.17,657.72
683.84,683.4,682.97,682.53,682.09,681.66,681.23,680.79,680.36,679.92,679.49,679.05,678.61,678.17,677.73,677.29,676.86,676.42,675.98,675.54,675.1,674.67,674.23,673.78,673.34,672.9,672.45,672.01,671.58,671.14,670.69,670.25,669.8,669.36,668.92,668.47,668.03,667.59,667.14,666.69,666.24,665.8,665.35,664.91,664.46,664.01,663.57,663.12,662.67,662.22,661.78,661.33,660.88,660.43,659.98,659.53,659.07,658.62,658.17,657.72
683.84,683.4,682.97,682.53,682.1,681.67,681.22,680.8,680.36,679.92,679.48,679.04,678.61,678.17,677.73,677.3,676.86,676.42,675.98,675.54,675.1,674.66,674.22,673.77,673.33,672.89,672.46,672.02,671.58,671.13,670.69,670.25,669.8,669.36,668.92,668.47,668.02,667.58,667.14,666.69,666.25,665.8,665.36,664.91,664.47,664.02,663.57,663.12,662.67,662.22,661.77,661.32,660.87,660.42,659.96,659.52,659.07,658.62,658.17,657.72
683.84,683.4,682.97,682.53,682.1,681.66,681.23,680.79,680.36,679.92,679.48,679.05,678.61,678.18,677.74,677.3,676.85,676.42,675.97,675.53,675.1,674.66,674.23,673.79,673.34,672.9,672.46,672.02,671.58,671.13,670.69,670.25,669.8,669.36,668.91,668.47,668.03,667.59,667.14,666.7,666.25,665.81,665.36,664.91,664.46,664.01,663.56,663.12,662.67,662.23,661.78,661.33,660.88,660.43,659.97,659.53,659.07,658.62,658.17,657.72
683.84,683.4,682.96,682.54,682.09,681.67,681.23,680.79,680.36,679.92,679.49,679.05,678.61,678.17,677.73,677.3,676.86,676.42,675.98,675.54,675.1,674.66,674.22,673.78,673.34,672.9,672.45,672.01,671.57,671.13,670.69,670.25,669.81,669.36,668.92,668.48,668.03,667.59,667.14,666.69,666.24,665.79,665.35,664.91,664.47,664.02,663.57,663.12,662.67,662.22,661.77,661.33,660.88,660.43,659.97,659.52,659.07,658.62,658.16,657.71
683.84,683.4,682.97,682.53,682.1,681.66,681.23,680.79,680.35,679.92,679.49,679.05,678.6,678.17,677.74,677.3,676.86,676.42,675.98,675.54,675.1,674.66,674.22,673.78,673.34,672.9,672.46,672.02,671.58,671.13,670.69,670.25,669.81,669.36,668.92,668.47,668.03,667.58,667.13,666.69,666.25,665.81,665.36,664.91,664.46,664.02,663.57,663.12,662.67,662.22,661.77,661.32,660.87,660.42,659.97,659.52,659.07,658.62,658.17,657.72
683.83,683.4,682.97,682.52,682.1,681.66,681.22,680.79,680.36,679.92,679.49,679.04,678.61,678.18,677.74,677.3,676.86,676.42,675.98,675.54,675.1,674.66,674.22,673.78,673.34,672.9,672.46,672.02,671.57,671.13,670.68,670.24,669.8,669.36,668.91,668.47,668.03,667.59,667.14,666.69,666.25,665.8,665.36,664.91,664.46,664.02,663.57,663.12,662.67,662.22,661.77,661.32,660.87,660.42,659.97,659.52,659.07,658.62,658.17,657.72
683.84,683.4,682.97,682.54,682.1,681.66,681.23,680.8,680.36,679.92,679.48,679.05,678.61,678.17,677.74,677.3,676.85,676.42,675.98,675.54,675.11,674.67,674.22,673.78,673.34,672.89,672.45,672.01,671.58,671.14,670.69,670.25,669.8,669.36,668.92,668.47,668.03,667.58,667.14,666.7,666.25,665.8,665.36,664.91,664.46,664.01,663.56,663.11,662.67,662.22,661.77,661.32,660.88,660.43,659.98,659.53,659.08,658.62,658.17,657.72
683.84,683.4,682.96,682.53,682.09,681.66,681.23,680.79,680.35,679.93,679.49,679.05,678.61,678.17,677.73,677.29,676.86,676.42,675.98,675.55,675.1,674.66,674.21,673.78,673.34,672.9,672.46,672.02,671.57,671.13,670.69,670.25,669.8,669.36,668.92,668.47,668.03,667.58,667.14,666.69,666.24,665.8,665.35,664.91,664.46,664.02,663.57,663.12,662.67,662.22,661.78,661.33,660.88,660.43,659.98,659.52,659.07,658.62,658.16,657.71
683.84,683.4,682.97,682.53,682.1,681.67,681.22,680.79,680.36,679.92,679.49,679.05,678.61,678.17,677.73,677.3,676.86,676.42,675.98,675.54,675.1,674.66,674.23,673.79,673.34,672.9,672.46,672.02,671.57,671.13,670.69,670.25,669.8,669.36,668.92,668.47,668.03,667.59,667.14,666.7,666.25,665.81,665.36,664.91,664.47,664.02,663.57,663.12,662.67,662.22,661.77,661.32,660.87,660.42,659.97,659.52,659.07,658.62,658.17,657.72
683.84,683.4,682.97,682.53,682.1,681.66,681.23,680.79,680.36,679.92,679.48,679.04,678.61,678.17,677.74,677.3,676.86,676.42,675.98,675.53,675.1,674.67,674.22,673.78,673.34,672.9,672.46,672.01,671.57,671.13,670.69,670.25,669.81,669.36,668.92,668.48,668.03,667.59,667.14,666.7,666.25,665.8,665.35,664.9,664.45,664.01,663.56,663.12,662.67,662.23,661.78,661.33,660.88,660.43,659.97,659.52,659.07,658.62,658.17,657.72
53.361,53.368,53.375,53.382,53.388,53.395,53.401,53.408,53.414,53.421,53.427,53.434,53.44,53.447,53.453,53.46,53.466,53.473,53.479,53.486,53.492,53.499,53.505,53.512,53.518,53.524,53.531,53.537,53.544,53.55,53.556,53.563,53.569,53.576,53.582,53.588,53.595,53.601,53.607,53.614,53.62,53.627,53.633,53.639,53.646,53.652,53.658,53.665,53.671,53.677,53.684,53.69,53.696,53.703,53.709,53.715,53.721,53.728,53.734,53.74
53.362,53.369,53.376,53.383,53.39,53.398,53.405,53.412,53.419,53.426,53.433,53.44,53.447,53.454,53.461,53.468,53.475,53.482,53.49,53.497,53.504,53.511,53.518,53.525,53.532,53.539,53.546,53.553,53.56,53.567,53.574,53.581,53.588,53.595,53.602,53.61,53.617,53.624,53.631,53.638,53.645,53.652,53.659,53.666,53.673,53.68,53.687,53.694,53.701,53.708,53.714,53.721,53.728,53.735,53.742,53.749,53.756,53.763,53.77,53.776
53.363,53.37,53.377,53.385,53.393,53.401,53.408,53.416,53.423,53.43,53.438,53.445,53.453,53.46,53.468,53.476,53.483,53.491,53.499,53.506,53.514,53.522,53.529,53.537,53.545,53.552,53.56,53.567,53.575,53.582,53.59,53.598,53.605,53.613,53.62,53.628,53.635,53.643,53.65,53.658,53.665,53.673,53.68,53.688,53.695,53.703,53.71,53.718,53.725,53.732,53.74,53.747,53.755,53.762,53.77,53.777,53.785,53.792,53.799,53.807
53.362,53.37,53.377,53.387,53.395,53.403,53.41,53.418,53.426,53.434,53.442,53.45,53.458,53.466,53.474,53.482,53.491,53.499,53.507,53.515,53.523,53.531,53.539,53.547,53.555,53.563,53.571,53.579,53.587,53.595,53.602,53.61,53.618,53.626,53.634,53.642,53.65,53.658,53.666,53.674,53.682,53.69,53.698,53.706,53.713,53.721,53.729,53.737,53.745,53.753,53.761,53.769,53.777,53.785,53.793,53.801,53.808,53.816,53.824,53.832
53.362,53.37,53.379,53.388,53.396,53.403,53.411,53.42,53.428,53.437,53.445,53.454,53.462,53.471,53.479,53.488,53.496,53.504,53.513,53.521,53.529,53.537,53.546,53.554,53.562,53.57,53.579,53.587,53.595,53.604,53.612,53.62,53.629,53.637,53.645,53.654,53.662,53.67,53.678,53.687,53.695,53.703,53.712,53.72,53.728,53.737,53.745,53.753,53.762,53.77,53.778,53.787,53.795,53.804,53.812,53.82,53.829,53.837,53.846,53.854
53.362,53.37,53.38,53.388,53.396,53.404,53.413,53.422,53.431,53.44,53.449,53.457,53.466,53.475,53.483,53.492,53.5,53.508,53.517,53.525,53.534,53.542,53.551,53.559,53.568,53.577,53.585,53.594,53.603,53.611,53.62,53.628,53.637,53.646,53.654,53.663,53.672,53.68,53.689,53.698,53.707,53.715,53.724,53.733,53.741,53.75,53.759,53.767,53.776,53.785,53.793,53.802,53.811,53.82,53.828,53.837,53.846,53.854,53.863,53.872
53.362,53.37,53.38,53.388,53.396,53.406,53.415,53.425,53.433,53.442,53.451,53.46,53.468,53.477,53.486,53.494,53.503,53.512,53.52,53.529,53.538,53.547,53.556,53.565,53.574,53.583,53.591,53.6,53.609,53.618,53.627,53.636,53.645,53.654,53.663,53.672,53.681,53.69,53.699,53.708,53.717,53.726,53.735,53.744,53.752,53.761,53.77,53.779,53.788,53.797,53.806,53.815,53.824,53.832,53.841,53.85,53.859,53.868,53.877,53.886
53.362,53.372,53.379,53.388,53.398,53.408,53.417,53.426,53.434,53.443,53.452,53.46,53.469,53.478,53.487,53.496,53.505,53.514,53.523,53.533,53.542,53.551,53.56,53.57,53.579,53.588,53.597,53.606,53.615,53.625,53.634,53.643,53.652,53.661,53.67,53.679,53.688,53.697,53.706,53.715,53.724,53.733,53.743,53.752,53.761,53.77,53.779,53.788,53.797,53.806,53.815,53.824,53.833,53.842,53.851,53.86,53.869,53.878,53.887,53.896
53.361,53.372,53.379,53.389,53.399,53.409,53.417,53.426,53.434,53.443,53.452,53.462,53.471,53.48,53.49,53.499,53.508,53.518,53.527,53.536,53.545,53.555,53.564,53.574,53.583,53.592,53.601,53.611,53.62,53.629,53.638,53.647,53.656,53.666,53.675,53.684,53.693,53.702,53.711,53.721,53.73,53.739,53.748,53.757,53.766,53.776,53.785,53.794,53.803,53.812,53.821,53.831,53.84,53.849,53.858,53.867,53.877,53.886,53.895,53.904
53.362,53.372,53.38,53.39,53.4,53.409,53.417,53.426,53.435,53.444,53.454,53.464,53.473,53.483,53.492,53.502,53.511,53.52,53.53,53.539,53.548,53.558,53.567,53.576,53.586,53.595,53.604,53.613,53.623,53.632,53.641,53.65,53.659,53.669,53.678,53.687,53.696,53.706,53.715,53.724,53.734,53.743,53.752,53.762,53.771,53.78,53.79,53.799,53.808,53.818,53.827,53.836,53.846,53.855,53.865,53.874,53.883,53.893,53.902,53.912
53.362,53.371,53.381,53.391,53.399,53.408,53.417,53.426,53.436,53.446,53.456,53.466,53.475,53.484,53.494,53.503,53.513,53.522,53.531,53.54,53.55,53.559,53.568,53.578,53.587,53.597,53.606,53.615,53.624,53.634,53.643,53.652,53.662,53.671,53.68,53.69,53.699,53.709,53.718,53.728,53.737,53.747,53.756,53.766,53.775,53.785,53.794,53.804,53.813,53.823,53.832,53.842,53.852,53.861,53.871,53.88,53.89,53.899,53.909,53.919
53.362,53.37,53.381,53.39,53.399,53.408,53.417,53.427,53.437,53.447,53.457,53.466,53.476,53.485,53.494,53.504,53.513,53.522,53.532,53.541,53.55,53.56,53.569,53.579,53.588,53.597,53.607,53.616,53.626,53.635,53.645,53.654,53.664,53.673,53.683,53.693,53.702,53.712,53.722,53.731,53.741,53.75,53.76,53.77,53.779,53.789,53.799,53.808,53.818,53.828,53.837,53.847,53.856,53.866,53.876,53.885,53.895,53.904,53.914,53.923
53.362,53.371,53.381,53.389,53.399,53.409,53.419,53.428,53.438,53.448,53.457,53.467,53.476,53.485,53.494,53.504,53.513,53.522,53.532,53.541,53.551,53.561,53.57,53.58,53.589,53.599,53.609,53.618,53.628,53.638,53.647,53.657,53.666,53.676,53.686,53.695,53.705,53.715,53.725,53.734,53.744,53.754,53.763,53.773,53.783,53.792,53.802,53.812,53.821,53.831,53.84,53.85,53.86,53.869,53.879,53.888,53.898,53.908,53.917,53.927
53.362,53.372,53.381,53.389,53.4,53.41,53.419,53.429,53.439,53.448,53.457,53.466,53.476,53.485,53.494,53.504,53.514,53.524,53.533,53.543,53.553,53.562,53.572,53.582,53.591,53.601,53.611,53.62,53.63,53.64,53.649,53.659,53.669,53.678,53.688,53.698,53.707,53.717,53.727,53.736,53.746,53.756,53.765,53.775,53.785,53.794,53.804,53.814,53.823,53.833,53.842,53.852,53.862,53.871,53.881,53.89,53.9,53.91,53.919,53.929
53.362,53.372,53.38,53.39,53.401,53.41,53.42,53.429,53.438,53.448,53.457,53.466,53.476,53.486,53.495,53.505,53.515,53.525,53.535,53.544,53.554,53.564,53.573,53.583,53.593,53.602,53.612,53.622,53.631,53.641,53.651,53.66,53.67,53.68,53.689,53.699,53.709,53.718,53.728,53.738,53.747,53.757,53.767,53.776,53.786,53.796,53.805,53.815,53.824,53.834,53.844,53.853,53.863,53.873,53.882,53.892,53.902,53.911,53.921,53.931
53.361,53.371,53.38,53.391,53.401,53.41,53.419,53.428,53.438,53.447,53.457,53.467,53.477,53.486,53.496,53.506,53.516,53.526,53.535,53.545,53.555,53.564,53.574,53.584,53.593,53.603,53.613,53.622,53.632,53.641,53.651,53.661,53.67,53.68,53.69,53.699,53.709,53.719,53.729,53.738,53.748,53.758,53.767,53.777,53.787,53.796,53.806,53.816,53.826,53.835,53.845,53.855,53.864,53.874,53.884,53.894,53.904,53.913,53.923,53.933
53.362,53.371,53.381,53.391,53.4,53.409,53.419,53.428,53.438,53.448,53.458,53.468,53.478,53.487,53.497,53.507,53.517,53.526,53.536,53.545,53.555,53.565,53.574,53.584,53.593,53.603,53.613,53.622,53.632,53.642,53.651,53.661,53.671,53.68,53.69,53.7,53.71,53.719,53.729,53.739,53.749,53.758,53.768,53.778,53.788,53.797,53.807,53.817,53.827,53.837,53.846,53.856,53.866,53.876,53.886,53.896,53.905,53.915,53.925,53.935
53.362,53.371,53.381,53.391,53.4,53.409,53.419,53.429,53.439,53.449,53.459,53.468,53.478,53.488,53.497,53.507,53.517,53.526,53.536,53.545,53.555,53.564,53.574,53.584,53.593,53.603,53.613,53.623,53.632,53.642,53.652,53.662,53.672,53.681,53.691,53.701,53.711,53.721,53.73,53.74,53.75,53.76,53.77,53.779,53.789,53.799,53.809,53.819,53.828,53.838,53.848,53.858,53.868,53.878,53.887,53.897,53.907,53.917,53.927,53.937
53.362,53.371,53.381,53.39,53.4,53.41,53.42,53.43,53.439,53.449,53.459,53.468,53.478,53.487,53.497,53.507,53.516,53.526,53.536,53.545,53.555,53.565,53.574,53.584,53.594,53.604,53.614,53.623,53.633,53.643,53.653,53.663,53.673,53.682,53.692,53.702,53.712,53.722,53.731,53.741,53.751,53.761,53.771,53.78,53.79,53.574,53.81,53.82,53.829,53.839,53.849,53.859,53.869,53.879,53.888,53.898,53.908,53.918,53.928,53.937
53.361,53.371,53.381,53.39,53.4,53.41,53.42,53.43,53.439,53.448,53.458,53.468,53.478,53.487,53.497,53.507,53.516,53.526,53.536,53.546,53.555,53.565,53.575,53.585,53.595,53.605,53.614,53.624,53.634,53.644,53.654,53.663,53.673,53.683,53.693,53.703,53.712,53.722,53.732,53.742,53.752,53.761,53.771,53.781,53.791,53.8,53.81,53.82,53.83,53.84,53.849,53.859,53.869,53.879,53.889,53.898,53.908,53.918,53.928,53.938
53.362,53.372,53.381,53.391,53.401,53.411,53.42,53.429,53.439,53.448,53.458,53.468,53.478,53.487,53.497,53.507,53.517,53.527,53.537,53.546,53.556,53.566,53.576,53.585,53.595,53.605,53.615,53.625,53.634,53.644,53.654,53.664,53.673,53.683,53.693,53.703,53.712,53.722,53.732,53.742,53.752,53.761,53.771,53.781,53.791,53.8,53.81,53.82,53.83,53.84,53.85,53.859,53.869,53.879,53.889,53.899,53.908,53.918,53.928,53.938
53.362,53.152,53.381,53.391,53.401,53.41,53.42,53.429,53.439,53.449,53.459,53.469,53.479,53.488,53.498,53.508,53.517,53.527,53.537,53.547,53.556,53.566,53.576,53.586,53.595,53.605,53.615,53.625,53.635,53.644,53.654,53.664,53.673,53.683,53.693,53.703,53.712,53.722,53.732,53.742,53.752,53.761,53.771,53.781,53.791,53.801,53.81,53.82,53.83,53.84,53.85,53.86,53.87,53.88,53.889,53.899,53.909,53.919,53.929,53.939
53.362,53.371,53.382,53.391,53.401,53.41,53.419,53.429,53.439,53.45,53.46,53.469,53.479,53.489,53.498,53.508,53.518,53.527,53.537,53.547,53.556,53.566,53.576,53.586,53.595,53.605,53.615,53.625,53.634,53.644,53.654,53.664,53.673,53.683,53.693,53.703,53.712,53.722,53.732,53.742,53.752,53.762,53.772,53.781,53.791,53.801,53.811,53.821,53.831,53.841,53.851,53.861,53.871,53.88,53.89,53.9,53.91,53.92,53.93,53.94
53.361,53.371,53.382,53.391,53.4,53.41,53.42,53.43,53.44,53.45,53.46,53.469,53.479,53.488,53.498,53.507,53.517,53.527,53.537,53.546,53.556,53.566,53.576,53.585,53.595,53.605,53.615,53.624,53.634,53.644,53.654,53.664,53.673,53.683,53.693,53.703,53.713,53.723,53.733,53.742,53.752,53.762,53.773,53.783,53.792,53.802,53.812,53.822,53.832,53.842,53.852,53.861,53.871,53.881,53.891,53.901,53.911,53.92,53.93,53.94
53.362,53.372,53.382,53.39,53.4,53.411,53.421,53.431,53.44,53.45,53.46,53.469,53.478,53.488,53.497,53.507,53.517,53.526,53.536,53.546,53.556,53.566,53.576,53.586,53.595,53.605,53.615,53.625,53.635,53.645,53.655,53.665,53.675,53.684,53.694,53.704,53.714,53.723,53.733,53.743,53.753,53.763,53.773,53.783,53.793,53.803,53.812,53.822,53.832,53.842,53.852,53.861,53.871,53.881,53.891,53.9,53.91,53.92,53.93,53.94
53.362,53.372,53.381,53.39,53.401,53.411,53.421,53.43,53.44,53.449,53.459,53.469,53.478,53.488,53.497,53.507,53.517,53.527,53.537,53.547,53.556,53.566,53.576,53.587,53.596,53.606,53.616,53.626,53.636,53.645,53.655,53.665,53.675,53.685,53.694,53.704,53.714,53.724,53.734,53.744,53.753,53.763,53.773,53.783,53.793,53.802,53.812,53.822,53.832,53.841,53.851,53.861,53.871,53.88,53.89,53.9,53.91,53.92,53.929,53.939
53.363,53.372,53.381,53.39,53.401,53.411,53.42,53.43,53.439,53.449,53.458,53.468,53.478,53.487,53.497,53.507,53.517,53.527,53.537,53.547,53.557,53.567,53.577,53.586,53.596,53.606,53.616,53.626,53.635,53.645,53.655,53.665,53.674,53.684,53.694,53.704,53.714,53.723,53.733,53.743,53.753,53.763,53.772,53.782,53.792,53.802,53.812,53.821,53.831,53.841,53.851,53.861,53.87,53.88,53.89,53.9,53.91,53.92,53.93,53.939
53.362,53.372,53.381,53.391,53.401,53.411,53.42,53.429,53.439,53.448,53.458,53.468,53.478,53.488,53.498,53.508,53.518,53.528,53.538,53.547,53.557,53.567,53.577,53.586,53.596,53.606,53.616,53.625,53.635,53.645,53.655,53.664,53.674,53.684,53.693,53.703,53.713,53.723,53.733,53.742,53.752,53.762,53.772,53.782,53.791,53.801,53.811,53.821,53.831,53.841,53.851,53.861,53.87,53.88,53.89,53.9,53.91,53.92,53.93,53.94
53.362,53.371,53.381,53.392,53.401,53.41,53.419,53.429,53.439,53.449,53.459,53.469,53.479,53.489,53.499,53.508,53.518,53.528,53.538,53.547,53.557,53.567,53.576,53.586,53.596,53.605,53.615,53.625,53.635,53.644,53.654,53.664,53.674,53.683,53.693,53.703,53.713,53.723,53.733,53.743,53.752,53.762,53.772,53.782,53.792,53.802,53.812,53.822,53.832,53.841,53.851,53.861,53.871,53.881,53.891,53.901,53.911,53.921,53.931,53.941
53.362,53.371,53.382,53.392,53.401,53.41,53.42,53.429,53.44,53.45,53.46,53.469,53.479,53.489,53.499,53.508,53.518,53.528,53.537,53.547,53.557,53.567,53.576,53.586,53.595,53.605,53.615,53.625,53.634,53.644,53.654,53.664,53.674,53.684,53.694,53.703,53.713,53.723,53.733,53.743,53.753,53.763,53.773,53.783,53.793,53.802,53.812,53.822,53.832,53.842,53.852,53.862,53.872,53.882,53.892,53.902,53.912,53.922,53.931,53.941
53.362,53.371,53.382,53.391,53.4,53.41,53.42,53.43,53.44,53.45,53.46,53.469,53.479,53.489,53.498,53.508,53.518,53.527,53.537,53.547,53.556,53.566,53.576,53.585,53.595,53.605,53.615,53.625,53.634,53.644,53.654,53.664,53.674,53.684,53.694,53.704,53.714,53.724,53.734,53.744,53.754,53.763,53.773,53.783,53.793,53.803,53.813,53.823,53.833,53.842,53.852,53.862,53.872,53.882,53.892,53.902,53.911,53.921,53.931,53.941
53.362,53.371,53.382,53.39,53.4,53.41,53.42,53.43,53.44,53.45,53.459,53.469,53.478,53.488,53.498,53.507,53.517,53.527,53.536,53.546,53.556,53.566,53.576,53.585,53.595,53.605,53.615,53.625,53.635,53.645,53.655,53.665,53.675,53.685,53.694,53.704,53.714,53.724,53.734,53.744,53.754,53.764,53.773,53.783,53.793,53.803,53.813,53.823,53.832,53.842,53.852,53.862,53.872,53.881,53.891,53.901,53.911,53.921,53.93,53.94
53.361,53.372,53.381,53.39,53.4,53.411,53.421,53.43,53.44,53.45,53.459,53.468,53.478,53.488,53.497,53.507,53.517,53.527,53.537,53.546,53.556,53.566,53.576,53.586,53.596,53.606,53.616,53.625,53.635,53.645,53.655,53.665,53.675,53.685,53.695,53.704,53.714,53.724,53.734,53.744,53.754,53.763,53.773,53.783,53.793,53.802,53.812,53.822,53.832,53.842,53.851,53.861,53.871,53.881,53.891,53.901,53.91,53.92,53.93,53.94
53.361,53.372,53.381,53.39,53.401,53.411,53.421,53.43,53.44,53.449,53.459,53.468,53.478,53.488,53.497,53.507,53.517,53.527,53.537,53.547,53.557,53.567,53.577,53.587,53.596,53.606,53.616,53.626,53.636,53.645,53.655,53.665,53.675,53.685,53.695,53.704,53.714,53.724,53.734,53.744,53.753,53.763,53.773,53.783,53.792,53.802,53.812,53.822,53.831,53.841,53.851,53.861,53.871,53.881,53.891,53.901,53.911,53.921,53.93,53.94
53.362,53.372,53.381,53.391,53.401,53.411,53.42,53.43,53.439,53.449,53.458,53.468,53.478,53.488,53.498,53.508,53.518,53.528,53.538,53.547,53.557,53.567,53.577,53.587,53.596,53.606,53.616,53.626,53.635,53.645,53.655,53.665,53.675,53.684,53.694,53.704,53.714,53.724,53.733,53.743,53.753,53.763,53.772,53.782,53.792,53.802,53.812,53.822,53.831,53.841,53.851,53.861,53.871,53.881,53.891,53.901,53.911,53.921,53.931,53.941
53.362,53.372,53.381,53.391,53.401,53.41,53.42,53.429,53.439,53.449,53.459,53.468,53.479,53.489,53.498,53.508,53.518,53.528,53.538,53.547,53.557,53.567,53.577,53.586,53.596,53.606,53.615,53.625,53.635,53.645,53.654,53.664,53.674,53.684,53.694,53.703,53.713,53.723,53.733,53.743,53.753,53.762,53.772,53.782,53.792,53.802,53.812,53.822,53.832,53.842,53.852,53.862,53.872,53.882,53.892,53.902,53.912,53.921,53.931,53.941
53.362,53.371,53.381,53.391,53.401,53.41,53.42,53.429,53.439,53.449,53.459,53.469,53.479,53.489,53.499,53.508,53.518,53.528,53.537,53.547,53.557,53.566,53.576,53.586,53.596,53.605,53.615,53.625,53.635,53.644,53.654,53.664,53.674,53.684,53.694,53.703,53.713,53.723,53.733,53.743,53.753,53.763,53.773,53.783,53.793,53.803,53.812,53.822,53.832,53.842,53.852,53.862,53.872,53.882,53.892,53.902,53.912,53.922,53.931,53.941
53.361,53.371,53.382,53.392,53.401,53.41,53.42,53.43,53.44,53.45,53.46,53.47,53.479,53.489,53.499,53.508,53.518,53.527,53.537,53.547,53.556,53.566,53.576,53.586,53.595,53.605,53.615,53.625,53.635,53.645,53.654,53.664,53.674,53.684,53.694,53.704,53.714,53.724,53.734,53.744,53.754,53.763,53.773,53.783,53.793,53.803,53.813,53.823,53.833,53.842,53.852,53.862,53.872,53.882,53.892,53.902,53.912,53.921,53.931,53.941
53.362,53.371,53.382,53.391,53.4,53.41,53.42,53.43,53.44,53.45,53.46,53.469,53.479,53.489,53.498,53.508,53.517,53.527,53.537,53.546,53.556,53.566,53.576,53.586,53.595,53.605,53.615,53.625,53.635,53.645,53.655,53.665,53.675,53.685,53.695,53.704,53.714,53.724,53.734,53.744,53.754,53.764,53.773,53.783,53.793,53.803,53.813,53.823,53.832,53.842,53.852,53.862,53.872,53.882,53.891,53.901,53.911,53.921,53.931,53.941
53.362,53.371,53.382,53.39,53.4,53.41,53.42,53.43,53.44,53.45,53.459,53.469,53.478,53.488,53.498,53.507,53.517,53.527,53.536,53.546,53.556,53.566,53.576,53.586,53.596,53.606,53.616,53.626,53.636,53.645,53.655,53.665,53.675,53.685,53.695,53.704,53.714,53.724,53.734,53.744,53.753,53.763,53.773,53.783,53.793,53.802,53.812,53.822,53.832,53.842,53.852,53.861,53.871,53.881,53.891,53.901,53.911,53.921,53.93,53.94
53.361,53.371,53.381,53.39,53.4,53.41,53.421,53.43,53.44,53.449,53.459,53.468,53.478,53.488,53.497,53.507,53.517,53.527,53.537,53.547,53.557,53.567,53.577,53.586,53.596,53.606,53.616,53.626,53.636,53.645,53.655,53.665,53.675,53.685,53.694,53.704,53.714,53.724,53.733,53.743,53.753,53.763,53.773,53.782,53.792,53.802,53.812,53.822,53.831,53.841,53.851,53.861,53.871,53.881,53.891,53.901,53.911,53.921,53.931,53.941
53.361,53.372,53.381,53.391,53.401,53.411,53.421,53.43,53.44,53.449,53.458,53.468,53.478,53.488,53.498,53.508,53.518,53.528,53.538,53.548,53.557,53.567,53.577,53.587,53.597,53.606,53.616,53.626,53.636,53.645,53.655,53.665,53.674,53.684,53.694,53.704,53.713,53.723,53.733,53.743,53.752,53.762,53.772,53.782,53.792,53.802,53.812,53.822,53.832,53.842,53.852,53.862,53.872,53.882,53.892,53.902,53.912,53.922,53.931,53.941
53.363,53.372,53.381,53.391,53.401,53.411,53.42,53.43,53.439,53.449,53.459,53.468,53.479,53.489,53.499,53.508,53.518,53.528,53.538,53.548,53.557,53.567,53.577,53.587,53.596,53.606,53.616,53.625,53.635,53.645,53.655,53.664,53.674,53.684,53.693,53.703,53.713,53.723,53.733,53.743,53.753,53.763,53.773,53.783,53.793,53.803,53.813,53.823,53.832,53.842,53.852,53.862,53.872,53.882,53.892,53.902,53.912,53.922,53.931,53.941
53.361,53.372,53.381,53.392,53.401,53.41,53.42,53.43,53.439,53.449,53.459,53.469,53.479,53.489,53.499,53.509,53.518,53.528,53.538,53.547,53.557,53.567,53.576,53.586,53.596,53.605,53.615,53.625,53.635,53.644,53.654,53.664,53.674,53.684,53.693,53.703,53.713,53.723,53.733,53.743,53.753,53.763,53.773,53.783,53.793,53.803,53.813,53.823,53.833,53.843,53.852,53.862,53.872,53.882,53.892,53.902,53.911,53.921,53.931,53.941
53.361,53.371,53.381,53.392,53.401,53.41,53.42,53.429,53.439,53.449,53.459,53.469,53.479,53.489,53.499,53.508,53.518,53.527,53.537,53.547,53.556,53.566,53.576,53.585,53.595,53.605,53.615,53.625,53.635,53.644,53.654,53.664,53.674,53.684,53.694,53.704,53.714,53.724,53.734,53.744,53.754,53.764,53.774,53.783,53.793,53.803,53.813,53.823,53.833,53.842,53.852,53.862,53.872,53.882,53.891,53.901,53.911,53.921,53.931,53.94
53.361,53.371,53.381,53.391,53.4,53.41,53.42,53.43,53.44,53.45,53.46,53.469,53.479,53.489,53.498,53.508,53.517,53.527,53.537,53.546,53.556,53.566,53.576,53.586,53.596,53.605,53.615,53.625,53.635,53.645,53.655,53.665,53.675,53.685,53.695,53.705,53.714,53.724,53.734,53.744,53.754,53.764,53.774,53.783,53.793,53.803,53.813,53.823,53.832,53.842,53.852,53.862,53.871,53.881,53.891,53.901,53.911,53.92,53.93,53.94
53.362,53.371,53.382,53.391,53.4,53.41,53.42,53.43,53.44,53.45,53.46,53.469,53.479,53.489,53.498,53.508,53.517,53.527,53.537,53.546,53.556,53.566,53.576,53.586,53.596,53.606,53.616,53.626,53.636,53.646,53.656,53.665,53.675,53.685,53.695,53.705,53.714,53.724,53.734,53.744,53.754,53.763,53.773,53.783,53.793,53.802,53.812,53.822,53.832,53.842,53.851,53.861,53.871,53.881,53.891,53.901,53.911,53.92,53.93,53.94
53.362,53.371,53.382,53.391,53.4,53.411,53.421,53.43,53.44,53.45,53.459,53.469,53.479,53.488,53.498,53.507,53.517,53.527,53.537,53.547,53.557,53.567,53.577,53.587,53.597,53.606,53.616,53.626,53.636,53.646,53.655,53.665,53.675,53.685,53.694,53.704,53.714,53.724,53.733,53.743,53.753,53.763,53.772,53.782,53.792,53.802,53.812,53.822,53.831,53.841,53.851,53.861,53.871,53.881,53.891,53.901,53.911,53.921,53.931,53.941
53.361,53.372,53.381,53.39,53.4,53.411,53.421,53.43,53.44,53.449,53.459,53.468,53.478,53.488,53.498,53.507,53.517,53.527,53.537,53.547,53.557,53.567,53.577,53.587,53.597,53.606,53.616,53.626,53.635,53.645,53.655,53.664,53.674,53.684,53.694,53.703,53.713,53.723,53.733,53.743,53.753,53.762,53.772,53.782,53.792,53.802,53.812,53.822,53.832,53.842,53.852,53.862,53.872,53.882,53.892,53.902,53.912,53.922,53.932,53.942
53.361,53.372,53.381,53.39,53.401,53.411,53.42,53.43,53.439,53.449,53.459,53.468,53.478,53.488,53.498,53.508,53.518,53.528,53.538,53.548,53.557,53.567,53.577,53.587,53.596,53.606,53.616,53.625,53.635,53.645,53.654,53.664,53.674,53.684,53.693,53.703,53.713,53.723,53.733,53.743,53.753,53.763,53.773,53.783,53.793,53.803,53.813,53.823,53.833,53.843,53.853,53.863,53.872,53.882,53.892,53.902,53.912,53.922,53.932,53.941
53.361,53.372,53.381,53.391,53.401,53.411,53.42,53.429,53.439,53.449,53.459,53.469,53.479,53.489,53.499,53.509,53.518,53.528,53.538,53.548,53.557,53.567,53.577,53.586,53.596,53.606,53.615,53.625,53.635,53.644,53.654,53.664,53.674,53.684,53.694,53.704,53.714,53.724,53.734,53.744,53.754,53.764,53.774,53.784,53.793,53.803,53.813,53.823,53.833,53.843,53.853,53.862,53.872,53.882,53.892,53.902,53.911,53.921,53.931,53.941
53.362,53.372,53.381,53.392,53.401,53.411,53.42,53.429,53.439,53.449,53.459,53.469,53.479,53.489,53.499,53.509,53.518,53.528,53.537,53.547,53.557,53.566,53.576,53.586,53.596,53.605,53.615,53.625,53.635,53.644,53.654,53.664,53.675,53.685,53.695,53.705,53.714,53.724,53.734,53.744,53.754,53.764,53.774,53.783,53.793,53.803,53.813,53.823,53.832,53.842,53.852,53.862,53.871,53.881,53.891,53.901,53.911,53.92,53.93,53.94
53.361,53.371,53.381,53.392,53.401,53.41,53.42,53.429,53.439,53.45,53.46,53.469,53.479,53.489,53.498,53.508,53.517,53.527,53.537,53.546,53.556,53.566,53.576,53.585,53.595,53.605,53.616,53.625,53.635,53.645,53.655,53.665,53.675,53.685,53.695,53.705,53.715,53.724,53.734,53.744,53.754,53.764,53.773,53.783,53.792,53.802,53.812,53.822,53.832,53.841,53.851,53.861,53.871,53.881,53.891,53.9,53.91,53.92,53.93,53.94
53.361,53.371,53.382,53.391,53.4,53.41,53.42,53.43,53.44,53.45,53.46,53.469,53.479,53.488,53.498,53.507,53.517,53.527,53.537,53.547,53.557,53.567,53.576,53.586,53.596,53.606,53.616,53.626,53.636,53.646,53.655,53.665,53.675,53.685,53.695,53.704,53.714,53.724,53.734,53.743,53.753,53.763,53.773,53.782,53.792,53.802,53.812,53.822,53.832,53.842,53.852,53.862,53.872,53.882,53.892,53.902,53.912,53.922,53.932,53.941
53.361,53.371,53.382,53.391,53.4,53.41,53.42,53.43,53.44,53.45,53.459,53.469,53.478,53.488,53.498,53.507,53.517,53.527,53.537,53.547,53.557,53.567,53.577,53.587,53.597,53.606,53.616,53.626,53.636,53.645,53.655,53.665,53.675,53.684,53.694,53.704,53.714,53.723,53.733,53.743,53.753,53.763,53.772,53.782,53.792,53.802,53.812,53.822,53.832,53.842,53.852,53.862,53.872,53.882,53.892,53.902,53.912,53.922,53.932,53.942
53.362,53.371,53.382,53.391,53.4,53.411,53.421,53.431,53.44,53.45,53.459,53.469,53.478,53.488,53.498,53.508,53.518,53.528,53.538,53.548,53.557,53.567,53.577,53.587,53.596,53.606,53.616,53.625,53.635,53.645,53.655,53.664,53.674,53.684,53.694,53.703,53.713,53.723,53.733,53.743,53.753,53.763,53.772,53.782,53.792,53.803,53.813,53.823,53.833,53.843,53.852,53.862,53.872,53.882,53.892,53.902,53.912,53.922,53.931,53.941
53.361,53.372,53.381,53.39,53.401,53.411,53.421,53.43,53.44,53.449,53.459,53.468,53.478,53.488,53.498,53.508,53.518,53.528,53.538,53.547,53.557,53.567,53.576,53.586,53.596,53.605,53.615,53.625,53.635,53.644,53.654,53.664,53.674,53.684,53.694,53.704,53.714,53.723,53.733,53.743,53.753,53.763,53.773,53.783,53.793,53.803,53.813,53.823,53.833,53.843,53.853,53.862,53.872,53.882,53.892,53.902,53.911,53.921,53.931,53.941
53.361,53.372,53.381,53.391,53.401,53.411,53.42,53.43,53.439,53.449,53.458,53.468,53.478,53.488,53.498,53.508,53.518,53.528,53.538,53.547,53.557,53.566,53.576,53.586,53.595,53.605,53.615,53.625,53.635,53.645,53.655,53.665,53.674,53.684,53.694,53.704,53.714,53.724,53.734,53.744,53.754,53.764,53.774,53.783,53.793,53.803,53.813,53.823,53.833,53.842,53.852,53.862,53.872,53.882,53.892,53.901,53.911,53.921,53.931,53.94
53.362,53.372,53.381,53.391,53.401,53.411,53.42,53.429,53.439,53.449,53.459,53.469,53.479,53.489,53.499,53.509,53.518,53.528,53.537,53.547,53.556,53.566,53.576,53.585,53.595,53.605,53.615,53.625,53.635,53.645,53.655,53.665,53.675,53.685,53.695,53.705,53.714,53.724,53.734,53.744,53.754,53.763,53.773,53.783,53.793,53.803,53.812,53.822,53.832,53.842,53.852,53.861,53.871,53.881,53.891,53.901,53.911,53.92,53.93,53.94
53.362,53.372,53.381,53.392,53.401,53.41,53.419,53.429,53.439,53.45,53.46,53.469,53.479,53.489,53.499,53.508,53.518,53.527,53.537,53.547,53.556,53.566,53.576,53.586,53.596,53.606,53.616,53.626,53.636,53.646,53.655,53.665,53.675,53.685,53.695,53.704,53.714,53.724,53.734,53.743,53.753,53.763,53.773,53.782,53.792,53.802,53.812,53.822,53.832,53.841,53.851,53.861,53.871,53.881,53.891,53.901,53.911,53.921,53.931,53.941
