-10,-9.322,-8.6441,-7.9661,-7.2881,-6.6102,-5.9322,-5.2542,-4.5763,-3.8983,-3.2203,-2.5424,-1.8644,-1.1864,-0.50847,0.16949,0.84746,1.5254,2.2034,2.8814,3.5593,4.2373,4.9153,5.5932,6.2712,6.9492,7.6271,8.3051,8.9831,9.661,10.339,11.017,11.695,12.373,13.051,13.729,14.407,15.085,15.763,16.441,17.119,17.797,18.475,19.153,19.831,20.508,21.186,21.864,22.542,23.22,23.898,24.576,25.254,25.932,26.61,27.288,27.966,28.644,29.322,30
0,0.00042373,0.00084746,0.0012712,0.0016949,0.0021186,0.0025424,0.0029661,0.0033898,0.0038136,0.0042373,0.004661,0.0050847,0.0055085,0.0059322,0.0063559,0.0067797,0.0072034,0.0076271,0.0080508,0.0084746,0.0088983,0.009322,0.0097458,0.010169,0.010593,0.011017,0.011441,0.011864,0.012288,0.012712,0.013136,0.013559,0.013983,0.014407,0.014831,0.015254,0.015678,0.016102,0.016525,0.016949,0.017373,0.017797,0.01822,0.018644,0.019068,0.019492,0.019915,0.020339,0.020763,0.021186,0.02161,0.022034,0.022458,0.022881,0.023305,0.023729,0.024153,0.024576,0.025
247.38,246.57,245.75,244.92,244.1,243.28,242.47,241.67,240.88,240.08,239.27,238.44,224.19,223.56,222.93,222.3,221.68,221.06,220.45,219.84,219.24,218.64,218.06,217.48,216.91,216.34,215.79,215.24,214.7,214.18,213.66,213.16,212.67,212.2,211.74,211.3,210.87,210.46,210.07,209.7,209.35,209.02,208.72,208.45,208.2,207.99,207.81,207.67,207.58,207.53,207.53,207.6,207.74,207.97,208.31,208.79,209.48,210.51,212.3,280.91
257.87,257.14,256.41,255.68,254.94,254.21,253.48,252.74,252.01,251.28,250.54,249.79,249.05,248.29,247.51,246.73,245.94,245.14,244.35,243.56,242.78,242,241.22,240.44,239.66,238.86,238.06,237.22,236.37,235.51,234.66,233.81,232.96,232.13,231.3,230.48,229.64,228.79,215.02,214.37,213.73,213.1,212.47,211.84,211.22,210.61,210,209.41,208.82,208.24,207.67,207.11,206.56,206.02,205.49,204.98,204.48,204,203.54,203.09
265.96,265.29,264.61,263.94,263.26,262.58,261.9,261.22,260.53,259.83,259.13,258.43,257.72,257.01,256.29,255.58,254.87,254.15,253.44,252.72,252,251.28,250.55,249.82,249.07,248.32,247.57,246.81,246.05,245.29,244.53,243.77,243.01,242.25,241.48,240.72,239.94,239.16,238.36,237.55,236.73,235.91,235.09,234.27,233.45,232.64,231.83,231.02,230.21,229.39,228.55,213.36,212.67,211.99,211.31,210.63,209.95,209.28,208.6,207.94
272.59,271.93,271.27,270.6,269.94,269.27,268.61,267.95,267.29,266.63,265.97,265.31,264.65,263.99,263.33,262.66,261.99,261.31,260.62,259.93,259.23,258.53,257.83,257.13,256.43,255.73,255.03,254.33,253.63,252.93,252.23,251.52,250.8,250.08,249.35,248.61,247.88,247.14,246.4,245.66,244.92,244.17,243.43,242.68,241.94,241.18,240.42,239.65,238.87,238.09,237.3,236.51,235.72,234.93,234.14,233.35,232.56,231.76,230.96,230.15
278.13,277.49,276.85,276.21,275.56,274.92,274.27,273.62,272.98,272.33,271.68,271.04,270.39,269.75,269.11,268.46,267.82,267.17,266.53,265.88,265.22,264.57,263.9,263.23,262.55,261.87,261.18,260.49,259.8,259.11,258.43,257.74,257.05,256.37,255.68,255,254.32,253.63,252.94,252.25,251.55,250.84,250.12,249.39,248.67,247.94,247.21,246.49,245.76,245.03,244.3,243.57,242.84,242.11,241.37,240.62,239.87,239.11,238.34,237.57
282.96,282.34,281.72,281.09,280.46,279.84,279.21,278.58,277.95,277.32,276.69,276.05,275.42,274.79,274.16,273.53,272.89,272.26,271.62,270.99,270.35,269.71,269.06,268.42,267.76,267.11,266.45,265.79,265.12,264.45,263.78,263.1,262.43,261.76,261.08,260.41,259.74,259.07,258.4,257.73,257.06,256.39,255.72,255.05,254.37,253.69,253,252.31,251.6,250.89,250.17,249.46,248.74,248.02,247.3,246.59,245.87,245.16,244.44,243.73
287.42,286.81,286.2,285.59,284.98,284.36,283.74,283.13,282.51,281.89,281.27,280.65,280.03,279.4,278.78,278.16,277.53,276.91,276.28,275.65,275.02,274.39,273.76,273.13,272.5,271.86,271.22,270.58,269.94,269.29,268.64,267.99,267.34,266.68,266.03,265.37,264.71,264.05,263.39,262.73,262.07,261.41,260.75,260.08,259.42,258.76,258.09,257.43,256.76,256.09,255.42,254.74,254.06,253.37,252.68,251.98,251.28,250.58,249.87,249.17
256.89,256.09,255.28,254.48,253.66,252.83,251.98,251.13,250.27,249.42,248.57,247.71,246.86,246,245.14,244.27,243.38,242.48,241.55,240.61,239.67,238.73,237.8,236.87,235.95,235.03,234.09,219.16,218.41,217.67,216.94,216.21,215.48,214.77,214.06,213.36,212.67,211.99,211.32,210.66,210.02,209.38,208.77,208.17,207.59,207.02,206.48,205.96,205.46,204.99,204.55,204.15,203.77,203.44,203.15,202.91,202.72,202.59,202.53,202.55
250.66,249.89,248.87,248.08,247.29,246.41,245.48,244.5,243.51,242.53,241.59,240.69,239.79,238.91,238.01,237.12,236.18,221.47,220.74,220.01,219.28,218.55,217.83,217.11,216.41,215.72,215,214.32,213.66,213.02,212.39,211.78,211.19,210.63,210.08,209.55,209.05,208.58,208.13,207.72,207.33,206.99,206.68,206.41,206.18,206.01,205.89,205.84,205.87,205.98,206.2,206.56,207.09,207.9,209.15,211.64,280,279.4,278.79,278.19
245.8,244.89,244.06,242.98,242.06,241.17,240.25,239.4,238.47,223.68,222.91,222.14,221.4,220.67,219.95,219.25,218.56,217.88,217.22,216.56,215.91,215.27,214.65,214.04,213.44,212.87,212.32,211.79,211.29,210.81,210.36,209.94,209.58,209.23,208.92,208.65,208.44,208.28,208.19,208.17,208.24,208.4,208.69,209.13,209.78,210.77,212.37,282.67,282.07,281.47,280.87,280.27,279.66,279.06,278.45,277.84,277.23,276.61,276,275.38
241.73,240.79,239.87,225.09,224.35,223.63,222.92,222.22,221.5,220.79,220.09,219.4,218.72,218.06,217.41,216.77,216.16,215.55,214.97,214.41,213.87,213.35,212.85,212.38,211.94,211.53,211.16,210.82,210.53,210.28,210.09,209.95,209.89,209.9,210,210.21,210.55,211.08,211.84,213.04,214.81,284.17,283.56,282.96,282.36,281.75,281.14,280.54,279.93,279.32,278.71,278.09,277.48,276.87,276.25,275.63,275.01,274.39,273.77,273.15
224.99,224.23,223.55,222.81,222.09,221.4,220.72,220.06,219.41,218.77,218.14,217.48,216.87,216.28,215.71,215.17,214.65,214.15,213.68,213.24,212.83,212.45,212.11,211.81,211.56,211.36,211.21,211.12,211.11,211.2,211.38,211.69,212.18,212.9,214.01,215.9,285.48,284.87,284.26,283.65,283.04,282.43,281.82,281.21,280.6,279.99,279.38,278.77,278.16,277.54,276.93,276.32,275.7,275.08,274.46,273.84,273.22,272.59,271.96,271.33
223.1,222.43,221.76,221.11,220.41,219.74,219.1,218.49,217.89,217.31,216.75,216.2,215.68,215.18,214.69,214.24,213.82,213.44,213.1,212.81,212.56,212.36,212.22,212.14,212.12,212.2,212.37,212.65,213.11,213.77,214.78,216.45,286.54,285.93,285.32,284.7,284.09,283.48,282.86,282.25,281.63,281.02,280.4,279.79,279.17,278.55,277.94,277.32,276.7,276.08,275.46,274.84,274.22,273.59,272.97,272.34,271.71,271.08,270.45,269.82
221.76,221.12,220.41,219.79,219.19,218.59,217.97,217.39,216.84,216.32,215.83,215.36,214.92,214.51,214.13,213.8,213.5,213.26,213.06,212.9,212.84,212.86,212.98,213.21,213.57,214.11,214.87,216.05,218.11,287.17,286.57,285.97,285.37,284.77,284.16,283.55,282.93,282.31,281.69,281.07,280.45,279.83,279.21,278.59,277.96,277.34,276.72,276.09,275.47,274.84,274.22,273.59,272.97,272.34,271.71,271.08,270.45,269.82,269.18,268.55
220.68,219.97,219.39,218.78,218.21,217.65,217.15,216.63,216.13,215.67,215.25,214.86,214.51,214.2,213.93,213.72,213.55,213.45,213.42,213.47,213.63,213.91,214.21,214.81,215.75,217.31,221.71,287.44,286.82,286.21,285.6,284.99,284.38,283.78,283.17,282.56,281.95,281.33,280.72,280.1,279.47,278.85,278.22,277.59,276.96,276.33,275.69,275.06,274.43,273.8,273.16,272.53,271.9,271.26,270.63,270,269.36,268.73,268.09,267.46
219.79,219.16,218.62,218.04,217.49,217,216.52,216.08,215.66,215.27,214.92,214.62,214.36,214.16,214.02,213.93,213.92,213.99,214.16,214.44,214.88,215.52,216.48,218.11,288.49,287.89,287.28,286.66,286.05,285.43,284.81,284.19,283.57,282.95,282.33,281.72,281.1,280.48,279.87,279.25,278.63,278.01,277.39,276.76,276.14,275.5,274.87,274.23,273.59,272.95,272.31,271.66,271.02,270.37,269.73,269.08,268.44,267.8,267.15,266.51
219.09,218.54,217.99,217.5,217.01,216.53,216.11,215.71,215.36,215.04,214.77,214.54,214.37,214.26,214.24,214.3,214.47,214.76,215.21,215.87,216.84,218.21,221.62,288.41,287.81,287.2,286.6,285.98,285.37,284.75,284.13,283.51,282.89,282.27,281.64,281.02,280.39,279.77,279.14,278.52,277.89,277.27,276.64,276.02,275.39,274.77,274.14,273.51,272.88,272.25,271.61,270.96,270.32,269.67,269.02,268.36,267.71,267.06,266.4,265.75
218.54,218.04,217.52,217.04,216.61,216.2,215.82,215.48,215.19,214.94,214.75,214.61,214.53,214.52,214.59,214.76,215.06,215.53,216.25,217.36,219.36,289.06,288.44,287.83,287.22,286.61,286,285.38,284.79,284.17,283.56,282.94,282.32,281.7,281.08,280.45,279.82,279.18,278.55,277.92,277.28,276.65,276.01,275.38,274.75,274.12,273.49,272.86,272.22,271.59,270.96,270.32,269.68,269.04,268.39,267.74,267.08,266.43,265.77,265.11
218.13,217.62,217.17,216.72,216.32,215.95,215.63,215.34,215.1,214.93,214.81,214.76,214.8,214.92,215.14,215.49,216.02,216.77,217.93,220.16,289.22,288.61,287.99,287.37,286.75,286.13,285.51,284.88,284.26,283.64,283.02,282.42,281.8,281.18,280.56,279.94,279.32,278.7,278.08,277.45,276.82,276.18,275.53,274.89,274.24,273.6,272.95,272.31,271.67,271.03,270.39,269.75,269.11,268.47,267.83,267.18,266.53,265.88,265.22,264.56
217.79,217.31,216.87,216.48,216.11,215.78,215.5,215.28,215.09,214.96,214.89,214.91,215.05,215.29,215.68,216.25,217.06,218.3,220.53,289.43,288.82,288.22,287.61,287,286.38,285.76,285.14,284.51,283.92,283.28,282.65,282.02,281.39,280.75,280.1,279.47,278.84,278.22,277.6,276.97,276.35,275.73,275.1,274.47,273.84,273.2,272.55,271.9,271.24,270.59,269.93,269.28,268.63,267.99,267.34,266.69,266.04,265.39,264.74,264.09
217.5,217.06,216.64,216.28,215.95,215.66,215.42,215.23,215.14,215.09,215.11,215.19,215.37,215.69,216.22,217.01,218.21,220.29,289.68,289.07,288.45,287.84,287.23,286.62,286.01,285.4,284.79,284.18,283.56,282.93,282.31,281.68,281.05,280.42,279.78,279.15,278.51,277.87,277.23,276.59,275.96,275.32,274.69,274.06,273.43,272.79,272.16,271.52,270.88,270.23,269.58,268.92,268.26,267.6,266.94,266.28,265.62,264.97,264.31,263.66
217.25,216.84,216.47,216.12,215.83,215.57,215.37,215.22,215.14,215.13,215.23,215.45,215.77,216.24,216.9,217.87,219.48,290.03,289.41,288.79,288.17,287.54,286.94,286.32,285.7,285.08,284.46,283.84,283.23,282.61,281.99,281.37,280.74,280.11,279.48,278.84,278.21,277.57,276.95,276.31,275.66,275.02,274.38,273.74,273.09,272.45,271.81,271.17,270.53,269.88,269.24,268.59,267.94,267.28,266.62,265.95,265.29,264.62,263.96,263.29
217.06,216.66,216.31,216,215.74,215.52,215.36,215.25,215.21,215.25,215.38,215.64,216.06,216.69,217.6,219.03,221.84,289.77,289.17,288.56,287.96,287.35,286.72,286.09,285.46,284.84,284.21,283.58,282.96,282.33,281.71,281.09,280.46,279.84,279.21,278.58,277.95,277.32,276.68,276.04,275.4,274.76,274.11,273.46,272.82,272.17,271.52,270.88,270.23,269.58,268.94,268.29,267.64,266.99,266.34,265.68,265.02,264.35,263.68,263.01
216.88,216.52,216.18,215.9,215.65,215.47,215.35,215.29,215.3,215.39,215.6,215.91,216.39,217.1,218.18,220,290.18,289.55,288.93,288.31,287.69,287.08,286.49,285.88,285.26,284.65,284.02,283.39,282.76,282.12,281.49,280.86,280.22,279.59,278.95,278.32,277.69,277.07,276.44,275.81,275.18,274.54,273.9,273.24,272.59,271.94,271.29,270.63,269.98,269.32,268.67,268.02,267.36,266.71,266.06,265.41,264.76,264.1,263.45,262.78
216.73,216.38,216.07,215.81,215.6,215.43,215.32,215.3,215.37,215.54,215.79,216.2,216.79,217.64,218.93,221.31,290.02,289.41,288.8,288.18,287.56,286.93,286.29,285.67,285.05,284.43,283.82,283.2,282.58,281.96,281.33,280.7,280.06,279.44,278.8,278.15,277.5,276.85,276.21,275.56,274.92,274.29,273.65,273.02,272.4,271.76,271.11,270.47,269.81,269.15,268.49,267.82,267.16,266.49,265.83,265.16,264.5,263.84,263.19,262.53
216.6,216.27,215.98,215.73,215.53,215.41,215.34,215.33,215.41,215.58,215.88,216.41,217.13,218.19,219.9,290.44,289.83,289.22,288.61,288.01,287.4,286.79,286.18,285.57,284.9,284.27,283.64,283.01,282.39,281.76,281.14,280.52,279.89,279.27,278.62,278,277.38,276.75,276.12,275.48,274.82,274.16,273.5,272.84,272.19,271.54,270.89,270.25,269.61,268.97,268.33,267.68,267.03,266.37,265.7,265.02,264.35,263.67,263,262.33
216.48,216.16,215.89,215.67,215.49,215.36,215.33,215.39,215.54,215.79,216.14,216.58,217.3,218.39,220.25,290.35,289.73,289.1,288.48,287.86,287.24,286.63,286.01,285.4,284.78,284.17,283.55,282.92,282.29,281.65,281.01,280.37,279.72,279.09,278.47,277.84,277.2,276.57,275.93,275.3,274.66,274.02,273.39,272.75,272.1,271.44,270.77,270.11,269.44,268.78,268.13,267.48,266.83,266.18,265.53,264.87,264.21,263.55,262.87,262.19
216.37,216.07,215.8,215.59,215.45,215.36,215.33,215.36,215.51,215.72,216.15,216.89,217.79,219.12,221.54,290.23,289.63,289.02,288.4,287.78,287.15,286.52,285.9,285.27,284.64,284.01,283.39,282.76,282.14,281.52,280.9,280.28,279.66,279.01,278.38,277.73,277.09,276.44,275.8,275.15,274.51,273.87,273.22,272.56,271.93,271.29,270.65,270.01,269.36,268.7,268.03,267.37,266.7,266.03,265.37,264.71,264.04,263.38,262.72,262.06
216.26,215.97,215.73,215.54,215.38,215.31,215.32,215.38,215.59,215.96,216.38,216.97,217.82,219.22,222.5,290.13,289.51,288.89,288.26,287.64,287.02,286.41,285.79,285.18,284.56,283.94,283.32,282.69,282.07,281.44,280.81,280.17,279.54,278.93,278.29,277.65,277.01,276.34,275.7,275.08,274.42,273.79,273.13,272.48,271.83,271.19,270.54,269.88,269.22,268.55,267.87,267.19,266.55,265.91,265.27,264.61,263.94,263.27,262.6,261.93
216.16,215.89,215.67,215.47,215.35,215.28,215.3,215.42,215.63,215.92,216.41,217.17,217.98,219.82,290.64,290.05,289.44,288.82,288.23,287.61,286.95,286.35,285.72,285.08,284.48,283.87,283.26,282.64,282.02,281.39,280.75,280.11,279.46,278.81,278.15,277.49,276.84,276.25,275.61,274.97,274.33,273.69,273.01,272.37,271.74,271.11,270.48,269.84,269.2,268.53,267.85,267.16,266.46,265.77,265.1,264.46,263.83,263.19,262.47,261.81
216.07,215.8,215.57,215.41,215.31,215.27,215.28,215.37,215.57,215.89,216.36,217.2,218.29,220.14,290.58,289.98,289.38,288.75,288.14,287.52,286.89,286.26,285.65,285.03,284.41,283.78,283.15,282.53,281.91,281.29,280.69,280.07,279.37,278.73,278.09,277.45,276.81,276.18,275.54,274.9,274.26,273.61,272.96,272.31,271.66,271,270.34,269.69,269.03,268.38,267.72,267.07,266.41,265.75,265.07,264.41,263.74,263.08,262.42,261.75
215.98,215.72,215.51,215.36,215.26,215.23,215.27,215.43,215.68,216.07,216.56,217.35,218.51,220.38,290.6,289.98,289.33,288.67,288.02,287.44,286.85,286.23,285.6,284.97,284.34,283.72,283.09,282.47,281.84,281.2,280.57,279.93,279.29,278.65,278.01,277.42,276.79,276.15,275.46,274.81,274.17,273.52,272.88,272.23,271.55,270.89,270.26,269.61,268.95,268.3,267.64,266.99,266.33,265.68,265.02,264.36,263.69,263.02,262.34,261.66
215.89,215.63,215.42,215.3,215.26,215.19,215.26,215.41,215.7,216.18,216.84,217.54,218.71,220.83,290.48,289.86,289.25,288.7,288.07,287.41,286.74,286.11,285.52,284.92,284.26,283.68,283.05,282.41,281.78,281.15,280.51,279.87,279.24,278.61,277.98,277.35,276.71,276.08,275.44,274.79,274.14,273.49,272.81,272.17,271.52,270.88,270.22,269.59,268.93,268.28,267.62,266.95,266.28,265.6,264.94,264.27,263.6,262.95,262.28,261.61
215.79,215.56,215.37,215.24,215.16,215.21,215.23,215.41,215.69,216.11,216.71,217.49,219.19,221.11,290.45,289.83,289.21,288.59,287.98,287.36,286.74,286.11,285.48,284.86,284.24,283.62,282.99,282.36,281.74,281.1,280.46,279.84,279.22,278.56,277.91,277.25,276.63,275.97,275.37,274.76,274.13,273.42,272.76,272.11,271.46,270.81,270.16,269.47,268.83,268.21,267.55,266.88,266.22,265.55,264.88,264.21,263.55,262.87,262.15,261.47
215.71,215.48,215.3,215.17,215.11,215.12,215.21,215.4,215.65,216.11,216.75,217.69,219.14,221.72,290.41,289.8,289.19,288.58,287.94,287.28,286.69,286.07,285.45,284.83,284.2,283.58,282.95,282.32,281.69,281.06,280.43,279.79,279.16,278.52,277.88,277.24,276.59,275.95,275.32,274.68,274.04,273.4,272.75,272.09,271.44,270.77,270.11,269.45,268.75,268.12,267.48,266.83,266.17,265.5,264.83,264.16,263.49,262.82,262.15,261.48
215.62,215.4,215.22,215.13,215.03,215.08,215.17,215.37,215.68,216.1,216.92,217.74,218.87,221.92,290.36,289.72,289.15,288.53,287.91,287.31,286.69,286.05,285.4,284.79,284.15,283.51,282.88,282.25,281.63,281.02,280.38,279.74,279.07,278.44,277.81,277.19,276.56,275.92,275.28,274.65,274.01,273.36,272.7,272.04,271.41,270.76,270.1,269.44,268.77,268.09,267.45,266.78,266.12,265.46,264.79,264.12,263.45,262.78,262.1,261.43
215.53,215.32,215.15,215.08,214.99,215,215.1,215.34,215.65,216.13,216.85,217.74,219.12,222.03,290.36,289.76,289.1,288.48,287.88,287.26,286.63,285.98,285.38,284.77,284.16,283.53,282.88,282.26,281.59,280.96,280.33,279.7,279.07,278.46,277.84,277.19,276.53,275.88,275.2,274.57,273.96,273.34,272.65,271.99,271.34,270.71,270.05,269.38,268.71,268.1,267.42,266.74,266.1,265.4,264.7,264.02,263.37,262.73,262.06,261.39
215.45,215.24,215.08,214.97,214.96,214.98,215.11,215.23,215.62,216.26,216.85,217.75,219.1,222.35,290.34,289.71,289.09,288.47,287.85,287.23,286.61,285.99,285.37,284.74,284.12,283.49,282.87,282.24,281.61,280.97,280.34,279.72,279.07,278.43,277.79,277.15,276.51,275.86,275.21,274.57,273.93,273.29,272.63,271.98,271.32,270.66,270.01,269.36,268.7,268.04,267.38,266.72,266.05,265.39,264.75,264.06,263.37,262.69,262.02,261.38
215.36,215.16,215,214.91,214.88,214.92,215.02,215.36,215.58,216.06,216.8,217.87,219.59,222.67,290.32,289.67,289.07,288.48,287.84,287.22,286.59,285.97,285.34,284.72,284.09,283.46,282.81,282.2,281.53,280.95,280.28,279.65,279.03,278.4,277.76,277.12,276.46,275.8,275.21,274.55,273.9,273.25,272.6,271.94,271.29,270.64,269.99,269.33,268.67,268.01,267.34,266.67,266,265.33,264.67,264,263.34,262.68,262.01,261.33
215.27,215.07,214.94,214.82,214.8,214.87,215,215.29,215.62,216.15,216.79,217.82,219.44,222.75,290.3,289.65,289.03,288.44,287.77,287.14,286.56,285.94,285.33,284.7,284.07,283.44,282.81,282.18,281.55,280.93,280.29,279.65,279.02,278.38,277.76,277.12,276.49,275.81,275.17,274.52,273.86,273.23,272.6,271.92,271.28,270.61,269.94,269.28,268.62,267.97,267.33,266.68,266.03,265.37,264.68,264,263.31,262.63,261.95,261.28
215.18,214.99,214.85,214.76,214.77,214.83,214.95,215.2,215.56,216.16,216.82,217.79,219.41,223.17,290.27,289.66,289.04,288.42,287.8,287.19,286.54,285.88,285.28,284.68,284,283.42,282.79,282.17,281.54,280.89,280.24,279.59,278.95,278.37,277.73,277.08,276.44,275.79,275.15,274.5,273.85,273.2,272.53,271.88,271.23,270.59,269.96,269.28,268.61,267.97,267.29,266.63,265.96,265.3,264.65,263.99,263.33,262.66,261.97,261.28
215.09,214.88,214.77,214.7,214.69,214.72,214.93,215.19,215.43,216.02,216.91,218.08,219.63,223.04,290.27,289.64,289,288.37,287.75,287.14,286.53,285.94,285.29,284.65,284.03,283.42,282.79,282.16,281.52,280.88,280.25,279.62,278.97,278.33,277.7,277.06,276.41,275.78,275.13,274.48,273.83,273.19,272.53,271.87,271.22,270.56,269.93,269.28,268.63,267.98,267.32,266.65,265.98,265.3,264.61,263.94,263.26,262.58,261.93,261.21
214.99,214.83,214.7,214.66,214.66,214.66,214.86,215.07,215.48,216.1,216.76,217.83,219.5,223.08,290.24,289.63,289.02,288.42,287.79,287.18,286.54,285.9,285.27,284.64,284.07,283.41,282.74,282.09,281.51,280.88,280.24,279.6,278.96,278.29,277.7,277.04,276.4,275.76,275.12,274.47,273.82,273.17,272.51,271.86,271.21,270.56,269.9,269.24,268.58,267.91,267.24,266.58,265.92,265.25,264.58,263.9,263.21,262.53,261.86,261.2
214.9,214.73,214.6,214.54,214.54,214.59,214.76,215.07,215.43,215.97,216.78,217.94,219.51,224.12,290.26,289.67,288.99,288.38,287.74,287.12,286.5,285.87,285.28,284.64,284,283.36,282.77,282.13,281.5,280.83,280.18,279.57,278.97,278.31,277.65,277.02,276.39,275.73,275.09,274.44,273.81,273.16,272.5,271.84,271.19,270.54,269.88,269.22,268.56,267.9,267.23,266.57,265.91,265.25,264.58,263.91,263.23,262.55,261.87,261.19
214.82,214.64,214.53,214.48,214.48,214.62,214.71,215.12,215.41,215.96,216.72,217.84,219.6,224.27,290.21,289.6,288.99,288.41,287.75,287.12,286.51,285.88,285.26,284.64,284.01,283.37,282.74,282.11,281.5,280.88,280.23,279.57,278.92,278.3,277.66,277.02,276.39,275.73,275.08,274.47,273.79,273.13,272.47,271.86,271.19,270.53,269.92,269.25,268.56,267.88,267.21,266.55,265.88,265.2,264.56,263.92,263.22,262.54,261.85,261.16
214.73,214.55,214.45,214.4,214.38,214.53,214.74,214.98,215.47,215.9,216.87,217.69,219.57,290.83,290.22,289.6,288.98,288.35,287.71,287.15,286.53,285.92,285.24,284.62,283.97,283.37,282.74,282.1,281.47,280.85,280.23,279.6,278.95,278.29,277.64,276.98,276.34,275.72,275.07,274.43,273.78,273.12,272.47,271.82,271.17,270.51,269.85,269.2,268.53,267.87,267.19,266.54,265.86,265.19,264.52,263.86,263.19,262.53,261.85,261.16
214.61,214.49,214.36,214.33,214.36,214.5,214.63,214.91,215.25,215.93,216.74,217.73,219.7,223.64,290.21,289.6,288.96,288.34,287.72,287.08,286.48,285.85,285.24,284.61,283.98,283.36,282.72,282.09,281.45,280.84,280.19,279.55,278.92,278.28,277.69,277.04,276.38,275.7,275.02,274.35,273.72,273.11,272.49,271.82,271.14,270.49,269.83,269.18,268.52,267.87,267.2,266.54,265.84,265.18,264.51,263.85,263.18,262.5,261.82,261.15
214.53,214.37,214.29,214.22,214.27,214.34,214.61,214.86,215.27,215.76,216.6,217.79,219.54,290.81,290.2,289.63,288.98,288.29,287.73,287.11,286.47,285.84,285.21,284.59,283.96,283.34,282.71,282.08,281.45,280.83,280.19,279.56,278.91,278.3,277.64,276.98,276.32,275.67,275.03,274.39,273.72,273.05,272.41,271.78,271.14,270.48,269.82,269.15,268.47,267.81,267.16,266.49,265.83,265.18,264.51,263.83,263.14,262.45,261.77,261.1
214.44,214.3,214.19,214.16,214.21,214.3,214.48,214.74,215.19,215.8,216.52,217.48,219.48,290.81,290.2,289.58,288.96,288.35,287.73,287.1,286.48,285.85,285.19,284.59,283.97,283.34,282.71,282.09,281.45,280.81,280.17,279.53,278.89,278.2,277.6,276.97,276.37,275.68,275.03,274.34,273.69,273.04,272.43,271.78,271.13,270.47,269.81,269.15,268.48,267.81,267.14,266.48,265.82,265.15,264.48,263.81,263.13,262.44,261.76,261.09
214.35,214.2,214.11,214.08,214.12,214.25,214.41,214.73,215.19,215.8,216.48,217.88,219.65,223.65,290.2,289.57,288.95,288.33,287.68,287.06,286.48,285.85,285.22,284.58,283.95,283.33,282.71,282.07,281.43,280.8,280.16,279.52,278.88,278.24,277.6,276.97,276.31,275.67,275.02,274.38,273.75,273.09,272.43,271.78,271.12,270.46,269.79,269.13,268.46,267.8,267.13,266.46,265.78,265.13,264.46,263.79,263.11,262.43,261.75,261.06
214.24,214.1,214.02,213.97,214.04,214.16,214.41,214.68,215.1,215.71,216.52,217.67,219.51,290.76,290.17,289.59,288.96,288.31,287.7,287.07,286.45,285.84,285.2,284.6,283.97,283.32,282.68,282.06,281.43,280.81,280.17,279.51,278.87,278.23,277.59,276.94,276.26,275.6,274.95,274.3,273.67,273.07,272.41,271.75,271.09,270.43,269.75,269.07,268.44,267.8,267.13,266.46,265.77,265.11,264.45,263.77,263.09,262.41,261.73,261.04
214.14,214.03,213.93,213.91,213.97,214.08,214.31,214.6,215.05,215.6,216.51,217.4,219.56,290.78,290.18,289.56,288.95,288.33,287.7,287.07,286.45,285.81,285.19,284.57,283.94,283.37,282.7,282.11,281.45,280.77,280.09,279.51,278.89,278.28,277.65,276.99,276.3,275.65,275,274.36,273.7,273.05,272.4,271.74,271.09,270.43,269.76,269.09,268.42,267.76,267.09,266.41,265.75,265.08,264.43,263.74,263.06,262.35,261.68,261.01
214.04,213.92,213.84,213.83,213.89,213.99,214.25,214.58,215.01,215.66,216.45,217.4,219.35,290.8,290.18,289.56,288.94,288.31,287.7,287.07,286.44,285.81,285.19,284.56,283.93,283.31,282.68,282.04,281.42,280.8,280.15,279.51,278.82,278.16,277.55,276.95,276.31,275.66,275.01,274.34,273.7,273.04,272.36,271.69,271.03,270.42,269.75,269.08,268.41,267.75,267.06,266.4,265.75,265.09,264.44,263.78,263.01,262.31,261.68,261
213.93,213.82,213.74,213.74,213.8,213.93,214.15,214.56,214.82,215.64,216.43,217.7,219.53,290.75,290.21,289.54,288.93,288.31,287.69,287.06,286.44,285.82,285.19,284.56,283.92,283.29,282.66,282.02,281.38,280.74,280.11,279.48,278.84,278.21,277.55,276.89,276.27,275.63,274.98,274.32,273.67,273,272.36,271.71,271.05,270.39,269.73,269.07,268.4,267.73,267.05,266.39,265.73,265.05,264.37,263.68,262.98,262.3,261.66,260.97
213.83,213.71,213.7,213.67,213.74,213.86,214.08,214.42,214.89,215.36,216.41,217.73,219.45,290.77,290.16,289.55,288.94,288.3,287.68,287.07,286.43,285.82,285.18,284.54,283.92,283.3,282.66,282.02,281.38,280.73,280.1,279.48,278.83,278.18,277.54,276.85,276.23,275.61,274.91,274.32,273.68,273.01,272.35,271.69,271.03,270.37,269.72,269.06,268.39,267.72,267.04,266.38,265.7,265.03,264.34,263.66,262.98,262.36,261.69,261.01
213.73,213.61,213.54,213.57,213.63,213.78,214.02,214.37,214.86,215.53,216.22,217.49,219.5,290.74,290.16,289.5,288.91,288.29,287.69,287.07,286.42,285.78,285.14,284.52,283.97,283.35,282.69,282.01,281.39,280.75,280.1,279.45,278.81,278.18,277.54,276.9,276.25,275.6,274.95,274.3,273.63,273.01,272.34,271.68,271.04,270.36,269.68,269,268.37,267.7,267.02,266.36,265.72,265,264.31,263.62,262.94,262.28,261.61,260.91
213.64,213.53,213.49,213.49,213.56,213.71,213.94,214.28,214.75,215.35,216.22,217.5,219.33,290.76,290.13,289.52,288.89,288.28,287.67,287.04,286.41,285.85,285.22,284.53,283.93,283.26,282.64,282,281.39,280.76,280.08,279.44,278.8,278.17,277.52,276.88,276.24,275.59,274.94,274.28,273.63,272.97,272.31,271.65,270.99,270.34,269.68,269.01,268.34,267.67,267.01,266.34,265.67,264.99,264.3,263.63,262.94,262.25,261.57,260.89
213.5,213.4,213.38,213.38,213.46,213.64,213.87,214.1,214.68,215.29,216.25,217.4,219.33,290.76,290.14,289.52,288.89,288.28,287.65,287.03,286.42,285.78,285.12,284.52,283.93,283.29,282.64,281.98,281.36,280.73,280.08,279.47,278.79,278.15,277.51,276.88,276.23,275.59,274.9,274.25,273.6,272.95,272.3,271.65,270.99,270.32,269.65,268.96,268.29,267.67,266.98,266.29,265.61,264.95,264.3,263.63,262.95,262.24,261.54,260.85
213.39,213.3,213.26,213.31,213.37,213.54,213.74,214.19,214.61,215.34,216.14,217.38,219.24,290.76,290.16,289.51,288.85,288.24,287.64,287.02,286.4,285.76,285.13,284.55,283.93,283.2,282.61,281.99,281.36,280.7,280.07,279.42,278.76,278.15,277.5,276.84,276.19,275.55,274.91,274.25,273.6,272.94,272.34,271.65,270.91,270.27,269.62,268.97,268.29,267.61,266.93,266.27,265.57,264.92,264.26,263.57,262.88,262.22,261.54,260.83
213.31,213.2,213.16,213.19,213.3,213.45,213.72,213.98,214.58,215.21,216.07,217.33,219.23,290.74,290.13,289.51,288.87,288.26,287.65,286.98,286.37,285.75,285.11,284.53,283.91,283.25,282.57,282.02,281.34,280.7,280.05,279.43,278.79,278.14,277.49,276.84,276.24,275.52,274.88,274.22,273.55,272.91,272.27,271.63,270.95,270.26,269.59,268.93,268.27,267.62,266.95,266.26,265.58,264.91,264.23,263.54,262.84,262.15,261.47,260.79
310.59,310.47,310.34,310.22,310.08,309.95,309.8,309.65,309.49,309.33,309.18,309.03,314.22,313.96,313.7,313.44,313.18,312.92,312.65,312.39,312.12,311.85,311.58,311.3,311.03,310.75,310.47,310.19,309.9,309.62,309.33,309.03,308.74,308.44,308.14,307.83,307.52,307.21,306.89,306.56,306.24,305.9,305.56,305.21,304.86,304.49,304.12,303.74,303.34,302.93,302.5,302.06,301.59,301.09,300.56,299.98,299.31,298.52,297.45,172.18
301.44,301.32,301.19,301.06,300.93,300.8,300.66,300.53,300.39,300.24,300.1,299.96,299.82,299.69,299.56,299.43,299.31,299.18,299.05,298.92,298.78,298.64,298.49,298.34,298.19,298.04,297.9,297.77,297.65,297.53,297.4,297.27,297.13,296.98,296.83,296.67,296.52,296.37,301.3,301.04,300.78,300.52,300.25,299.99,299.72,299.45,299.18,298.9,298.63,298.35,298.07,297.79,297.5,297.22,296.92,296.63,296.33,296.03,295.73,295.42
291.2,291.07,290.94,290.81,290.67,290.54,290.4,290.27,290.14,290.01,289.88,289.76,289.63,289.51,289.38,289.26,289.13,289,288.86,288.73,288.59,288.46,288.33,288.2,288.07,287.94,287.82,287.7,287.57,287.44,287.31,287.18,287.05,286.91,286.77,286.63,286.5,286.36,286.23,286.11,285.99,285.87,285.75,285.62,285.49,285.35,285.2,285.06,284.91,284.76,284.62,290.43,290.18,289.94,289.69,289.43,289.18,288.93,288.67,288.42
279.82,279.71,279.59,279.48,279.36,279.25,279.12,279,278.88,278.75,278.62,278.48,278.35,278.21,278.08,277.94,277.81,277.69,277.57,277.45,277.33,277.22,277.1,276.98,276.86,276.73,276.61,276.48,276.35,276.22,276.09,275.96,275.83,275.71,275.59,275.47,275.35,275.23,275.11,274.98,274.86,274.73,274.6,274.47,274.34,274.21,274.08,273.96,273.84,273.72,273.6,273.48,273.35,273.23,273.1,272.97,272.83,272.7,272.56,272.43
267.29,267.19,267.08,266.97,266.85,266.74,266.63,266.52,266.4,266.28,266.16,266.04,265.91,265.79,265.66,265.53,265.4,265.27,265.13,265,264.87,264.75,264.62,264.51,264.4,264.29,264.18,264.07,263.96,263.85,263.74,263.62,263.5,263.37,263.25,263.12,262.99,262.86,262.73,262.6,262.48,262.36,262.25,262.14,262.03,261.91,261.8,261.68,261.56,261.44,261.32,261.19,261.07,260.94,260.82,260.7,260.58,260.47,260.35,260.24
253.35,253.24,253.13,253.02,252.91,252.8,252.69,252.57,252.46,252.34,252.23,252.11,251.99,251.87,251.75,251.63,251.51,251.39,251.27,251.14,251.02,250.9,250.78,250.66,250.55,250.43,250.32,250.22,250.11,250.01,249.9,249.79,249.69,249.58,249.47,249.35,249.24,249.12,249,248.87,248.75,248.62,248.5,248.37,248.25,248.13,248.01,247.89,247.79,247.68,247.58,247.48,247.38,247.27,247.16,247.05,246.93,246.82,246.69,246.57
237.32,237.21,237.1,236.99,236.88,236.77,236.66,236.55,236.44,236.33,236.22,236.11,236,235.89,235.78,235.67,235.55,235.44,235.33,235.21,235.1,234.98,234.87,234.76,234.64,234.53,234.42,234.31,234.2,234.09,233.98,233.88,233.78,233.67,233.57,233.46,233.36,233.25,233.14,233.03,232.92,232.81,232.7,232.59,232.47,232.36,232.24,232.13,232.01,231.9,231.78,231.67,231.56,231.45,231.35,231.25,231.15,231.05,230.95,230.85
276.97,276.86,276.75,276.62,276.51,276.4,276.3,276.2,276.09,275.98,275.86,275.74,275.62,275.5,275.37,275.25,275.13,275.02,274.92,274.82,274.72,274.61,274.49,274.36,274.23,274.09,273.96,279.5,279.24,278.98,278.71,278.44,278.17,277.9,277.63,277.35,277.07,276.79,276.5,276.21,275.92,275.62,275.32,275.02,274.71,274.4,274.08,273.75,273.42,273.08,272.74,272.39,272.03,271.66,271.28,270.89,270.48,270.06,269.62,269.15
277.94,277.75,277.72,277.54,277.35,277.22,277.12,277.03,276.94,276.85,276.73,276.58,276.43,276.26,276.1,275.94,275.79,281.16,280.89,280.61,280.34,280.06,279.78,279.5,279.21,278.93,278.65,278.36,278.06,277.76,277.46,277.14,276.83,276.51,276.18,275.85,275.51,275.16,274.81,274.45,274.08,273.7,273.31,272.91,272.5,272.07,271.63,271.17,270.69,270.18,269.64,269.05,268.41,267.67,266.76,265.38,140.34,140.3,140.25,140.21
278.01,277.88,277.69,277.63,277.48,277.31,277.16,276.96,276.8,282.2,281.94,281.67,281.39,281.11,280.82,280.53,280.23,279.93,279.62,279.32,279.01,278.7,278.38,278.06,277.74,277.41,277.08,276.75,276.4,276.05,275.69,275.32,274.93,274.55,274.16,273.75,273.34,272.9,272.45,271.98,271.48,270.95,270.39,269.76,269.07,268.26,267.22,141.31,141.26,141.2,141.14,141.09,141.03,140.98,140.93,140.88,140.83,140.78,140.73,140.68
277.8,277.65,277.47,282.85,282.56,282.27,281.97,281.67,281.38,281.08,280.79,280.48,280.18,279.87,279.56,279.24,278.92,278.59,278.26,277.92,277.58,277.24,276.88,276.52,276.16,275.78,275.4,275.01,274.61,274.19,273.76,273.32,272.86,272.37,271.86,271.31,270.72,270.07,269.33,268.43,267.3,141.78,141.73,141.67,141.61,141.56,141.5,141.44,141.39,141.33,141.28,141.22,141.16,141.11,141.06,141,140.95,140.9,140.85,140.79
282.72,282.44,282.12,281.83,281.54,281.23,280.92,280.6,280.29,279.96,279.64,279.33,279,278.67,278.33,277.99,277.64,277.28,276.92,276.55,276.17,275.78,275.39,274.98,274.56,274.13,273.69,273.22,272.74,272.22,271.68,271.1,270.45,269.73,268.86,267.7,142.08,142.02,141.97,141.91,141.86,141.8,141.74,141.68,141.62,141.56,141.5,141.44,141.38,141.32,141.26,141.19,141.13,141.07,141.01,140.95,140.9,140.84,140.79,140.74
281.84,281.52,281.2,280.88,280.58,280.27,279.94,279.61,279.27,278.93,278.59,278.24,277.89,277.53,277.17,276.8,276.43,276.04,275.65,275.24,274.81,274.37,273.93,273.46,272.97,272.45,271.91,271.33,270.69,269.98,269.15,268.06,142.21,142.15,142.1,142.04,141.99,141.93,141.88,141.82,141.77,141.71,141.65,141.59,141.53,141.47,141.41,141.35,141.29,141.22,141.16,141.1,141.04,140.97,140.91,140.85,140.79,140.73,140.67,140.62
280.99,280.66,280.37,280.04,279.69,279.35,279.03,278.69,278.35,277.99,277.63,277.26,276.88,276.49,276.1,275.7,275.29,274.87,274.43,273.97,273.5,273.01,272.48,271.92,271.32,270.65,269.9,269.01,267.77,142.34,142.26,142.19,142.12,142.06,141.99,141.93,141.87,141.82,141.76,141.71,141.65,141.6,141.54,141.48,141.42,141.36,141.3,141.24,141.18,141.12,141.05,140.99,140.92,140.86,140.79,140.73,140.67,140.6,140.54,140.48
280.26,279.97,279.62,279.28,278.94,278.59,278.22,277.86,277.51,277.14,276.75,276.36,275.97,275.56,275.13,274.7,274.25,273.78,273.3,272.79,272.24,271.67,271.06,270.37,269.57,268.53,266.38,142.35,142.29,142.24,142.17,142.11,142.04,141.97,141.9,141.83,141.77,141.7,141.64,141.57,141.51,141.46,141.4,141.35,141.29,141.24,141.18,141.13,141.07,141.01,140.95,140.89,140.83,140.76,140.7,140.63,140.56,140.49,140.43,140.36
279.64,279.31,278.95,278.62,278.27,277.9,277.53,277.14,276.76,276.37,275.97,275.56,275.14,274.7,274.25,273.78,273.28,272.76,272.21,271.63,270.99,270.28,269.47,268.4,142.4,142.33,142.27,142.21,142.16,142.11,142.05,141.99,141.94,141.88,141.81,141.75,141.68,141.61,141.55,141.48,141.41,141.34,141.27,141.2,141.14,141.08,141.02,140.97,140.91,140.86,140.81,140.76,140.7,140.65,140.59,140.53,140.47,140.41,140.34,140.28
279.09,278.74,278.39,278.02,277.65,277.28,276.9,276.51,276.11,275.7,275.28,274.84,274.39,273.93,273.44,272.93,272.38,271.8,271.16,270.45,269.63,268.65,266.88,142.4,142.33,142.26,142.19,142.13,142.06,142,141.94,141.88,141.82,141.77,141.71,141.65,141.59,141.53,141.47,141.4,141.34,141.27,141.2,141.13,141.06,140.99,140.92,140.85,140.78,140.71,140.65,140.59,140.54,140.48,140.43,140.37,140.32,140.27,140.21,140.15
278.62,278.25,277.9,277.53,277.14,276.74,276.35,275.95,275.54,275.11,274.66,274.2,273.73,273.23,272.71,272.16,271.57,270.92,270.19,269.33,268.13,142.46,142.39,142.33,142.26,142.2,142.13,142.07,141.98,141.91,141.85,141.78,141.71,141.65,141.59,141.53,141.47,141.42,141.36,141.31,141.25,141.19,141.13,141.07,141,140.93,140.86,140.79,140.72,140.65,140.58,140.51,140.44,140.37,140.31,140.25,140.2,140.14,140.09,140.03
278.2,277.84,277.45,277.08,276.69,276.29,275.88,275.46,275.03,274.58,274.12,273.64,273.13,272.6,272.03,271.42,270.75,270.01,269.11,267.82,142.41,142.34,142.28,142.23,142.18,142.12,142.06,142.01,141.95,141.89,141.83,141.74,141.67,141.6,141.52,141.45,141.38,141.31,141.24,141.17,141.11,141.05,141,140.95,140.9,140.85,140.79,140.73,140.66,140.59,140.52,140.45,140.38,140.31,140.24,140.17,140.11,140.05,139.99,139.94
277.83,277.47,277.09,276.68,276.3,275.89,275.47,275.04,274.58,274.12,273.64,273.14,272.6,272.03,271.42,270.74,269.98,269.05,267.75,142.4,142.34,142.26,142.19,142.12,142.06,142,141.95,141.89,141.79,141.74,141.69,141.64,141.59,141.53,141.51,141.44,141.37,141.3,141.23,141.15,141.08,141,140.92,140.85,140.78,140.71,140.66,140.61,140.56,140.51,140.45,140.39,140.33,140.26,140.2,140.13,140.06,139.99,139.92,139.85
277.53,277.14,276.77,276.36,275.95,275.54,275.11,274.66,274.2,273.72,273.21,272.68,272.13,271.53,270.87,270.11,269.21,267.98,142.44,142.37,142.32,142.25,142.18,142.1,142.03,141.96,141.88,141.81,141.74,141.68,141.62,141.56,141.5,141.44,141.39,141.33,141.27,141.22,141.16,141.1,141.04,140.97,140.9,140.83,140.76,140.68,140.61,140.54,140.47,140.41,140.35,140.3,140.25,140.19,140.14,140.08,140.01,139.95,139.88,139.81
277.28,276.88,276.47,276.08,275.66,275.23,274.79,274.33,273.86,273.37,272.84,272.29,271.69,271.05,270.33,269.51,268.45,142.42,142.37,142.31,142.25,142.21,142.13,142.07,142.01,141.94,141.87,141.8,141.73,141.66,141.59,141.52,141.45,141.39,141.33,141.27,141.21,141.15,141.07,141.01,140.96,140.9,140.84,140.78,140.72,140.65,140.58,140.51,140.44,140.37,140.3,140.24,140.18,140.12,140.06,140,139.95,139.89,139.83,139.77
277.04,276.65,276.25,275.83,275.42,274.98,274.52,274.05,273.57,273.06,272.52,271.95,271.32,270.63,269.84,268.85,267.33,142.4,142.32,142.24,142.17,142.09,142.05,141.99,141.94,141.88,141.83,141.77,141.7,141.64,141.57,141.5,141.43,141.36,141.29,141.22,141.15,141.09,141.03,140.97,140.9,140.85,140.79,140.73,140.67,140.61,140.55,140.48,140.42,140.35,140.28,140.21,140.14,140.07,140,139.94,139.88,139.82,139.76,139.71
276.85,276.44,276.04,275.63,275.19,274.75,274.29,273.81,273.31,272.79,272.23,271.64,270.99,270.26,269.4,268.27,142.42,142.38,142.33,142.27,142.2,142.13,142.03,141.95,141.88,141.81,141.75,141.7,141.64,141.59,141.53,141.47,141.42,141.36,141.29,141.22,141.15,141.08,141.01,140.93,140.86,140.79,140.72,140.67,140.62,140.56,140.51,140.45,140.39,140.33,140.27,140.2,140.13,140.07,139.99,139.92,139.85,139.78,139.7,139.63
276.68,276.28,275.86,275.45,275.01,274.55,274.09,273.6,273.09,272.55,271.97,271.35,270.67,269.89,268.95,267.6,142.36,142.29,142.23,142.16,142.11,142.06,142.02,141.95,141.9,141.82,141.75,141.67,141.6,141.53,141.46,141.4,141.35,141.26,141.21,141.17,141.12,141.07,141.02,140.96,140.89,140.82,140.75,140.67,140.58,140.5,140.43,140.37,140.31,140.25,140.2,140.15,140.1,140.04,139.99,139.92,139.86,139.79,139.71,139.64
276.54,276.13,275.72,275.29,274.84,274.39,273.91,273.42,272.9,272.35,271.77,271.11,270.39,269.55,268.46,142.46,142.39,142.32,142.24,142.17,142.09,142.01,141.94,141.86,141.85,141.8,141.74,141.68,141.62,141.55,141.47,141.4,141.32,141.25,141.21,141.12,141.04,140.96,140.89,140.83,140.78,140.74,140.69,140.65,140.59,140.53,140.47,140.39,140.31,140.23,140.15,140.08,140.01,139.95,139.89,139.85,139.8,139.74,139.69,139.63
276.41,276.01,275.59,275.16,274.71,274.24,273.76,273.26,272.73,272.16,271.56,270.91,270.18,269.32,268.18,142.38,142.33,142.28,142.22,142.16,142.1,142.03,141.96,141.88,141.81,141.74,141.66,141.6,141.54,141.49,141.44,141.39,141.34,141.28,141.19,141.12,141.06,140.99,140.92,140.85,140.78,140.71,140.63,140.56,140.5,140.45,140.41,140.36,140.31,140.25,140.18,140.11,140.04,139.96,139.89,139.81,139.74,139.68,139.63,139.58
276.31,275.91,275.47,275.04,274.59,274.12,273.64,273.13,272.59,272.03,271.41,270.7,269.91,268.96,267.6,142.39,142.31,142.23,142.16,142.1,142.05,142,141.94,141.89,141.83,141.77,141.7,141.63,141.56,141.49,141.41,141.33,141.26,141.21,141.14,141.08,141.03,140.97,140.91,140.85,140.79,140.72,140.66,140.61,140.53,140.45,140.37,140.3,140.23,140.17,140.12,140.07,140.01,139.96,139.89,139.83,139.76,139.69,139.62,139.55
276.22,275.8,275.39,274.94,274.48,274.01,273.53,273.01,272.46,271.87,271.24,270.56,269.78,268.81,267.13,142.37,142.31,142.26,142.21,142.14,142.08,142.01,141.94,141.86,141.79,141.72,141.65,141.58,141.51,141.45,141.38,141.32,141.26,141.16,141.1,141.04,140.97,140.96,140.89,140.8,140.76,140.68,140.62,140.57,140.5,140.43,140.36,140.3,140.25,140.2,140.16,140.12,140.03,139.94,139.85,139.79,139.73,139.67,139.61,139.54
276.15,275.73,275.31,274.86,274.4,273.92,273.43,272.91,272.35,271.77,271.13,270.4,269.63,268.52,142.46,142.36,142.29,142.23,142.13,142.07,142.05,141.96,141.91,141.87,141.76,141.68,141.6,141.52,141.45,141.39,141.33,141.28,141.24,141.19,141.15,141.11,141.07,140.94,140.87,140.8,140.73,140.67,140.64,140.57,140.49,140.39,140.3,140.22,140.15,140.09,140.06,140.03,140.01,139.98,139.92,139.83,139.73,139.63,139.62,139.54
276.08,275.66,275.23,274.79,274.32,273.85,273.35,272.83,272.27,271.69,271.05,270.3,269.45,268.32,142.43,142.35,142.27,142.22,142.14,142.09,142.03,141.97,141.9,141.83,141.76,141.7,141.63,141.56,141.48,141.41,141.3,141.22,141.23,141.19,141.12,141.06,140.99,140.92,140.85,140.79,140.72,140.65,140.59,140.53,140.47,140.42,140.36,140.3,140.23,140.16,140.09,140.03,139.96,139.89,139.85,139.78,139.71,139.64,139.57,139.5
276.03,275.61,275.17,274.73,274.26,273.78,273.28,272.75,272.18,271.58,270.93,270.19,269.31,268.17,142.32,142.27,142.25,142.24,142.21,142.09,141.99,141.92,141.87,141.82,141.75,141.69,141.62,141.55,141.49,141.42,141.36,141.3,141.24,141.19,141.13,141,140.93,140.86,140.86,140.8,140.73,140.67,140.6,140.53,140.5,140.45,140.36,140.29,140.23,140.16,140.09,140.02,139.95,139.88,139.81,139.74,139.67,139.61,139.56,139.5
275.98,275.55,275.11,274.67,274.21,273.72,273.22,272.68,272.11,271.49,270.8,270.07,269.19,267.96,142.4,142.34,142.27,142.12,142.07,142.06,142.06,142,141.9,141.8,141.78,141.66,141.6,141.55,141.48,141.41,141.37,141.3,141.23,141.16,141.08,141.01,140.94,140.87,140.81,140.75,140.69,140.63,140.6,140.53,140.47,140.39,140.32,140.24,140.17,140.11,140.04,139.98,139.92,139.88,139.82,139.75,139.69,139.61,139.54,139.48
275.93,275.51,275.08,274.63,274.16,273.68,273.17,272.63,272.06,271.44,270.77,270.02,268.99,267.8,142.38,142.32,142.26,142.2,142.13,142.06,142,141.94,141.88,141.81,141.74,141.67,141.6,141.54,141.47,141.41,141.36,141.28,141.19,141.15,141.11,141.06,140.98,140.93,140.82,140.71,140.63,140.64,140.59,140.53,140.46,140.39,140.32,140.31,140.22,140.11,140.05,139.99,139.93,139.87,139.81,139.75,139.68,139.62,139.61,139.55
275.9,275.48,275.04,274.59,274.12,273.63,273.12,272.58,272.01,271.39,270.71,269.92,268.95,267.54,142.38,142.31,142.23,142.16,142.12,142.11,142,141.94,141.87,141.8,141.73,141.67,141.6,141.54,141.47,141.4,141.34,141.28,141.21,141.15,141.08,141.02,140.97,140.9,140.83,140.75,140.68,140.61,140.55,140.49,140.43,140.38,140.33,140.27,140.25,140.15,140.06,139.99,139.92,139.86,139.81,139.74,139.68,139.61,139.55,139.48
275.88,275.45,275.01,274.56,274.08,273.6,273.09,272.54,271.97,271.35,270.62,269.86,268.98,267.43,142.4,142.36,142.24,142.18,142.11,142.03,141.95,141.92,141.88,141.8,141.76,141.7,141.64,141.57,141.49,141.4,141.35,141.29,141.27,141.2,141.12,141.04,140.96,140.88,140.82,140.73,140.66,140.6,140.55,140.49,140.41,140.34,140.28,140.23,140.18,140.13,140.05,139.99,139.92,139.86,139.79,139.73,139.67,139.61,139.54,139.48
275.85,275.43,274.98,274.53,274.06,273.57,273.06,272.51,271.93,271.3,270.6,269.82,268.87,267.35,142.36,142.27,142.27,142.2,142.11,142.04,141.99,141.96,141.87,141.78,141.7,141.64,141.6,141.53,141.5,141.44,141.37,141.3,141.23,141.13,141.05,140.99,140.94,140.89,140.87,140.79,140.68,140.58,140.56,140.51,140.44,140.35,140.3,140.25,140.2,140.08,140.04,140,139.9,139.88,139.85,139.8,139.71,139.61,139.54,139.47
275.82,275.4,274.96,274.5,274.03,273.54,273.02,272.49,271.9,271.24,270.56,269.78,268.84,267.2,142.35,142.3,142.23,142.17,142.12,142.04,141.97,141.91,141.85,141.78,141.71,141.64,141.58,141.51,141.45,141.39,141.32,141.24,141.19,141.13,141.06,141,140.94,140.88,140.82,140.76,140.68,140.61,140.55,140.49,140.43,140.37,140.3,140.23,140.17,140.1,140.04,139.98,139.91,139.85,139.75,139.71,139.67,139.62,139.55,139.44
275.81,275.38,274.94,274.48,274.01,273.52,273,272.44,271.88,271.25,270.54,269.72,268.66,267.05,142.35,142.32,142.24,142.14,142.1,142.03,141.98,141.91,141.84,141.78,141.72,141.66,141.62,141.53,141.51,141.38,141.36,141.29,141.21,141.14,141.07,141,140.97,140.91,140.79,140.74,140.68,140.62,140.56,140.49,140.43,140.36,140.3,140.23,140.17,140.11,140.05,140,139.94,139.88,139.81,139.74,139.66,139.59,139.52,139.45
275.79,275.36,274.93,274.46,273.99,273.5,272.98,272.42,271.84,271.2,270.51,269.7,268.68,267,142.35,142.32,142.27,142.16,142.16,142.1,141.99,141.91,141.84,141.77,141.71,141.65,141.58,141.52,141.45,141.38,141.32,141.26,141.19,141.12,141.04,140.97,140.89,140.87,140.8,140.75,140.7,140.61,140.52,140.5,140.41,140.36,140.31,140.26,140.19,140.11,140.03,139.94,139.86,139.79,139.76,139.71,139.66,139.6,139.54,139.48
275.77,275.35,274.91,274.45,273.98,273.48,272.96,272.41,271.83,271.17,270.48,269.68,268.66,266.82,142.35,142.29,142.22,142.16,142.09,142.01,141.98,141.97,141.87,141.78,141.78,141.65,141.59,141.51,141.45,141.4,141.36,141.31,141.25,141.11,141.05,140.99,140.93,140.87,140.81,140.74,140.68,140.61,140.58,140.52,140.44,140.37,140.27,140.23,140.17,140.09,140.05,139.97,139.92,139.84,139.76,139.68,139.61,139.54,139.49,139.44
275.77,275.33,274.89,274.44,273.96,273.47,272.95,272.39,271.82,271.18,270.43,269.58,268.57,266.84,142.34,142.29,142.26,142.21,142.14,142.06,141.98,141.88,141.84,141.8,141.73,141.64,141.57,141.51,141.45,141.39,141.32,141.25,141.2,141.14,141.06,140.99,140.94,140.86,140.8,140.74,140.68,140.61,140.55,140.5,140.43,140.37,140.28,140.2,140.12,140.05,139.98,139.92,139.87,139.82,139.78,139.71,139.66,139.6,139.51,139.48
275.75,275.33,274.89,274.43,273.95,273.46,272.94,272.39,271.8,271.14,270.45,269.63,268.59,266.81,142.37,142.28,142.21,142.12,142.07,142,141.95,141.91,141.85,141.78,141.65,141.62,141.61,141.58,141.44,141.38,141.31,141.25,141.2,141.17,141.05,141.01,140.93,140.86,140.8,140.73,140.67,140.61,140.55,140.48,140.42,140.35,140.29,140.23,140.17,140.11,140.04,139.98,139.91,139.84,139.78,139.73,139.68,139.62,139.55,139.48
275.74,275.32,274.87,274.41,273.94,273.45,272.93,272.37,271.79,271.15,270.42,269.58,268.56,266.41,142.32,142.22,142.24,142.16,142.12,142.06,141.99,141.93,141.82,141.77,141.73,141.68,141.56,141.5,141.44,141.42,141.37,141.28,141.16,141.12,141.08,141,140.93,140.88,140.81,140.75,140.66,140.6,140.55,140.49,140.42,140.35,140.29,140.23,140.16,140.1,140.03,139.96,139.9,139.83,139.76,139.7,139.63,139.57,139.51,139.45
275.74,275.31,274.87,274.41,273.93,273.44,272.92,272.35,271.77,271.13,270.42,269.59,268.52,266.34,142.37,142.3,142.23,142.11,142.09,142.03,141.96,141.89,141.83,141.76,141.7,141.64,141.58,141.51,141.41,141.34,141.3,141.26,141.2,141.12,141.05,140.98,140.91,140.86,140.81,140.69,140.66,140.61,140.56,140.45,140.4,140.34,140.22,140.17,140.13,140.09,140.03,139.96,139.9,139.85,139.76,139.66,139.62,139.57,139.52,139.46
275.74,275.3,274.86,274.4,273.92,273.43,272.9,272.35,271.75,271.13,270.37,269.61,268.51,142.42,142.35,142.28,142.23,142.17,142.13,141.99,141.92,141.83,141.83,141.76,141.74,141.62,141.57,141.51,141.44,141.36,141.28,141.21,141.16,141.11,141.07,141.02,140.95,140.86,140.79,140.73,140.67,140.61,140.54,140.47,140.41,140.35,140.28,140.21,140.15,140.09,140.04,139.96,139.91,139.85,139.78,139.71,139.63,139.56,139.49,139.44
275.72,275.31,274.86,274.4,273.92,273.42,272.9,272.35,271.77,271.11,270.38,269.58,268.46,266.54,142.35,142.27,142.23,142.17,142.11,142.07,141.97,141.91,141.82,141.76,141.71,141.63,141.57,141.52,141.45,141.36,141.31,141.25,141.18,141.12,140.98,140.93,140.89,140.87,140.85,140.8,140.71,140.61,140.51,140.45,140.43,140.35,140.28,140.21,140.14,140.07,140,139.94,139.92,139.84,139.76,139.69,139.62,139.56,139.5,139.42
275.73,275.29,274.85,274.39,273.92,273.42,272.89,272.34,271.75,271.12,270.4,269.55,268.49,142.42,142.34,142.22,142.2,142.22,142.08,142.02,141.96,141.91,141.85,141.79,141.72,141.64,141.58,141.51,141.44,141.36,141.3,141.23,141.18,141.07,141.03,140.99,140.94,140.88,140.81,140.74,140.7,140.66,140.58,140.49,140.41,140.34,140.28,140.23,140.18,140.12,140.03,139.97,139.9,139.82,139.75,139.69,139.64,139.59,139.53,139.45
275.72,275.29,274.85,274.39,273.91,273.42,272.89,272.34,271.75,271.1,270.4,269.61,268.49,142.41,142.34,142.28,142.21,142.14,142.07,142.02,141.95,141.89,141.86,141.76,141.69,141.63,141.57,141.48,141.43,141.37,141.31,141.25,141.19,141.18,141.06,140.99,140.87,140.86,140.8,140.78,140.73,140.66,140.53,140.47,140.4,140.34,140.27,140.21,140.15,140.09,140.04,139.97,139.89,139.82,139.76,139.7,139.64,139.58,139.52,139.45
275.72,275.29,274.84,274.38,273.91,273.41,272.89,272.33,271.74,271.09,270.39,269.5,268.43,266.49,142.33,142.29,142.22,142.15,142.12,142.06,141.94,141.88,141.82,141.77,141.71,141.64,141.56,141.5,141.44,141.37,141.31,141.24,141.19,141.13,141.06,140.98,140.93,140.85,140.79,140.72,140.63,140.58,140.52,140.46,140.39,140.33,140.28,140.22,140.16,140.09,140.02,139.97,139.92,139.83,139.76,139.69,139.63,139.56,139.5,139.45
275.71,275.29,274.84,274.38,273.9,273.41,272.88,272.33,271.74,271.09,270.37,269.54,268.46,142.46,142.36,142.25,142.2,142.17,142.09,142.04,141.97,141.88,141.83,141.74,141.68,141.63,141.58,141.5,141.43,141.35,141.29,141.24,141.19,141.12,141.05,141,140.98,140.93,140.87,140.8,140.71,140.59,140.53,140.47,140.41,140.34,140.31,140.27,140.16,140.07,140.01,139.95,139.9,139.83,139.75,139.69,139.63,139.57,139.51,139.44
275.71,275.29,274.84,274.38,273.9,273.4,272.88,272.32,271.73,271.1,270.36,269.59,268.43,142.42,142.34,142.27,142.2,142.13,142.08,142.03,141.96,141.91,141.84,141.76,141.69,141.56,141.54,141.43,141.4,141.39,141.37,141.24,141.15,141.05,140.97,140.92,140.92,140.85,140.79,140.72,140.66,140.6,140.53,140.47,140.4,140.34,140.28,140.22,140.16,140.1,140.04,139.98,139.9,139.85,139.75,139.71,139.64,139.61,139.53,139.45
275.71,275.28,274.84,274.37,273.9,273.4,272.88,272.32,271.73,271.07,270.36,269.58,268.48,142.39,142.33,142.27,142.21,142.15,142.08,142.01,141.95,141.9,141.83,141.76,141.7,141.63,141.56,141.5,141.42,141.34,141.29,141.23,141.22,141.17,141.08,140.96,140.89,140.83,140.77,140.72,140.65,140.6,140.55,140.51,140.44,140.32,140.27,140.21,140.16,140.09,140.05,139.97,139.89,139.8,139.72,139.63,139.67,139.63,139.51,139.44
275.71,275.28,274.83,274.37,273.9,273.4,272.88,272.31,271.74,271.06,270.35,269.49,268.41,142.45,142.29,142.28,142.21,142.14,142.08,142.02,141.95,141.88,141.82,141.76,141.7,141.64,141.57,141.52,141.46,141.4,141.33,141.25,141.18,141.1,141.06,141.02,140.92,140.85,140.79,140.73,140.67,140.62,140.54,140.47,140.4,140.34,140.27,140.21,140.15,140.09,140.04,139.97,139.89,139.82,139.77,139.72,139.67,139.61,139.5,139.44
275.71,275.28,274.84,274.37,273.89,273.4,272.87,272.32,271.72,271.1,270.34,269.47,268.42,142.41,142.34,142.26,142.19,142.15,142.08,142,141.95,141.87,141.82,141.77,141.69,141.62,141.56,141.5,141.45,141.39,141.33,141.24,141.19,141.13,141.06,141.05,140.95,140.86,140.85,140.72,140.64,140.6,140.53,140.47,140.41,140.35,140.26,140.2,140.14,140.08,140.02,139.96,139.89,139.83,139.78,139.72,139.65,139.52,139.44,139.37
275.71,275.28,274.83,274.37,273.89,273.4,272.87,272.31,271.72,271.06,270.37,269.52,268.4,142.45,142.33,142.32,142.21,142.15,142.05,141.98,141.96,141.91,141.86,141.78,141.62,141.54,141.51,141.5,141.42,141.36,141.31,141.26,141.19,141.11,141.04,140.98,140.92,140.85,140.78,140.73,140.68,140.57,140.53,140.47,140.38,140.33,140.3,140.25,140.14,140.08,140.02,139.95,139.85,139.83,139.79,139.73,139.66,139.58,139.5,139.45
275.72,275.28,274.83,274.37,273.89,273.4,272.87,272.31,271.72,271.08,270.36,269.5,268.43,142.41,142.36,142.28,142.23,142.16,142.07,142.01,141.95,141.81,141.75,141.76,141.66,141.64,141.56,141.5,141.4,141.34,141.32,141.26,141.19,141.12,141.05,140.98,140.91,140.85,140.79,140.73,140.66,140.6,140.54,140.48,140.41,140.34,140.27,140.21,140.15,140.09,140.02,139.95,139.88,139.82,139.77,139.7,139.64,139.58,139.51,139.44
275.7,275.27,274.83,274.37,273.89,273.39,272.87,272.32,271.72,271.08,270.34,269.51,268.42,142.4,142.34,142.28,142.22,142.15,142.09,142.02,141.93,141.88,141.86,141.76,141.64,141.59,141.55,141.51,141.43,141.36,141.3,141.2,141.18,141.11,141.05,140.97,140.9,140.83,140.81,140.74,140.68,140.6,140.53,140.46,140.4,140.33,140.29,140.24,140.18,140.06,140.02,139.98,139.92,139.84,139.74,139.66,139.6,139.56,139.51,139.45
275.7,275.27,274.83,274.37,273.89,273.39,272.87,272.31,271.72,271.06,270.35,269.51,268.43,142.39,142.31,142.28,142.27,142.19,142.09,142.03,141.95,141.9,141.84,141.71,141.64,141.7,141.58,141.5,141.42,141.38,141.31,141.25,141.21,141.1,141.05,141,140.94,140.86,140.78,140.72,140.66,140.6,140.47,140.44,140.46,140.38,140.29,140.21,140.16,140.11,140.05,139.97,139.93,139.84,139.76,139.7,139.65,139.54,139.48,139.43
275.71,275.27,274.83,274.36,273.89,273.39,272.87,272.32,271.72,271.07,270.35,269.51,268.42,142.41,142.34,142.27,142.23,142.15,142.07,142.06,141.97,141.91,141.85,141.73,141.65,141.62,141.61,141.43,141.43,141.36,141.32,141.22,141.15,141.1,141.05,140.98,140.85,140.87,140.79,140.74,140.69,140.61,140.52,140.44,140.4,140.36,140.3,140.23,140.15,140.07,140,139.95,139.89,139.82,139.75,139.69,139.64,139.59,139.51,139.44
