0.6,0.59661,0.59322,0.58983,0.58644,0.58305,0.57966,0.57627,0.57288,0.56949,0.5661,0.56271,0.55932,0.55593,0.55254,0.54915,0.54576,0.54237,0.53898,0.53559,0.5322,0.52881,0.52542,0.52203,0.51864,0.51525,0.51186,0.50847,0.50508,0.50169,0.49831,0.49492,0.49153,0.48814,0.48475,0.48136,0.47797,0.47458,0.47119,0.4678,0.46441,0.46102,0.45763,0.45424,0.45085,0.44746,0.44407,0.44068,0.43729,0.4339,0.43051,0.42712,0.42373,0.42034,0.41695,0.41356,0.41017,0.40678,0.40339,0.4
12,16.068,20.136,24.203,28.271,32.339,36.407,40.475,44.542,48.61,52.678,56.746,60.814,64.881,68.949,73.017,77.085,81.153,85.22,89.288,93.356,97.424,101.49,105.56,109.63,113.69,117.76,121.83,125.9,129.97,134.03,138.1,142.17,146.24,150.31,154.37,158.44,162.51,166.58,170.64,174.71,178.78,182.85,186.92,190.98,195.05,199.12,203.19,207.25,211.32,215.39,219.46,223.53,227.59,231.66,235.73,239.8,243.86,247.93,252
123.73,168.38,191.96,172.47,210.69,198.8,245.86,215.64,221.12,269.36,260.54,250.73,227.95,222.96,296.63,293.6,290.56,287.39,284.32,281.13,277.91,274.72,271.39,268.11,264.74,261.36,258.01,254.56,251.29,248,245.03,242.41,240.69,253.57,345.54,345.54,345.54,345.54,345.54,345.54,345.54,345.54,345.54,345.54,345.54,345.54,345.54,345.54,345.54,345.54,345.54,345.54,345.54,345.54,345.54,345.54,345.54,345.54,345.54,345.54
124.11,169.14,192.71,171.97,211.36,197.86,246.52,215.93,217.97,269.77,260.98,251.2,228.14,222.83,296.87,293.85,290.81,287.63,284.57,281.37,278.14,274.94,271.6,268.3,264.91,261.51,258.14,254.65,251.34,248,244.95,242.25,240.45,253.14,345.54,345.54,345.54,345.54,345.54,345.54,345.54,345.54,345.54,345.54,345.54,345.54,345.54,345.54,345.54,345.54,345.54,345.54,345.54,345.54,345.54,345.54,345.54,345.54,345.54,345.54
124.47,169.85,193.42,171.5,212.01,197.02,247.16,216.23,216.17,270.17,261.41,251.65,240.39,222.72,233.55,294.09,291.05,287.87,284.8,281.61,278.37,275.16,271.8,268.49,265.09,261.66,258.26,254.74,251.38,247.99,244.88,242.1,240.21,252.71,345.54,345.54,345.54,345.54,345.54,345.54,345.54,345.54,345.54,345.54,345.54,345.54,345.54,345.54,345.54,345.54,345.54,345.54,345.54,345.54,345.54,345.54,345.54,345.54,345.54,345.54
124.8,170.52,194.09,171.06,212.64,196.27,247.78,216.52,214.84,270.56,261.83,252.09,240.83,222.61,230.71,294.33,291.29,288.11,285.04,281.83,278.59,275.37,272,268.68,265.25,261.81,258.38,254.82,251.43,247.98,244.81,241.96,239.98,252.28,345.54,345.54,345.54,345.54,345.54,345.54,345.54,345.54,345.54,345.54,345.54,345.54,345.54,345.54,345.54,345.54,345.54,345.54,345.54,345.54,345.54,345.54,345.54,345.54,345.54,345.54
125.11,171.14,194.71,170.63,213.25,195.59,248.38,216.8,213.77,270.94,262.24,252.51,241.25,222.53,229.09,294.55,291.51,288.33,285.26,282.05,278.8,275.57,272.2,268.86,265.42,261.95,258.49,254.91,251.47,247.97,244.75,241.82,239.74,251.86,345.54,345.54,345.54,345.54,345.54,345.54,345.54,345.54,345.54,345.54,345.54,345.54,345.54,345.54,345.54,345.54,345.54,345.54,345.54,345.54,345.54,345.54,345.54,345.54,345.54,345.54
125.4,171.71,195.29,170.23,213.85,194.97,248.97,217.06,212.88,271.32,262.63,252.93,241.66,222.45,227.82,294.77,291.74,288.55,285.48,282.27,279.01,275.77,272.39,269.04,265.58,262.09,258.61,254.99,251.52,247.97,244.68,241.68,239.51,251.44,345.54,345.54,345.54,345.54,345.54,345.54,345.54,345.54,345.54,345.54,345.54,345.54,345.54,345.54,345.54,345.54,345.54,345.54,345.54,345.54,345.54,345.54,345.54,345.54,345.54,345.54
125.71,172.24,195.85,169.85,214.42,194.41,249.54,217.32,212.13,271.68,263.02,253.33,242.07,222.39,226.77,294.99,291.95,288.77,285.69,282.48,279.22,275.97,272.58,269.21,265.74,262.23,258.72,255.07,251.56,247.97,244.62,241.54,239.29,251.02,345.54,345.54,345.54,345.54,345.54,345.54,345.54,345.54,345.54,345.54,345.54,345.54,345.54,345.54,345.54,345.54,345.54,345.54,345.54,345.54,345.54,345.54,345.54,345.54,345.54,345.54
125.96,172.73,196.37,169.48,214.98,193.89,250.09,217.56,211.48,272.04,263.39,253.72,242.47,222.33,225.87,295.2,292.16,288.98,285.9,282.68,279.41,276.16,272.76,269.38,265.89,262.36,258.83,255.15,251.6,247.96,244.56,241.4,239.07,250.61,345.54,345.54,345.54,345.54,345.54,345.54,345.54,345.54,345.54,345.54,345.54,345.54,345.54,345.54,345.54,345.54,345.54,345.54,345.54,345.54,345.54,345.54,345.54,345.54,345.54,345.54
126.19,141.69,196.86,169.12,215.51,193.4,250.63,217.8,210.91,272.38,263.75,254.1,242.85,222.28,225.08,295.4,292.37,289.19,286.1,282.88,279.61,276.35,272.94,269.55,266.04,262.5,258.94,255.23,251.65,247.96,244.5,241.27,238.85,250.2,345.54,345.54,345.54,345.54,345.54,345.54,345.54,345.54,345.54,345.54,345.54,345.54,345.54,345.54,345.54,345.54,345.54,345.54,345.54,345.54,345.54,345.54,345.54,345.54,345.54,345.54
126.39,139.81,197.33,168.77,216.02,192.94,251.16,218.04,210.41,272.71,264.11,254.46,243.24,222.24,224.37,295.6,292.57,289.38,286.3,283.08,279.8,276.54,273.11,269.71,266.19,262.63,259.05,255.31,251.69,247.96,244.44,241.14,238.63,249.79,345.54,345.54,345.54,345.54,345.54,345.54,345.54,345.54,345.54,345.54,345.54,345.54,345.54,345.54,345.54,345.54,345.54,345.54,345.54,345.54,345.54,345.54,345.54,345.54,345.54,345.54
126.57,138.43,197.76,168.43,216.51,192.51,251.66,218.28,209.97,273.03,264.46,254.81,243.61,222.21,223.72,295.79,292.76,289.58,286.5,283.27,279.99,276.71,273.28,269.87,266.34,262.75,259.15,255.39,251.73,247.96,244.38,241.01,238.42,249.39,345.54,345.54,345.54,345.54,345.54,345.54,345.54,345.54,345.54,345.54,345.54,345.54,345.54,345.54,345.54,345.54,345.54,345.54,345.54,345.54,345.54,345.54,345.54,345.54,345.54,345.54
126.73,137.29,198.16,168.1,216.95,192.11,252.14,218.53,209.56,273.33,264.79,255.16,243.97,222.18,223.13,295.98,292.95,289.77,286.68,283.45,280.17,276.89,273.45,270.03,266.48,262.88,259.26,255.46,251.78,247.96,244.33,240.89,238.21,248.98,345.54,345.54,345.54,345.54,345.54,345.54,345.54,345.54,345.54,345.54,345.54,345.54,345.54,345.54,345.54,345.54,345.54,345.54,345.54,345.54,345.54,345.54,345.54,345.54,345.54,345.54
126.85,136.3,162.1,167.78,217.36,191.72,252.6,218.77,209.19,273.63,265.11,255.49,244.33,222.16,222.58,296.16,293.13,289.95,286.87,283.63,280.34,277.06,273.61,270.18,266.62,263,259.36,255.54,251.82,247.96,244.27,240.77,238,248.59,345.54,345.54,345.54,345.54,345.54,345.54,345.54,345.54,345.54,345.54,345.54,345.54,345.54,345.54,345.54,345.54,345.54,345.54,345.54,345.54,345.54,345.54,345.54,345.54,345.54,345.54
126.94,135.42,160.13,167.46,217.74,191.35,253.03,219.02,208.84,273.93,265.41,255.82,244.68,222.14,222.07,296.34,293.31,290.13,287.05,283.81,280.52,277.23,273.77,270.33,266.76,263.12,259.46,255.61,251.86,247.96,244.22,240.65,237.8,248.19,345.54,345.54,345.54,345.54,345.54,345.54,345.54,345.54,345.54,345.54,345.54,345.54,345.54,345.54,345.54,345.54,345.54,345.54,345.54,345.54,345.54,345.54,345.54,345.54,345.54,345.54
126.99,134.62,158.68,167.15,218.09,191,253.42,219.26,208.52,274.2,265.7,256.14,245.01,222.13,221.59,296.51,293.49,290.31,287.22,283.98,280.68,277.39,273.93,270.48,266.89,263.24,259.56,255.69,251.9,247.96,244.17,240.53,237.6,247.8,345.54,345.54,345.54,345.54,345.54,345.54,345.54,345.54,345.54,345.54,345.54,345.54,345.54,345.54,345.54,345.54,345.54,345.54,345.54,345.54,345.54,345.54,345.54,345.54,345.54,345.54
127,133.89,157.49,166.84,218.4,190.66,253.78,219.5,208.22,274.46,265.99,256.46,245.34,222.12,221.15,296.68,293.66,290.48,287.39,284.15,280.85,277.55,274.08,270.62,267.02,263.36,259.66,255.76,251.94,247.96,244.12,240.41,237.4,247.41,345.54,345.54,345.54,345.54,345.54,345.54,345.54,345.54,345.54,345.54,345.54,345.54,345.54,345.54,345.54,345.54,345.54,345.54,345.54,345.54,345.54,345.54,345.54,345.54,345.54,345.54
126.98,133.21,156.45,166.54,218.7,190.33,254.12,231.8,207.94,274.72,266.27,256.76,245.66,222.11,220.72,296.85,293.82,290.65,287.56,284.32,281.01,277.71,274.23,270.76,267.15,263.47,259.75,255.83,251.99,247.96,244.07,240.3,237.2,247.02,345.54,345.54,345.54,345.54,345.54,345.54,345.54,345.54,345.54,345.54,345.54,345.54,345.54,345.54,345.54,345.54,345.54,345.54,345.54,345.54,345.54,345.54,345.54,345.54,345.54,345.54
126.95,132.58,155.53,166.23,218.98,190.02,254.45,232.21,207.68,274.98,266.55,257.07,245.97,222.1,220.33,297.01,293.99,290.81,287.72,284.48,281.17,277.86,274.38,270.9,267.28,263.58,259.85,255.9,252.03,247.96,244.03,240.19,237.01,246.64,345.54,345.54,345.54,345.54,345.54,345.54,345.54,345.54,345.54,345.54,345.54,345.54,345.54,345.54,345.54,345.54,345.54,345.54,345.54,345.54,345.54,345.54,345.54,345.54,345.54,345.54
126.9,132.01,154.69,168.24,219.25,189.71,254.77,232.58,207.44,275.24,266.83,257.36,246.26,222.1,219.95,297.17,294.15,290.97,287.88,284.63,281.32,278.01,274.52,271.03,267.4,263.69,259.94,255.97,252.07,247.97,243.98,240.08,236.82,246.26,345.54,345.54,345.54,345.54,345.54,345.54,345.54,345.54,345.54,345.54,345.54,345.54,345.54,345.54,345.54,345.54,345.54,345.54,345.54,345.54,345.54,345.54,345.54,345.54,345.54,345.54
126.83,131.47,153.92,168.06,219.5,189.41,255.1,232.93,207.22,275.5,267.1,257.65,246.54,222.1,219.59,297.32,294.3,291.12,288.03,284.79,281.47,278.16,274.66,271.17,267.52,263.8,260.03,256.04,252.11,247.97,243.94,239.97,236.63,245.88,345.54,345.54,345.54,345.54,345.54,345.54,345.54,345.54,345.54,345.54,345.54,345.54,345.54,345.54,345.54,345.54,345.54,345.54,345.54,345.54,345.54,345.54,345.54,345.54,345.54,345.54
126.75,130.96,153.2,167.86,219.75,189.11,255.42,233.24,207.01,275.76,267.37,257.93,246.82,222.1,219.24,297.47,294.45,291.28,288.18,284.94,281.62,278.3,274.8,271.3,267.64,263.91,260.12,256.11,252.15,247.97,243.89,239.87,236.45,245.5,345.54,345.54,345.54,345.54,345.54,345.54,345.54,345.54,345.54,345.54,345.54,345.54,345.54,345.54,345.54,345.54,345.54,345.54,345.54,345.54,345.54,345.54,345.54,345.54,345.54,345.54
126.66,130.47,152.54,167.65,220,188.81,255.75,233.46,206.8,276.01,267.63,258.21,247.08,222.1,218.91,297.61,294.6,291.43,288.33,285.09,281.77,278.44,274.93,271.42,267.76,264.01,260.21,256.17,252.19,247.98,243.85,239.76,236.26,245.13,345.54,345.54,345.54,345.54,345.54,345.54,345.54,345.54,345.54,345.54,345.54,345.54,345.54,345.54,345.54,345.54,345.54,345.54,345.54,345.54,345.54,345.54,345.54,345.54,345.54,345.54
126.56,130,151.9,167.44,220.22,188.52,256.09,233.77,206.6,276.26,267.88,258.47,247.34,222.1,218.6,297.76,294.74,291.57,288.48,285.23,281.91,278.58,275.07,271.55,267.88,264.12,260.29,256.24,252.23,247.98,243.81,239.66,236.08,244.76,345.54,345.54,345.54,345.54,345.54,345.54,345.54,345.54,345.54,345.54,345.54,345.54,345.54,345.54,345.54,345.54,345.54,345.54,345.54,345.54,345.54,345.54,345.54,345.54,345.54,345.54
126.44,129.54,151.29,167.23,220.41,188.22,256.42,234.07,206.41,276.49,268.13,258.72,247.6,222.11,218.3,297.89,294.88,291.71,288.62,285.37,282.05,278.71,275.2,271.67,267.99,264.22,260.38,256.31,252.27,247.99,243.77,239.56,235.91,244.39,345.54,345.54,345.54,345.54,345.54,345.54,345.54,345.54,345.54,345.54,345.54,345.54,345.54,345.54,345.54,345.54,345.54,345.54,345.54,345.54,345.54,345.54,345.54,345.54,345.54,345.54
126.3,129.09,150.7,167.03,220.58,187.93,256.73,234.38,206.21,276.72,268.36,258.96,247.85,222.11,218.01,298.03,295.02,291.85,288.76,285.51,282.18,278.85,275.32,271.79,268.1,264.32,260.46,256.37,252.31,247.99,243.73,239.46,235.73,244.03,345.54,345.54,345.54,345.54,345.54,345.54,345.54,345.54,345.54,345.54,345.54,345.54,345.54,345.54,345.54,345.54,345.54,345.54,345.54,345.54,345.54,345.54,345.54,345.54,345.54,345.54
126.13,128.65,150.11,166.82,220.72,187.64,257.01,234.68,206.02,276.92,268.59,259.2,248.11,222.12,217.73,298.16,295.16,291.99,288.9,285.64,282.32,278.98,275.45,271.91,268.21,264.42,260.55,256.43,252.35,248,243.7,239.37,235.56,243.66,345.54,345.54,345.54,345.54,345.54,345.54,345.54,345.54,345.54,345.54,345.54,345.54,345.54,345.54,345.54,345.54,345.54,345.54,345.54,345.54,345.54,345.54,345.54,345.54,345.54,345.54
125.92,128.22,149.56,166.64,220.84,187.35,257.27,234.99,205.83,277.13,268.81,259.43,248.36,222.12,217.46,298.29,295.29,292.12,289.03,285.78,282.45,279.1,275.57,272.03,268.32,264.51,260.63,256.5,252.39,248.01,243.66,239.27,235.38,243.3,345.54,345.54,345.54,345.54,345.54,345.54,345.54,345.54,345.54,345.54,345.54,345.54,345.54,345.54,345.54,345.54,345.54,345.54,345.54,345.54,345.54,345.54,345.54,345.54,345.54,345.54
125.66,127.79,149.03,166.43,220.92,187.07,257.51,235.28,205.66,277.32,269.02,259.66,248.61,222.13,217.19,298.42,295.42,292.25,289.16,285.91,282.57,279.23,275.69,272.14,268.42,264.61,260.71,256.56,252.43,248.01,243.63,239.18,235.21,242.95,345.54,345.54,345.54,345.54,345.54,345.54,345.54,345.54,345.54,345.54,345.54,345.54,345.54,345.54,345.54,345.54,345.54,345.54,345.54,345.54,345.54,345.54,345.54,345.54,345.54,345.54
125.36,127.38,148.52,166.21,220.97,186.79,257.73,235.56,205.49,277.52,269.23,259.89,248.87,222.14,216.94,298.55,295.54,292.38,289.29,286.03,282.7,279.35,275.81,272.25,268.53,264.7,260.79,256.62,252.46,248.02,243.59,239.09,235.05,242.59,345.54,345.54,345.54,345.54,345.54,345.54,345.54,345.54,345.54,345.54,345.54,345.54,345.54,345.54,345.54,345.54,345.54,345.54,345.54,345.54,345.54,345.54,345.54,345.54,345.54,345.54
125.04,126.98,148.04,165.97,221.01,186.52,257.94,235.82,205.32,277.71,269.44,260.11,249.12,222.14,216.69,298.67,295.67,292.5,289.41,286.16,282.82,279.47,275.93,272.37,268.63,264.79,260.87,256.68,252.5,248.03,243.56,238.99,234.88,242.24,345.54,345.54,345.54,345.54,345.54,345.54,345.54,345.54,345.54,345.54,345.54,345.54,345.54,345.54,345.54,345.54,345.54,345.54,345.54,345.54,345.54,345.54,345.54,345.54,345.54,345.54
124.69,126.6,147.57,165.72,221.01,186.23,258.13,236.05,205.16,277.91,269.65,260.34,249.36,222.15,216.46,298.79,295.79,292.63,289.54,286.28,282.94,279.59,276.04,272.47,268.73,264.88,260.95,256.74,252.54,248.03,243.52,238.91,234.72,241.89,345.54,345.54,345.54,345.54,345.54,345.54,345.54,345.54,345.54,345.54,345.54,345.54,345.54,345.54,345.54,345.54,345.54,345.54,345.54,345.54,345.54,345.54,345.54,345.54,345.54,345.54
124.34,126.23,147.14,165.45,221.01,185.94,258.32,236.24,205.01,278.1,269.86,260.56,249.6,222.15,216.22,298.9,295.91,292.75,289.66,286.4,283.06,279.71,276.15,272.58,268.83,264.97,261.02,256.8,252.58,248.04,243.49,238.82,234.56,241.54,345.54,345.54,345.54,345.54,345.54,345.54,345.54,345.54,345.54,345.54,345.54,345.54,345.54,345.54,345.54,345.54,345.54,345.54,345.54,345.54,345.54,345.54,345.54,345.54,345.54,345.54
123.98,125.86,146.73,165.18,221.06,185.64,258.51,236.39,204.86,278.29,270.06,260.78,249.82,222.15,215.99,299.02,296.02,292.86,289.77,286.52,283.18,279.82,276.26,272.69,268.93,265.06,261.1,256.86,252.62,248.05,243.46,238.73,234.4,241.19,345.54,345.54,345.54,345.54,345.54,345.54,345.54,345.54,345.54,345.54,345.54,345.54,345.54,345.54,345.54,345.54,345.54,345.54,345.54,345.54,345.54,345.54,345.54,345.54,345.54,345.54
123.66,125.52,146.34,164.87,221.08,185.34,258.71,236.53,204.7,278.48,270.26,260.99,250.03,236.62,215.77,299.13,296.14,292.98,289.89,286.63,283.29,279.93,276.37,272.79,269.02,265.15,261.17,256.92,252.65,248.06,243.43,238.65,234.24,240.85,345.54,345.54,345.54,345.54,345.54,345.54,345.54,345.54,345.54,345.54,345.54,345.54,345.54,345.54,345.54,345.54,345.54,345.54,345.54,345.54,345.54,345.54,345.54,345.54,345.54,345.54
123.31,125.18,145.94,164.54,221.09,185.03,258.91,236.67,204.54,278.66,270.45,261.2,250.22,236.83,215.55,299.24,296.25,293.09,290,286.75,283.41,280.04,276.48,272.89,269.12,265.23,261.25,256.98,252.69,248.07,243.4,238.57,234.09,240.51,345.54,345.54,345.54,345.54,345.54,345.54,345.54,345.54,345.54,345.54,345.54,345.54,345.54,345.54,345.54,345.54,345.54,345.54,345.54,345.54,345.54,345.54,345.54,345.54,345.54,345.54
122.95,124.85,145.61,164.18,221.09,184.72,259.11,236.82,204.36,278.83,270.64,261.39,250.4,237.03,215.34,299.35,296.36,293.2,290.11,286.86,283.52,280.15,276.58,272.99,269.21,265.32,261.32,257.03,252.73,248.08,243.37,238.48,233.93,240.17,345.54,345.54,345.54,345.54,345.54,345.54,345.54,345.54,345.54,345.54,345.54,345.54,345.54,345.54,345.54,345.54,345.54,345.54,345.54,345.54,345.54,345.54,345.54,345.54,345.54,345.54
122.59,124.55,145.21,163.86,221.05,184.4,259.31,236.97,204.18,279,270.82,261.58,250.57,237.23,215.13,299.45,296.46,293.31,290.22,286.97,283.62,280.25,276.69,273.09,269.3,265.4,261.39,257.09,252.76,248.09,243.34,238.4,233.78,239.83,345.54,345.54,345.54,345.54,345.54,345.54,345.54,345.54,345.54,345.54,345.54,345.54,345.54,345.54,345.54,345.54,345.54,345.54,345.54,345.54,345.54,345.54,345.54,345.54,345.54,345.54
122.21,124.23,144.82,163.55,220.98,184.09,259.5,237.13,204,279.16,270.99,261.75,250.74,237.41,214.93,299.55,296.57,293.42,290.33,287.07,283.73,280.36,276.79,273.18,269.39,265.48,261.46,257.15,252.8,248.1,243.32,238.32,233.63,239.5,345.54,345.54,345.54,345.54,345.54,345.54,345.54,345.54,345.54,345.54,345.54,345.54,345.54,345.54,345.54,345.54,345.54,345.54,345.54,345.54,345.54,345.54,345.54,345.54,345.54,345.54
121.81,123.92,144.44,163.24,220.89,183.78,259.67,237.29,203.83,279.32,271.15,261.92,250.92,222.14,214.72,299.66,296.67,293.52,290.44,287.18,283.83,280.46,276.89,273.28,269.48,265.56,261.53,257.2,252.83,248.1,243.29,238.25,233.48,239.16,345.54,345.54,345.54,345.54,345.54,345.54,345.54,345.54,345.54,345.54,345.54,345.54,345.54,345.54,345.54,345.54,345.54,345.54,345.54,345.54,345.54,345.54,345.54,345.54,345.54,345.54
121.35,123.6,144.07,162.93,220.76,183.47,259.82,237.46,203.65,279.48,271.32,262.09,251.1,222.13,214.53,299.76,296.77,293.63,290.54,287.28,283.94,280.56,276.98,273.37,269.57,265.64,261.6,257.26,252.87,248.11,243.27,238.17,233.33,238.83,345.54,345.54,345.54,345.54,345.54,345.54,345.54,345.54,345.54,345.54,345.54,345.54,345.54,345.54,345.54,345.54,345.54,345.54,345.54,345.54,345.54,345.54,345.54,345.54,345.54,345.54
120.85,123.29,143.71,162.62,220.6,183.15,259.95,237.62,203.48,279.63,271.48,262.25,251.29,222.13,214.33,299.85,296.87,293.73,290.64,287.38,284.04,280.66,277.08,273.46,269.66,265.72,261.67,257.31,252.91,248.12,243.24,238.1,233.19,238.5,345.54,345.54,345.54,345.54,345.54,345.54,345.54,345.54,345.54,345.54,345.54,345.54,345.54,345.54,345.54,345.54,345.54,345.54,345.54,345.54,345.54,345.54,345.54,345.54,345.54,345.54
120.3,122.99,143.37,162.3,220.43,182.83,260.07,237.75,203.31,279.79,271.64,262.42,251.48,222.12,214.14,299.95,296.97,293.83,290.74,287.48,284.14,280.76,277.17,273.55,269.74,265.8,261.74,257.36,252.94,248.13,243.22,238.02,233.05,238.18,345.54,345.54,345.54,345.54,345.54,345.54,345.54,345.54,345.54,345.54,345.54,345.54,345.54,345.54,345.54,345.54,345.54,345.54,345.54,345.54,345.54,345.54,345.54,345.54,345.54,345.54
119.78,122.7,143.06,161.95,220.26,182.51,260.17,237.86,203.14,279.94,271.81,262.59,251.67,238.18,213.95,300.04,297.07,293.92,290.84,287.58,284.23,280.85,277.27,273.64,269.82,265.87,261.8,257.42,252.98,248.15,243.19,237.95,232.9,237.85,345.54,345.54,345.54,345.54,345.54,345.54,345.54,345.54,345.54,345.54,345.54,345.54,345.54,345.54,345.54,345.54,345.54,345.54,345.54,345.54,345.54,345.54,345.54,345.54,345.54,345.54
119.26,122.44,142.77,161.58,220.09,182.17,260.25,237.93,202.96,280.09,271.97,262.77,251.86,238.33,213.76,300.13,297.16,294.02,290.93,287.68,284.33,280.95,277.36,273.73,269.91,265.95,261.87,257.47,253.01,248.16,243.17,237.88,232.76,237.53,345.54,345.54,345.54,345.54,345.54,345.54,345.54,345.54,345.54,345.54,345.54,345.54,345.54,345.54,345.54,345.54,345.54,345.54,345.54,345.54,345.54,345.54,345.54,345.54,345.54,345.54
118.76,122.19,142.51,161.18,219.93,181.83,260.34,237.98,202.77,280.24,272.13,262.94,252.04,238.49,213.58,300.22,297.25,294.11,291.03,287.77,284.42,281.04,277.45,273.82,269.99,266.02,261.93,257.52,253.05,248.17,243.15,237.81,232.62,237.21,345.54,345.54,345.54,345.54,345.54,345.54,345.54,345.54,345.54,345.54,345.54,345.54,345.54,345.54,345.54,345.54,345.54,345.54,345.54,345.54,345.54,345.54,345.54,345.54,345.54,345.54
118.25,121.95,142.27,160.77,219.77,181.48,260.44,238.02,202.58,280.39,272.29,263.12,252.21,238.64,213.39,300.31,297.34,294.2,291.12,287.87,284.52,281.13,277.54,273.9,270.07,266.1,262,257.57,253.08,248.18,243.13,237.74,232.49,236.89,345.54,345.54,345.54,345.54,345.54,345.54,345.54,345.54,345.54,345.54,345.54,345.54,345.54,345.54,345.54,345.54,345.54,345.54,345.54,345.54,345.54,345.54,345.54,345.54,345.54,345.54
117.75,121.72,142.05,160.33,219.6,181.12,260.54,238.05,202.38,280.52,272.45,263.29,252.36,238.79,213.21,300.4,297.43,294.29,291.21,287.96,284.61,281.22,277.63,273.99,270.15,266.17,262.06,257.62,253.12,248.19,243.11,237.67,232.35,236.57,345.54,345.54,345.54,345.54,345.54,345.54,345.54,345.54,345.54,345.54,345.54,345.54,345.54,345.54,345.54,345.54,345.54,345.54,345.54,345.54,345.54,345.54,345.54,345.54,345.54,345.54
117.22,121.5,141.83,159.89,219.43,180.75,260.65,238.09,202.17,280.66,272.59,263.45,252.49,238.94,213.02,225.16,297.52,294.38,291.3,288.05,284.7,281.31,277.71,274.07,270.23,266.24,262.12,257.67,253.15,248.2,243.08,237.6,232.22,236.26,345.54,345.54,345.54,345.54,345.54,345.54,345.54,345.54,345.54,345.54,345.54,345.54,345.54,345.54,345.54,345.54,345.54,345.54,345.54,345.54,345.54,345.54,345.54,345.54,345.54,345.54
116.7,121.3,141.61,159.46,219.24,180.38,260.75,238.13,201.97,280.78,272.73,263.6,252.62,239.09,212.84,223.56,297.61,294.47,291.39,288.14,284.79,281.4,277.8,274.15,270.3,266.31,262.19,257.73,253.18,248.21,243.06,237.53,232.08,235.95,345.54,345.54,345.54,345.54,345.54,345.54,345.54,345.54,345.54,345.54,345.54,345.54,345.54,345.54,345.54,345.54,345.54,345.54,345.54,345.54,345.54,345.54,345.54,345.54,345.54,345.54
116.15,121.11,141.39,159.03,219.02,180.01,260.84,238.17,201.76,280.91,272.86,263.73,252.75,239.23,212.66,222.38,297.69,294.56,291.48,288.22,284.87,281.48,277.88,274.23,270.38,266.38,262.25,257.77,253.22,248.22,243.05,237.47,231.95,235.63,345.54,345.54,345.54,345.54,345.54,345.54,345.54,345.54,345.54,345.54,345.54,345.54,345.54,345.54,345.54,345.54,345.54,345.54,345.54,345.54,345.54,345.54,345.54,345.54,345.54,345.54
115.6,120.92,141.18,158.61,218.77,179.65,260.91,238.22,201.56,281.03,272.98,263.86,252.88,221.94,212.48,221.39,297.77,294.64,291.56,288.31,284.96,281.57,277.96,274.31,270.45,266.45,262.31,257.82,253.25,248.24,243.03,237.41,231.82,235.33,345.54,345.54,345.54,345.54,345.54,345.54,345.54,345.54,345.54,345.54,345.54,345.54,345.54,345.54,345.54,345.54,345.54,345.54,345.54,345.54,345.54,345.54,345.54,345.54,345.54,345.54
115.02,120.75,140.98,158.19,218.5,179.29,260.96,238.26,201.35,281.16,273.11,263.98,253.02,239.46,212.3,220.52,297.86,294.73,291.65,288.39,285.04,281.65,278.04,274.39,270.53,266.52,262.37,257.87,253.29,248.25,243.01,237.34,231.69,235.02,345.54,345.54,345.54,345.54,345.54,345.54,345.54,345.54,345.54,345.54,345.54,345.54,345.54,345.54,345.54,345.54,345.54,345.54,345.54,345.54,345.54,345.54,345.54,345.54,345.54,345.54
114.41,120.61,140.81,157.77,218.18,178.92,261,238.29,201.14,281.28,273.23,264.1,253.17,239.56,212.12,219.74,297.94,294.81,291.73,288.48,285.13,281.73,278.13,274.47,270.6,266.59,262.43,257.92,253.32,248.26,242.99,237.28,231.56,234.71,345.54,345.54,345.54,345.54,345.54,345.54,345.54,345.54,345.54,345.54,345.54,345.54,345.54,345.54,345.54,345.54,345.54,345.54,345.54,345.54,345.54,345.54,345.54,345.54,345.54,345.54
113.78,120.48,140.68,157.35,217.84,178.55,206.26,238.29,200.93,281.41,273.36,264.23,253.31,239.66,211.95,219.02,298.01,294.89,291.81,288.56,285.21,281.81,278.2,274.54,270.67,266.65,262.49,257.97,253.35,248.27,242.97,237.22,231.44,234.41,345.54,345.54,345.54,345.54,345.54,345.54,345.54,345.54,345.54,345.54,345.54,345.54,345.54,345.54,345.54,345.54,345.54,345.54,345.54,345.54,345.54,345.54,345.54,345.54,345.54,345.54
113.13,120.37,140.59,156.92,217.51,178.16,203.91,238.29,200.71,213.75,273.49,264.36,253.46,239.77,211.77,218.35,298.09,294.97,291.89,288.64,285.29,281.89,278.28,274.62,270.75,266.72,262.54,258.02,253.39,248.29,242.96,237.16,231.31,234.11,345.54,345.54,345.54,345.54,345.54,345.54,345.54,345.54,345.54,345.54,345.54,345.54,345.54,345.54,345.54,345.54,345.54,345.54,345.54,345.54,345.54,345.54,345.54,345.54,345.54,345.54
112.48,120.29,140.54,156.47,217.18,177.76,202.21,238.28,200.48,211.65,273.62,264.5,253.6,239.88,211.59,217.72,298.17,295.05,291.97,288.72,285.37,281.97,278.36,274.69,270.82,266.78,262.6,258.06,253.42,248.3,242.94,237.1,231.19,233.81,345.54,345.54,345.54,345.54,345.54,345.54,345.54,345.54,345.54,345.54,345.54,345.54,345.54,345.54,345.54,345.54,345.54,345.54,345.54,345.54,345.54,345.54,345.54,345.54,345.54,345.54
111.85,120.21,140.52,156,216.87,177.35,200.79,238.25,200.23,210.21,273.76,264.64,253.72,239.99,211.41,217.13,298.24,295.12,292.05,288.8,285.45,282.05,278.44,274.77,270.89,266.85,262.66,258.11,253.45,248.31,242.93,237.04,231.07,233.51,345.54,345.54,345.54,345.54,345.54,345.54,345.54,345.54,345.54,345.54,345.54,345.54,345.54,345.54,345.54,345.54,345.54,345.54,345.54,345.54,345.54,345.54,345.54,345.54,345.54,345.54
111.23,120.15,140.52,155.52,216.56,176.92,199.53,238.2,199.98,209.03,273.89,264.78,253.83,240.1,211.23,216.56,298.32,295.2,292.13,288.88,285.52,282.13,278.51,274.84,270.95,266.91,262.71,258.16,253.49,248.32,242.91,236.98,230.94,233.21,345.54,345.54,345.54,345.54,345.54,345.54,345.54,345.54,345.54,345.54,345.54,345.54,345.54,345.54,345.54,345.54,345.54,345.54,345.54,345.54,345.54,345.54,345.54,345.54,345.54,345.54
110.61,120.11,140.53,155.02,216.25,176.5,198.39,238.14,199.73,208.05,274.02,264.92,253.94,240.22,211.06,216.02,298.39,295.27,292.2,288.95,285.6,282.2,278.58,274.91,271.02,266.97,262.77,258.2,253.52,248.34,242.9,236.92,230.82,232.92,345.54,345.54,345.54,345.54,345.54,345.54,345.54,345.54,345.54,345.54,345.54,345.54,345.54,345.54,345.54,345.54,345.54,345.54,345.54,345.54,345.54,345.54,345.54,345.54,345.54,345.54
110,120.12,140.56,154.51,215.92,176.08,197.36,238.07,199.47,207.21,274.15,265.04,254.04,240.33,210.87,215.49,298.46,295.35,292.28,289.03,285.67,282.28,278.66,274.98,271.09,267.04,262.83,258.25,253.55,248.35,242.88,236.87,230.7,232.62,345.54,345.54,345.54,345.54,345.54,345.54,345.54,345.54,345.54,345.54,345.54,345.54,345.54,345.54,345.54,345.54,345.54,345.54,345.54,345.54,345.54,345.54,345.54,345.54,345.54,345.54
1232.8,1016,865.4,848.01,679.1,662.17,507.59,503,480.55,338.93,334.4,329.73,330.07,321.16,171.33,169.84,168.37,167.01,165.53,164.14,162.76,161.34,159.98,158.58,157.2,155.81,154.38,152.97,151.47,149.98,148.37,146.67,144.75,138.07,0,0,0,0,0,0,0,0,0,0,0,0,0,0,0,0,0,0,0,0,0,0,0,0,0,0
1220,1005.5,856.94,840.89,672.98,657.16,503.05,499.01,478.6,335.86,331.5,326.99,327.67,319.01,169.7,168.27,166.84,165.54,164.11,162.77,161.44,160.06,158.75,157.39,156.06,154.71,153.32,151.95,150.5,149.05,147.49,145.84,143.97,137.5,0,0,0,0,0,0,0,0,0,0,0,0,0,0,0,0,0,0,0,0,0,0,0,0,0,0
1207.6,995.21,848.71,833.91,667,652.22,498.62,495.1,475.96,332.87,328.66,324.32,319.83,316.9,302.28,166.74,165.36,164.11,162.72,161.43,160.14,158.81,157.54,156.22,154.94,153.63,152.28,150.96,149.55,148.14,146.63,145.02,143.21,136.94,0,0,0,0,0,0,0,0,0,0,0,0,0,0,0,0,0,0,0,0,0,0,0,0,0,0
1195.5,985.23,840.69,827.07,661.16,647.35,494.29,491.28,473.12,329.94,325.89,321.7,317.39,314.82,301.77,165.24,163.91,162.71,161.36,160.12,158.87,157.58,156.36,155.08,153.84,152.57,151.26,149.98,148.61,147.25,145.78,144.22,142.45,136.38,0,0,0,0,0,0,0,0,0,0,0,0,0,0,0,0,0,0,0,0,0,0,0,0,0,0
1183.7,975.53,832.87,820.38,655.45,642.56,490.05,487.54,470.22,327.08,323.18,319.15,314.99,312.77,300.61,163.78,162.5,161.34,160.04,158.83,157.63,156.38,155.2,153.97,152.76,151.53,150.26,149.02,147.69,146.37,144.94,143.43,141.71,135.83,0,0,0,0,0,0,0,0,0,0,0,0,0,0,0,0,0,0,0,0,0,0,0,0,0,0
1172.2,966.08,825.25,813.82,649.86,637.85,485.9,483.88,467.28,324.28,320.53,316.64,312.64,310.76,299.28,162.36,161.12,160,158.74,157.58,156.42,155.21,154.07,152.87,151.7,150.51,149.28,148.08,146.79,145.5,144.12,142.65,140.98,135.29,0,0,0,0,0,0,0,0,0,0,0,0,0,0,0,0,0,0,0,0,0,0,0,0,0,0
1160.9,956.87,817.81,807.41,644.4,633.22,481.85,480.31,464.33,321.54,317.93,314.19,310.34,308.79,297.87,160.96,159.77,158.69,157.47,156.35,155.23,154.06,152.96,151.8,150.66,149.51,148.32,147.16,145.9,144.66,143.31,141.88,140.26,134.75,0,0,0,0,0,0,0,0,0,0,0,0,0,0,0,0,0,0,0,0,0,0,0,0,0,0
1150,947.89,810.54,801.12,639.05,628.67,477.88,476.8,461.4,318.87,315.4,311.79,308.09,306.84,296.41,159.61,158.45,157.41,156.24,155.15,154.07,152.93,151.87,150.74,149.65,148.53,147.38,146.25,145.03,143.82,142.51,141.13,139.55,134.22,0,0,0,0,0,0,0,0,0,0,0,0,0,0,0,0,0,0,0,0,0,0,0,0,0,0
1139.3,1073.8,803.44,794.96,633.82,624.21,473.99,473.37,458.49,316.26,312.92,309.45,305.87,304.93,294.92,158.28,157.16,156.16,155.02,153.98,152.93,151.83,150.8,149.71,148.65,147.57,146.45,145.36,144.18,143,141.73,140.39,138.85,133.7,0,0,0,0,0,0,0,0,0,0,0,0,0,0,0,0,0,0,0,0,0,0,0,0,0,0
1128.8,1066,796.5,788.92,628.7,619.83,470.19,470,455.62,313.71,310.49,307.16,303.7,303.05,293.42,156.98,155.9,154.94,153.84,152.83,151.81,150.75,149.76,148.7,147.67,146.62,145.54,144.48,143.33,142.2,140.96,139.66,138.16,133.19,0,0,0,0,0,0,0,0,0,0,0,0,0,0,0,0,0,0,0,0,0,0,0,0,0,0
1118.6,1058,789.72,782.99,623.7,615.53,466.47,466.69,452.78,311.22,308.11,304.91,301.57,301.2,291.91,155.71,154.67,153.74,152.68,151.7,150.72,149.69,148.73,147.71,146.71,145.7,144.64,143.62,142.51,141.4,140.2,138.94,137.49,132.68,0,0,0,0,0,0,0,0,0,0,0,0,0,0,0,0,0,0,0,0,0,0,0,0,0,0
1108.7,1049.9,783.1,777.16,618.82,611.3,462.83,463.44,449.97,308.8,305.79,302.71,299.48,299.38,290.4,154.47,153.47,152.57,151.54,150.6,149.65,148.66,147.73,146.73,145.77,144.79,143.77,142.77,141.69,140.62,139.46,138.23,136.82,132.18,0,0,0,0,0,0,0,0,0,0,0,0,0,0,0,0,0,0,0,0,0,0,0,0,0,0
1099,1042,908.58,771.45,614.06,607.14,459.28,460.25,447.2,306.43,303.53,300.55,297.43,297.6,288.91,153.26,152.29,151.43,150.43,149.52,148.6,147.64,146.74,145.78,144.85,143.9,142.9,141.94,140.89,139.86,138.73,137.53,136.16,131.69,0,0,0,0,0,0,0,0,0,0,0,0,0,0,0,0,0,0,0,0,0,0,0,0,0,0
1089.5,1034.1,902.84,765.84,609.4,603.06,455.82,457.12,444.47,304.09,301.32,298.44,295.42,295.84,287.42,152.08,151.14,150.31,149.34,148.46,147.58,146.64,145.77,144.84,143.94,143.02,142.06,141.13,140.11,139.1,138,136.85,135.51,131.2,0,0,0,0,0,0,0,0,0,0,0,0,0,0,0,0,0,0,0,0,0,0,0,0,0,0
1080.3,1026.3,896.93,760.34,604.85,599.05,452.45,454.04,441.78,301.84,299.15,296.37,293.45,294.11,285.94,150.92,150.01,149.21,148.27,147.42,146.57,145.66,144.82,143.92,143.05,142.16,141.22,140.32,139.33,138.36,137.29,136.17,134.88,130.72,0,0,0,0,0,0,0,0,0,0,0,0,0,0,0,0,0,0,0,0,0,0,0,0,0,0
1071.3,1018.7,890.99,754.94,600.4,595.11,449.17,451.02,439.13,299.63,297.03,294.33,291.51,292.41,284.48,149.78,148.91,148.14,147.23,146.41,145.58,144.71,143.89,143.02,142.18,141.31,140.41,139.53,138.57,137.63,136.59,135.51,134.25,130.24,0,0,0,0,0,0,0,0,0,0,0,0,0,0,0,0,0,0,0,0,0,0,0,0,0,0
1062.5,1011.2,885.08,749.66,596.04,591.24,445.97,440.85,436.51,297.46,294.94,292.33,289.61,290.74,283.03,148.67,147.83,147.09,146.2,145.41,144.62,143.76,142.98,142.13,141.32,140.48,139.6,138.76,137.82,136.91,135.91,134.85,133.63,129.77,0,0,0,0,0,0,0,0,0,0,0,0,0,0,0,0,0,0,0,0,0,0,0,0,0,0
1053.9,1003.8,879.23,744.49,591.76,587.44,442.83,437.85,433.93,295.32,292.9,290.37,287.75,289.09,281.6,147.59,146.77,146.06,145.2,144.44,143.67,142.84,142.09,141.26,140.47,139.66,138.81,137.99,137.09,136.2,135.23,134.2,133.02,129.31,0,0,0,0,0,0,0,0,0,0,0,0,0,0,0,0,0,0,0,0,0,0,0,0,0,0
1045.5,996.49,873.45,731.62,587.56,583.71,439.74,434.92,431.39,293.22,290.89,288.45,285.93,287.48,280.18,146.53,145.73,145.05,144.22,143.48,142.74,141.94,141.21,140.41,139.65,138.86,138.03,137.24,136.36,135.51,134.56,133.57,132.42,128.85,0,0,0,0,0,0,0,0,0,0,0,0,0,0,0,0,0,0,0,0,0,0,0,0,0,0
1037.3,989.36,867.74,726.6,583.44,580.04,436.7,432.05,428.88,291.16,288.92,286.56,284.15,285.89,278.78,145.49,144.72,144.06,143.26,142.54,141.82,141.05,140.34,139.57,138.83,138.07,137.27,136.5,135.65,134.82,133.9,132.94,131.83,128.4,0,0,0,0,0,0,0,0,0,0,0,0,0,0,0,0,0,0,0,0,0,0,0,0,0,0
1029.2,982.35,862.11,721.69,579.4,576.44,433.71,429.26,426.41,289.13,286.98,284.71,282.4,284.32,277.39,144.47,143.72,143.09,142.31,141.62,140.93,140.18,139.49,138.75,138.03,137.29,136.52,135.78,134.95,134.15,133.26,132.32,131.24,127.95,0,0,0,0,0,0,0,0,0,0,0,0,0,0,0,0,0,0,0,0,0,0,0,0,0,0
1021.2,975.47,856.56,716.87,575.41,572.92,430.76,426.56,423.98,287.15,285.08,282.9,280.68,282.78,276.02,143.47,142.75,142.14,141.38,140.72,140.05,139.32,138.66,137.94,137.24,136.53,135.78,135.06,134.26,133.48,132.62,131.72,130.67,127.51,0,0,0,0,0,0,0,0,0,0,0,0,0,0,0,0,0,0,0,0,0,0,0,0,0,0
1013.4,968.7,851.1,712.14,571.51,569.46,427.85,423.85,421.6,285.2,283.22,281.12,278.99,281.27,274.67,142.49,141.79,141.21,140.47,139.83,139.18,138.48,137.84,137.14,136.47,135.78,135.05,134.36,133.58,132.83,131.99,131.12,130.1,127.07,0,0,0,0,0,0,0,0,0,0,0,0,0,0,0,0,0,0,0,0,0,0,0,0,0,0
1005.8,962.05,845.72,707.48,567.69,566.06,424.99,421.19,419.26,283.29,281.4,279.38,277.33,279.77,273.34,141.53,140.86,140.29,139.58,138.96,138.33,137.65,137.04,136.36,135.71,135.04,134.33,133.67,132.91,132.18,131.37,130.53,129.54,126.64,0,0,0,0,0,0,0,0,0,0,0,0,0,0,0,0,0,0,0,0,0,0,0,0,0,0
998.28,955.5,840.41,702.9,563.95,562.72,422.18,418.56,416.97,281.43,279.61,277.67,275.69,278.31,272.02,140.59,139.94,139.4,138.71,138.1,137.5,136.84,136.24,135.59,134.96,134.31,133.63,132.98,132.25,131.55,130.76,129.94,128.99,126.22,0,0,0,0,0,0,0,0,0,0,0,0,0,0,0,0,0,0,0,0,0,0,0,0,0,0
990.95,949.06,835.18,698.38,560.29,559.43,419.46,415.98,414.71,279.62,277.87,276,274.08,276.86,270.72,139.67,139.04,138.51,137.85,137.27,136.68,136.04,135.47,134.83,134.23,133.6,132.94,132.31,131.6,130.92,130.16,129.37,128.44,125.8,0,0,0,0,0,0,0,0,0,0,0,0,0,0,0,0,0,0,0,0,0,0,0,0,0,0
983.8,942.73,830.03,693.88,556.7,556.19,416.79,413.43,412.48,277.85,276.15,274.35,272.5,275.44,269.43,138.76,138.15,137.65,137,136.44,135.88,135.26,134.7,134.09,133.5,132.9,132.25,131.65,130.96,130.31,129.57,128.8,127.9,125.38,0,0,0,0,0,0,0,0,0,0,0,0,0,0,0,0,0,0,0,0,0,0,0,0,0,0
976.86,936.5,824.97,689.51,553.19,553,414.19,410.93,410.28,276.11,274.47,272.73,270.93,274.04,268.17,137.88,137.29,136.8,136.17,135.63,135.09,134.49,133.95,133.36,132.79,132.2,131.58,131,130.33,129.7,128.98,128.24,127.37,124.97,0,0,0,0,0,0,0,0,0,0,0,0,0,0,0,0,0,0,0,0,0,0,0,0,0,0
970.09,930.37,819.98,685.22,549.76,549.87,411.64,408.47,408.11,274.39,272.81,271.13,269.39,272.67,266.92,137.01,136.43,135.97,135.36,134.84,134.31,133.73,133.21,132.64,132.09,131.52,130.92,130.36,129.71,129.1,128.41,127.69,126.85,124.57,0,0,0,0,0,0,0,0,0,0,0,0,0,0,0,0,0,0,0,0,0,0,0,0,0,0
963.47,924.35,815.08,681.02,546.38,546.75,409.14,406.06,405.97,272.71,271.18,269.56,267.88,271.31,265.68,136.15,135.6,135.15,134.56,134.06,133.55,132.98,132.49,131.93,131.4,130.85,130.27,129.73,129.1,128.51,127.84,127.15,126.34,124.17,0,0,0,0,0,0,0,0,0,0,0,0,0,0,0,0,0,0,0,0,0,0,0,0,0,0
956.99,918.44,810.26,676.91,543.08,543.72,406.69,403.7,403.86,271.05,269.58,268.01,266.39,269.97,264.46,135.31,134.78,134.35,133.77,133.29,132.8,132.25,131.77,131.23,130.72,130.19,129.63,129.11,128.5,127.93,127.28,126.62,125.83,123.77,0,0,0,0,0,0,0,0,0,0,0,0,0,0,0,0,0,0,0,0,0,0,0,0,0,0
950.61,912.64,805.52,672.88,539.83,540.74,404.28,401.41,401.77,269.41,268,266.49,264.92,268.66,263.26,134.49,133.97,133.56,133,132.53,132.06,131.53,131.07,130.55,130.06,129.54,129,128.5,127.91,127.36,126.73,126.09,125.32,123.38,0,0,0,0,0,0,0,0,0,0,0,0,0,0,0,0,0,0,0,0,0,0,0,0,0,0
944.32,906.91,800.86,668.91,536.59,537.82,401.91,399.17,399.72,267.81,266.45,264.99,263.48,267.36,262.08,133.68,133.18,132.78,132.24,131.79,131.34,130.82,130.38,129.87,129.4,128.91,128.38,127.89,127.32,126.79,126.19,125.57,124.83,122.99,0,0,0,0,0,0,0,0,0,0,0,0,0,0,0,0,0,0,0,0,0,0,0,0,0,0
938.05,901.31,796.28,665.06,533.41,534.95,399.56,396.96,397.7,266.22,264.93,263.52,262.08,260.51,260.91,132.89,132.4,132.02,131.5,131.06,130.62,130.13,129.7,129.21,128.75,128.28,127.76,127.3,126.75,126.24,125.65,125.05,124.34,122.61,0,0,0,0,0,0,0,0,0,0,0,0,0,0,0,0,0,0,0,0,0,0,0,0,0,0
931.94,895.8,791.76,661.28,530.28,532.13,397.24,394.8,395.73,264.67,263.43,262.07,260.7,259.18,259.75,132.11,131.64,131.27,130.77,130.35,129.92,129.44,129.03,128.56,128.12,127.66,127.16,126.71,126.18,125.69,125.12,124.55,123.86,122.23,0,0,0,0,0,0,0,0,0,0,0,0,0,0,0,0,0,0,0,0,0,0,0,0,0,0
925.91,890.38,787.34,657.61,527.21,529.36,394.95,392.65,393.79,263.16,261.96,260.66,259.36,257.87,258.61,131.34,130.89,130.54,130.05,129.64,129.23,128.77,128.37,127.92,127.49,127.05,126.57,126.14,125.62,125.15,124.6,124.05,123.38,121.86,0,0,0,0,0,0,0,0,0,0,0,0,0,0,0,0,0,0,0,0,0,0,0,0,0,0
919.97,885.07,782.94,653.91,524.2,526.62,392.69,390.53,391.87,261.67,260.52,259.27,258.03,256.58,257.49,130.59,130.15,129.82,129.34,128.95,128.56,128.11,127.73,127.28,126.87,126.44,125.98,125.57,125.07,124.61,124.09,123.55,122.91,121.49,0,0,0,0,0,0,0,0,0,0,0,0,0,0,0,0,0,0,0,0,0,0,0,0,0,0
914.14,879.82,778.6,650.25,521.25,523.92,390.47,388.44,389.99,260.22,259.11,257.91,256.73,255.31,256.38,129.85,129.42,129.11,128.64,128.27,127.89,127.45,127.09,126.66,126.27,125.85,125.41,125.01,124.53,124.09,123.58,123.07,122.45,121.13,0,0,0,0,0,0,0,0,0,0,0,0,0,0,0,0,0,0,0,0,0,0,0,0,0,0
908.44,874.63,774.32,646.64,518.37,521.25,388.3,386.36,388.13,258.78,257.73,256.58,255.43,259.98,255.29,129.12,128.71,128.41,127.96,127.6,127.23,126.81,126.46,126.05,125.67,125.27,124.84,124.46,123.99,123.57,123.08,122.58,121.99,120.77,0,0,0,0,0,0,0,0,0,0,0,0,0,0,0,0,0,0,0,0,0,0,0,0,0,0
902.91,869.51,770.11,643.07,515.54,518.62,386.18,384.32,386.3,257.37,256.36,255.26,254.16,258.81,254.21,128.41,128.01,127.72,127.28,126.94,126.58,126.18,125.84,125.44,125.08,124.69,124.28,123.91,123.46,123.06,122.58,122.11,121.54,120.41,0,0,0,0,0,0,0,0,0,0,0,0,0,0,0,0,0,0,0,0,0,0,0,0,0,0
897.53,864.47,765.96,639.55,512.78,516.03,384.1,382.3,384.49,255.98,255.01,253.97,252.89,257.66,253.14,127.71,127.32,127.04,126.62,126.29,125.95,125.56,125.23,124.85,124.5,124.13,123.72,123.37,122.94,122.55,122.1,121.64,121.09,120.06,0,0,0,0,0,0,0,0,0,0,0,0,0,0,0,0,0,0,0,0,0,0,0,0,0,0
892.32,859.5,761.88,636.1,510.06,513.48,382.07,380.32,382.7,254.61,253.69,252.68,251.64,256.53,252.09,127.02,126.64,126.38,125.97,125.65,125.32,124.94,124.63,124.26,123.92,123.57,123.18,122.84,122.42,122.05,121.61,121.18,120.65,119.71,0,0,0,0,0,0,0,0,0,0,0,0,0,0,0,0,0,0,0,0,0,0,0,0,0,0
887.13,854.63,757.86,632.73,507.37,510.96,380.08,378.39,380.93,253.26,252.38,251.42,250.41,249.3,251.05,126.34,125.98,125.72,125.33,125.02,124.71,124.34,124.04,123.68,123.36,123.02,122.64,122.32,121.92,121.56,121.14,120.72,120.21,119.36,0,0,0,0,0,0,0,0,0,0,0,0,0,0,0,0,0,0,0,0,0,0,0,0,0,0
881.98,849.85,753.91,629.43,504.71,508.49,378.12,376.51,379.19,251.92,251.08,250.16,249.19,248.15,250.03,125.67,125.32,125.08,124.69,124.4,124.1,123.74,123.46,123.11,122.8,122.47,122.11,121.81,121.42,121.08,120.67,120.27,119.78,119.02,0,0,0,0,0,0,0,0,0,0,0,0,0,0,0,0,0,0,0,0,0,0,0,0,0,0
876.89,845.14,750.03,626.2,502.09,506.07,376.19,374.66,377.49,250.61,249.81,248.92,247.99,247.01,249.02,125.01,124.68,124.45,124.07,123.79,123.5,123.16,122.89,122.55,122.25,121.94,121.59,121.3,120.92,120.6,120.21,119.83,119.36,118.68,0,0,0,0,0,0,0,0,0,0,0,0,0,0,0,0,0,0,0,0,0,0,0,0,0,0
871.86,840.5,746.21,623.04,499.49,503.69,374.27,372.85,375.81,249.32,248.55,247.7,246.82,245.88,248.02,124.37,124.04,123.82,123.46,123.19,122.91,122.58,122.32,122,121.71,121.41,121.08,120.8,120.44,120.12,119.75,119.39,118.94,118.35,0,0,0,0,0,0,0,0,0,0,0,0,0,0,0,0,0,0,0,0,0,0,0,0,0,0
866.89,835.92,742.44,619.95,496.92,501.36,372.38,371.06,374.15,248.06,247.32,246.49,245.68,244.77,247.03,123.73,123.42,123.21,122.86,122.6,122.33,122.01,121.76,121.45,121.18,120.89,120.57,120.3,119.95,119.66,119.3,118.95,118.52,118.02,0,0,0,0,0,0,0,0,0,0,0,0,0,0,0,0,0,0,0,0,0,0,0,0,0,0
862.02,831.41,738.72,616.89,494.39,499.06,370.5,369.28,372.52,246.83,246.1,245.31,244.56,243.68,246.06,238.25,122.8,122.6,122.26,122.01,121.76,121.45,121.22,120.92,120.66,120.38,120.07,119.82,119.48,119.2,118.86,118.53,118.11,117.69,0,0,0,0,0,0,0,0,0,0,0,0,0,0,0,0,0,0,0,0,0,0,0,0,0,0
857.22,826.97,735.04,613.87,491.91,496.78,368.64,367.53,370.91,245.61,244.92,244.15,243.45,242.6,245.1,237.74,122.19,122.01,121.68,121.44,121.2,120.9,120.67,120.39,120.14,119.87,119.58,119.33,119.01,118.74,118.42,118.1,117.71,117.37,0,0,0,0,0,0,0,0,0,0,0,0,0,0,0,0,0,0,0,0,0,0,0,0,0,0
852.51,822.58,731.39,610.88,489.47,494.53,366.82,365.79,369.32,244.42,243.76,243.03,242.37,241.53,244.15,237.12,121.6,121.42,121.1,120.87,120.64,120.36,120.14,119.87,119.63,119.37,119.09,118.86,118.55,118.3,117.98,117.68,117.31,117.05,0,0,0,0,0,0,0,0,0,0,0,0,0,0,0,0,0,0,0,0,0,0,0,0,0,0
847.88,818.26,727.8,607.9,487.08,492.3,365.05,364.08,367.75,243.24,242.62,241.93,241.29,247,243.21,236.45,121.01,120.84,120.54,120.32,120.1,119.82,119.62,119.35,119.12,118.88,118.61,118.39,118.09,117.85,117.55,117.27,116.91,116.73,0,0,0,0,0,0,0,0,0,0,0,0,0,0,0,0,0,0,0,0,0,0,0,0,0,0
843.35,813.99,724.25,604.96,484.74,490.09,363.3,362.38,366.2,242.07,241.5,240.84,240.22,239.47,242.29,235.76,120.43,120.28,119.98,119.77,119.56,119.29,119.1,118.84,118.63,118.39,118.13,117.93,117.64,117.42,117.13,116.86,116.52,116.42,0,0,0,0,0,0,0,0,0,0,0,0,0,0,0,0,0,0,0,0,0,0,0,0,0,0
838.92,809.78,720.75,602.06,482.45,487.91,361.59,360.72,364.67,240.92,240.39,239.76,239.16,238.46,241.37,235.06,119.86,119.72,119.43,119.23,119.03,118.77,118.59,118.34,118.14,117.91,117.66,117.47,117.2,116.98,116.71,116.46,116.14,116.11,0,0,0,0,0,0,0,0,0,0,0,0,0,0,0,0,0,0,0,0,0,0,0,0,0,0
834.61,805.63,717.3,599.19,480.21,485.77,473.89,359.08,363.15,239.78,239.28,238.7,238.11,237.46,240.47,234.34,119.3,119.16,118.89,118.69,118.5,118.26,118.08,117.85,117.65,117.44,117.2,117.02,116.76,116.56,116.3,116.06,115.76,115.8,0,0,0,0,0,0,0,0,0,0,0,0,0,0,0,0,0,0,0,0,0,0,0,0,0,0
830.38,801.54,713.91,596.36,477.99,483.67,472.44,357.47,361.66,352.15,238.19,237.64,237.07,236.48,239.58,233.62,118.75,118.62,118.35,118.17,117.99,117.75,117.59,117.36,117.18,116.98,116.75,116.58,116.33,116.14,115.89,115.67,115.38,115.5,0,0,0,0,0,0,0,0,0,0,0,0,0,0,0,0,0,0,0,0,0,0,0,0,0,0
826.2,797.5,710.56,593.59,475.78,481.61,470.86,355.88,360.2,351.23,237.11,236.59,236.06,235.5,238.7,232.9,118.2,118.08,117.82,117.65,117.48,117.25,117.1,116.88,116.7,116.51,116.3,116.14,115.9,115.72,115.49,115.28,115.01,115.2,0,0,0,0,0,0,0,0,0,0,0,0,0,0,0,0,0,0,0,0,0,0,0,0,0,0
822.04,793.5,707.25,590.88,473.59,479.59,469.22,354.32,358.76,350.17,236.04,235.54,235.06,234.54,237.83,232.18,117.67,117.56,117.3,117.14,116.98,116.76,116.61,116.41,116.24,116.06,115.85,115.7,115.48,115.31,115.09,114.89,114.64,114.9,0,0,0,0,0,0,0,0,0,0,0,0,0,0,0,0,0,0,0,0,0,0,0,0,0,0
817.91,789.54,703.97,588.22,471.41,477.6,467.56,352.79,357.34,349.06,234.98,234.51,234.08,233.58,236.98,231.46,117.14,117.03,116.79,116.64,116.48,116.27,116.13,115.94,115.78,115.61,115.41,115.27,115.06,114.9,114.7,114.51,114.27,114.61,0,0,0,0,0,0,0,0,0,0,0,0,0,0,0,0,0,0,0,0,0,0,0,0,0,0
813.82,785.63,700.73,585.61,469.26,475.63,465.89,351.28,355.94,347.92,233.93,233.5,233.12,232.64,236.13,230.74,116.62,116.52,116.29,116.14,115.99,115.79,115.66,115.48,115.33,115.17,114.98,114.85,114.65,114.5,114.31,114.14,113.91,114.32,0,0,0,0,0,0,0,0,0,0,0,0,0,0,0,0,0,0,0,0,0,0,0,0,0,0
809.79,781.76,697.51,583.05,467.14,473.68,464.22,349.8,354.55,346.77,232.91,232.51,232.17,231.7,235.29,230.03,116.1,116.01,115.79,115.65,115.51,115.32,115.2,115.02,114.88,114.73,114.55,114.43,114.24,114.11,113.92,113.77,113.56,114.03,0,0,0,0,0,0,0,0,0,0,0,0,0,0,0,0,0,0,0,0,0,0,0,0,0,0
