-10,-9.322,-8.6441,-7.9661,-7.2881,-6.6102,-5.9322,-5.2542,-4.5763,-3.8983,-3.2203,-2.5424,-1.8644,-1.1864,-0.50847,0.16949,0.84746,1.5254,2.2034,2.8814,3.5593,4.2373,4.9153,5.5932,6.2712,6.9492,7.6271,8.3051,8.9831,9.661,10.339,11.017,11.695,12.373,13.051,13.729,14.407,15.085,15.763,16.441,17.119,17.797,18.475,19.153,19.831,20.508,21.186,21.864,22.542,23.22,23.898,24.576,25.254,25.932,26.61,27.288,27.966,28.644,29.322,30
0,0.00042373,0.00084746,0.0012712,0.0016949,0.0021186,0.0025424,0.0029661,0.0033898,0.0038136,0.0042373,0.004661,0.0050847,0.0055085,0.0059322,0.0063559,0.0067797,0.0072034,0.0076271,0.0080508,0.0084746,0.0088983,0.009322,0.0097458,0.010169,0.010593,0.011017,0.011441,0.011864,0.012288,0.012712,0.013136,0.013559,0.013983,0.014407,0.014831,0.015254,0.015678,0.016102,0.016525,0.016949,0.017373,0.017797,0.01822,0.018644,0.019068,0.019492,0.019915,0.020339,0.020763,0.021186,0.02161,0.022034,0.022458,0.022881,0.023305,0.023729,0.024153,0.024576,0.025
600.01,599.85,599.16,598.31,597.93,597.25,596.97,596.24,595.83,595.39,594.91,594.37,593.97,593.31,592.91,592.26,591.9,591.13,590.87,590.38,589.78,589.35,588.83,588.35,587.98,587.5,587.11,586.55,586.11,585.6,585.22,584.71,584.16,583.71,583.38,583.01,582.5,582.08,581.67,581.13,580.75,580.35,579.98,579.4,579.05,578.7,578.25,577.86,577.39,577.03,576.6,576.23,575.83,575.4,575.01,574.65,574.22,573.85,573.41,573.07
600.13,599.49,599.16,598.46,597.91,597.62,596.97,596.24,595.95,595.4,594.91,594.37,593.87,593.24,592.8,592.41,591.88,591.33,590.81,590.43,589.84,589.35,588.77,588.4,587.98,587.46,587.03,586.55,585.95,585.5,585.17,584.73,584.27,583.73,583.38,583.01,582.5,582.07,581.67,581.22,580.75,580.27,579.94,579.56,579.14,578.63,578.23,577.86,577.43,577.03,576.6,576.19,575.83,575.42,575.02,574.65,574.26,573.85,573.52,573.06
600.13,599.85,599.16,598.46,597.87,597.58,596.97,596.32,595.95,595.39,594.84,594.28,593.86,593.28,592.91,592.31,591.8,591.13,590.69,590.29,589.84,589.35,588.85,588.35,588.04,587.5,586.99,586.55,585.95,585.6,585.17,584.73,584.19,583.71,583.38,583.01,582.59,581.98,581.67,581.13,580.75,580.28,579.91,579.46,579.09,578.58,578.25,577.82,577.49,577.03,576.6,576.26,575.83,575.41,575.05,574.65,574.27,573.88,573.41,573.09
600.01,599.85,599.16,598.41,597.93,597.25,596.97,596.38,595.95,595.17,594.78,594.28,593.8,593.28,592.91,592.26,591.76,591.33,590.79,590.32,589.84,589.38,588.77,588.47,588.02,587.58,587.11,586.55,586.01,585.69,585.1,584.71,584.24,583.75,583.38,582.9,582.42,582.08,581.57,581.15,580.79,580.27,579.87,579.56,579.14,578.63,578.23,577.85,577.43,576.98,576.6,576.17,575.83,575.4,575.05,574.6,574.26,573.84,573.47,573.07
600.13,599.44,599.16,598.31,597.9,597.25,596.97,596.24,595.83,595.17,594.95,594.37,593.7,593.24,592.8,592.17,591.8,591.33,590.79,590.32,589.82,589.35,588.77,588.35,587.98,587.5,587.11,586.55,585.95,585.68,585.17,584.73,584.16,583.73,583.38,583.01,582.49,582.08,581.67,581.18,580.74,580.27,579.95,579.4,579.01,578.7,578.23,577.78,577.43,577.03,576.6,576.24,575.83,575.4,575.05,574.65,574.22,573.81,573.47,573.1
600.22,599.44,599.07,598.46,597.87,597.56,596.97,596.35,595.95,595.17,594.91,594.37,593.79,593.24,592.91,592.42,591.77,591.33,590.79,590.31,589.8,589.38,588.83,588.46,587.95,587.5,586.97,586.55,586.11,585.68,585.12,584.71,584.33,583.71,583.38,582.92,582.48,581.98,581.63,581.17,580.79,580.35,579.89,579.5,579.14,578.7,578.25,577.85,577.44,577.01,576.62,576.26,575.83,575.42,575.05,574.65,574.22,573.85,573.48,573.04
600,599.39,599.16,598.31,597.9,597.56,596.97,596.38,595.83,595.17,594.78,594.37,593.79,593.24,592.8,592.42,591.87,591.28,590.7,590.25,589.84,589.38,588.77,588.31,588.04,587.5,587.11,586.46,586.11,585.69,585.17,584.63,584.19,583.84,583.38,582.87,582.43,582.07,581.57,581.17,580.75,580.31,579.87,579.47,579.14,578.63,578.25,577.78,577.43,577.01,576.6,576.16,575.83,575.42,575.05,574.61,574.22,573.85,573.47,573.04
600.02,599.85,599.16,598.46,597.91,597.25,596.97,596.42,595.95,595.4,594.91,594.37,593.97,593.28,592.8,592.26,591.8,591.27,590.81,590.29,589.89,589.35,588.85,588.35,588.04,587.5,587.11,586.55,585.95,585.69,585.22,584.63,584.27,583.81,583.38,583.01,582.49,581.98,581.63,581.15,580.77,580.35,579.87,579.44,579.14,578.66,578.25,577.85,577.39,577.03,576.62,576.23,575.83,575.42,575.02,574.65,574.23,573.87,573.46,573.07
600.02,599.57,599.16,598.31,597.87,597.58,596.88,596.42,595.83,595.39,594.96,594.28,593.79,593.41,592.8,592.26,591.8,591.27,590.79,590.2,589.78,589.35,588.77,588.39,588.04,587.5,586.99,586.55,586.03,585.68,585.12,584.73,584.33,583.73,583.32,583.01,582.5,582.07,581.67,581.22,580.76,580.28,579.87,579.56,579.04,578.7,578.25,577.86,577.43,577.03,576.6,576.24,575.83,575.42,575,574.61,574.24,573.81,573.52,573.04
600,599.39,599.16,598.46,597.98,597.56,596.88,596.38,595.83,595.17,594.84,594.15,593.79,593.31,592.8,592.26,591.8,591.37,590.81,590.31,589.84,589.39,588.85,588.46,588.04,587.5,587.06,586.55,586.03,585.5,585.12,584.63,584.24,583.71,583.38,583.01,582.59,582.07,581.67,581.13,580.76,580.31,579.94,579.47,579.14,578.65,578.25,577.8,577.39,577.03,576.6,576.26,575.83,575.42,575.05,574.58,574.25,573.84,573.48,573.08
599.98,599.39,599.16,598.46,597.76,597.56,597.03,596.24,595.83,595.39,594.95,594.37,593.97,593.24,592.8,592.17,591.8,591.33,590.79,590.33,589.82,589.32,588.85,588.38,587.95,587.5,587.11,586.55,586.01,585.6,585.1,584.63,584.27,583.73,583.38,583.01,582.48,582.04,581.67,581.17,580.76,580.31,579.98,579.44,579.01,578.65,578.25,577.78,577.39,576.99,576.6,576.19,575.83,575.4,574.98,574.58,574.26,573.81,573.47,573.08
600,599.39,599.07,598.55,597.87,597.58,596.97,596.24,595.95,595.17,594.79,594.28,593.71,593.24,592.8,592.31,591.78,591.33,590.88,590.29,589.82,589.35,588.86,588.35,587.98,587.5,587.03,586.52,586.11,585.58,585.07,584.63,584.16,583.84,583.32,583.01,582.45,581.98,581.58,581.13,580.75,580.28,579.95,579.56,579.14,578.7,578.25,577.76,577.43,577.01,576.6,576.19,575.83,575.42,575.01,574.65,574.2,573.85,573.48,573.07
600,599.39,599.16,598.31,597.87,597.56,597.03,596.32,595.95,595.39,594.78,594.28,593.8,593.28,592.91,592.17,591.87,591.27,590.81,590.2,589.84,589.3,588.85,588.38,588.02,587.58,587.02,586.55,585.95,585.56,585.17,584.74,584.27,583.83,583.38,583.01,582.42,581.98,581.67,581.17,580.75,580.27,579.98,579.56,579.09,578.66,578.3,577.91,577.46,576.98,576.6,576.17,575.83,575.42,575.01,574.65,574.22,573.85,573.48,573.07
600,599.85,599.16,598.46,597.98,597.25,597.03,596.38,595.95,595.17,594.91,594.3,593.81,593.28,592.91,592.38,591.88,591.13,590.79,590.31,589.78,589.3,588.93,588.35,587.98,587.5,586.94,586.55,586.01,585.55,585.22,584.63,584.27,583.71,583.4,582.91,582.48,581.98,581.63,581.15,580.76,580.31,579.87,579.56,579.01,578.66,578.25,577.85,577.39,576.98,576.62,576.17,575.83,575.42,575.02,574.61,574.26,573.84,573.47,573.04
600.02,599.85,599.16,598.46,597.93,597.62,596.88,596.24,595.83,595.17,594.78,594.16,593.81,593.31,592.91,592.41,591.8,591.13,590.87,590.38,589.84,589.35,588.77,588.35,588.02,587.58,587.03,586.63,586.11,585.62,585.22,584.63,584.24,583.83,583.38,583.01,582.47,582.07,581.74,581.13,580.74,580.27,579.91,579.46,579.08,578.65,578.25,577.78,577.43,576.98,576.62,576.16,575.83,575.4,575.05,574.58,574.25,573.86,573.48,573.07
600.02,599.85,599.07,598.53,597.87,597.56,596.97,596.42,595.83,595.17,594.78,594.28,593.71,593.3,592.83,592.43,591.8,591.33,590.79,590.31,589.78,589.38,588.77,588.35,588.04,587.5,586.99,586.55,585.95,585.62,585.1,584.74,584.33,583.84,583.34,583.01,582.47,581.98,581.67,581.17,580.75,580.28,579.94,579.56,579.14,578.66,578.25,577.78,577.39,576.99,576.62,576.24,575.83,575.42,575.02,574.58,574.24,573.88,573.52,573.06
600,599.85,599.16,598.41,597.76,597.56,596.88,596.24,595.83,595.47,594.78,594.37,593.79,593.41,592.8,592.26,591.87,591.37,590.87,590.33,589.84,589.35,588.93,588.35,587.98,587.5,587.11,586.55,585.95,585.58,585.17,584.75,584.16,583.71,583.38,582.79,582.36,581.98,581.67,581.17,580.76,580.26,579.98,579.56,579.04,578.65,578.25,577.8,577.43,577.02,576.6,576.23,575.81,575.42,575.01,574.58,574.22,573.85,573.48,573.1
600.05,599.44,599.16,598.46,597.87,597.58,596.97,596.24,595.83,595.17,594.79,594.27,593.97,593.41,592.75,592.31,591.87,591.33,590.81,590.2,589.78,589.35,588.77,588.35,587.96,587.5,587.11,586.63,586.11,585.61,585.22,584.74,584.24,583.75,583.34,582.79,582.49,582.1,581.63,581.17,580.75,580.26,579.95,579.56,579.09,578.66,578.23,577.78,577.43,577.03,576.62,576.19,575.78,575.42,575.01,574.65,574.24,573.88,573.4,573.09
600.02,599.85,599.16,598.43,597.87,597.56,596.88,596.32,595.83,595.17,594.78,594.28,593.86,593.24,592.91,592.26,591.8,591.13,590.79,590.32,589.97,589.35,588.93,588.47,587.98,587.5,587.11,586.63,585.95,585.68,585.2,584.74,584.33,583.84,583.43,583.01,582.47,582.07,581.63,581.17,580.83,580.28,579.91,579.56,579.09,578.66,578.25,577.86,577.43,576.99,576.6,576.19,575.83,575.41,575.02,574.65,574.25,573.85,573.41,573.07
600.13,599.51,599.16,598.56,597.87,597.58,596.88,596.38,595.83,595.17,594.79,594.37,593.8,593.24,592.8,592.38,591.8,591.13,590.69,590.32,589.82,589.35,588.86,588.35,587.95,587.5,586.97,586.55,586.11,585.6,585.07,584.73,584.24,583.83,583.3,582.79,582.59,582.06,581.67,581.22,580.75,580.28,579.87,579.46,579.04,578.65,578.25,577.76,577.44,577.03,576.58,576.19,575.83,575.42,575.05,574.65,574.22,573.85,573.48,573.1
600,599.39,599.07,598.53,597.87,597.46,596.97,596.24,595.95,595.39,594.79,594.27,593.79,593.31,592.8,592.43,591.79,591.13,590.79,590.2,589.97,589.35,588.86,588.47,588.04,587.5,587.11,586.63,586.03,585.68,585.07,584.63,584.19,583.75,583.32,583.01,582.5,582.08,581.67,581.13,580.75,580.26,579.95,579.56,579.09,578.7,578.25,577.86,577.46,577.01,576.6,576.17,575.83,575.4,575.05,574.65,574.22,573.87,573.48,573.07
600.02,599.51,599.16,598.41,597.87,597.56,596.97,596.38,595.95,595.33,594.91,594.28,593.86,593.24,592.75,592.26,591.88,591.13,590.81,590.2,589.78,589.38,588.93,588.44,588.02,587.5,586.99,586.55,586.11,585.62,585.17,584.73,584.16,583.75,583.38,582.79,582.43,582.07,581.74,581.17,580.79,580.27,579.89,579.56,579.14,578.65,578.25,577.8,577.43,577.03,576.6,576.19,575.83,575.42,575.02,574.61,574.24,573.81,573.41,573.06
600.01,599.85,599.16,598.31,597.9,597.58,596.97,596.38,595.95,595.17,594.79,594.37,593.71,593.41,592.91,592.38,591.9,591.33,590.87,590.32,589.84,589.3,588.85,588.35,587.98,587.5,587.2,586.55,586.01,585.6,585.22,584.74,584.24,583.81,583.38,583.01,582.48,582.05,581.63,581.15,580.72,580.28,579.98,579.56,579.14,578.7,578.25,577.85,577.43,577.01,576.62,576.26,575.83,575.42,575.05,574.65,574.24,573.85,573.48,573.06
600.22,599.57,599.16,598.56,597.93,597.56,596.97,596.38,595.95,595.4,594.93,594.27,593.79,593.24,592.8,592.26,591.8,591.33,590.69,590.38,589.82,589.35,588.93,588.4,587.91,587.5,587.11,586.63,585.95,585.61,585.12,584.63,584.33,583.81,583.38,583.01,582.36,581.98,581.58,581.13,580.74,580.35,579.91,579.56,579.01,578.58,578.25,577.85,577.43,577.01,576.6,576.26,575.79,575.42,575.05,574.65,574.26,573.86,573.48,573.1
600.02,599.44,599.16,598.46,597.92,597.24,596.97,596.38,595.95,595.17,594.79,594.46,593.79,593.28,592.91,592.26,591.8,591.33,590.79,590.38,589.78,589.35,588.86,588.35,588.02,587.5,586.99,586.55,585.95,585.62,585.17,584.74,584.24,583.81,583.38,583.01,582.43,582.01,581.67,581.13,580.77,580.39,579.98,579.4,579.14,578.65,578.23,577.78,577.39,577.01,576.62,576.17,575.83,575.42,575.05,574.65,574.22,573.85,573.48,573.06
600.02,599.49,599.13,598.31,597.88,597.49,596.89,596.42,595.95,595.4,594.93,594.15,593.71,593.24,592.91,592.42,591.77,591.27,590.79,590.2,589.89,589.35,588.77,588.35,588.04,587.5,587.06,586.52,585.95,585.6,585.12,584.63,584.24,583.71,583.35,582.79,582.48,582.08,581.63,581.13,580.74,580.35,579.98,579.56,579.08,578.7,578.3,577.76,577.43,577,576.6,576.17,575.83,575.42,575.05,574.61,574.25,573.89,573.41,573.07
600,599.85,599.07,598.49,597.9,597.58,596.89,596.38,595.95,595.39,594.96,594.28,593.97,593.3,592.8,592.42,591.8,591.33,590.87,590.29,589.78,589.35,588.77,588.35,587.95,587.5,587.11,586.55,586.01,585.6,585.17,584.73,584.16,583.81,583.38,582.79,582.59,581.98,581.67,581.15,580.76,580.28,579.89,579.56,579.14,578.63,578.25,577.82,577.43,576.98,576.62,576.23,575.81,575.42,574.98,574.61,574.22,573.84,573.47,573.07
600.02,599.85,599.16,598.41,597.87,597.56,596.89,596.24,595.95,595.39,594.95,594.27,593.87,593.31,592.8,592.38,591.8,591.37,590.81,590.29,589.84,589.35,588.93,588.47,587.98,587.46,587.11,586.52,586.01,585.62,585.22,584.63,584.27,583.71,583.38,583.01,582.43,582.05,581.63,581.13,580.75,580.35,579.95,579.51,579.01,578.66,578.25,577.76,577.39,577.01,576.6,576.19,575.83,575.42,575.05,574.65,574.24,573.85,573.48,573.07
600.01,599.85,599.16,598.41,597.87,597.62,596.97,596.24,595.83,595.39,594.79,594.28,593.71,593.24,592.8,592.26,591.8,591.33,590.69,590.29,589.84,589.38,588.83,588.35,588.04,587.46,587.11,586.55,585.96,585.6,585.1,584.61,584.24,583.81,583.38,582.79,582.59,582.05,581.67,581.17,580.75,580.28,579.98,579.56,579.01,578.58,578.3,577.76,577.43,577,576.6,576.23,575.83,575.4,575.05,574.61,574.23,573.88,573.41,573.07
600.02,599.51,599.16,598.46,597.87,597.56,597,596.38,595.83,595.17,594.91,594.28,593.77,593.24,592.8,592.26,591.8,591.33,590.69,590.2,589.89,589.39,588.93,588.35,587.92,587.5,587.03,586.55,585.95,585.56,585.12,584.61,584.33,583.83,583.25,583.01,582.47,582.09,581.67,581.17,580.72,580.27,579.98,579.56,579.14,578.66,578.25,577.8,577.39,577.01,576.6,576.26,575.83,575.42,575.01,574.65,574.22,573.85,573.46,573.04
600,599.49,599.16,598.31,597.92,597.56,596.97,596.38,595.95,595.39,594.84,594.28,593.87,593.24,592.8,592.17,591.8,591.27,590.81,590.33,589.82,589.38,588.93,588.36,587.95,587.5,587.11,586.46,586.01,585.6,585.22,584.63,584.24,583.77,583.38,583.01,582.43,582.08,581.63,581.13,580.76,580.31,579.98,579.51,579.14,578.66,578.25,577.8,577.39,577.03,576.6,576.19,575.83,575.41,575.02,574.58,574.25,573.8,573.48,573.07
600,599.85,599.16,598.55,597.88,597.25,596.97,596.32,595.83,595.47,594.93,594.46,593.71,593.28,592.8,592.42,591.8,591.13,590.81,590.29,589.84,589.35,588.92,588.35,588.04,587.5,587.11,586.63,586.18,585.6,585.1,584.63,584.24,583.83,583.34,582.92,582.48,582.08,581.57,581.15,580.75,580.26,579.87,579.47,579.01,578.67,578.23,577.84,577.43,577.01,576.6,576.16,575.83,575.42,575.02,574.65,574.24,573.84,573.48,573.07
600,599.51,599.13,598.46,597.92,597.58,596.97,596.38,595.95,595.17,594.84,594.27,593.97,593.27,592.8,592.42,591.8,591.37,590.69,590.25,589.78,589.38,588.77,588.35,588.02,587.5,587.11,586.63,585.95,585.6,585.15,584.73,584.27,583.84,583.32,583.01,582.59,582.05,581.67,581.13,580.76,580.35,579.87,579.4,579.01,578.63,578.25,577.86,577.43,577.03,576.6,576.19,575.83,575.42,575.02,574.65,574.2,573.84,573.52,573.1
600.02,599.85,599.16,598.41,597.88,597.18,596.88,596.38,595.95,595.39,594.79,594.37,593.79,593.41,592.8,592.42,591.78,591.13,590.79,590.32,589.79,589.35,588.85,588.47,587.98,587.5,587.11,586.55,586.01,585.69,585.22,584.71,584.24,583.9,583.38,583.01,582.49,581.97,581.67,581.17,580.83,580.27,579.87,579.56,579.14,578.66,578.25,577.76,577.43,576.98,576.58,576.17,575.83,575.4,575.02,574.61,574.24,573.87,573.47,573.04
600.19,599.51,599.16,598.53,597.98,597.25,596.97,596.42,595.83,595.44,594.91,594.27,593.79,593.3,592.91,592.17,591.8,591.13,590.87,590.32,589.78,589.35,588.92,588.47,587.98,587.58,587.06,586.55,585.95,585.5,585.15,584.74,584.24,583.71,583.32,583.01,582.49,581.98,581.67,581.17,580.76,580.26,579.87,579.56,579.14,578.65,578.25,577.76,577.39,577.03,576.62,576.19,575.83,575.42,575.05,574.61,574.25,573.88,573.41,573.07
600.05,599.85,599.16,598.46,597.76,597.56,596.88,596.38,595.95,595.39,594.78,594.16,593.77,593.28,592.91,592.26,591.8,591.33,590.81,590.29,589.82,589.35,588.77,588.36,588.04,587.46,587.11,586.55,586.01,585.6,585.12,584.71,584.27,583.84,583.38,582.92,582.47,581.98,581.67,581.17,580.77,580.31,579.87,579.56,579.09,578.7,578.23,577.84,577.43,576.99,576.6,576.19,575.83,575.42,575.05,574.65,574.23,573.84,573.47,573.07
600.05,599.85,599.07,598.46,597.87,597.56,596.88,596.24,595.95,595.39,594.79,594.27,593.87,593.28,592.91,592.31,591.7,591.33,590.7,590.29,589.84,589.39,588.83,588.35,587.95,587.58,587.11,586.55,586.11,585.5,585.17,584.63,584.24,583.84,583.32,583.01,582.36,582.07,581.63,581.17,580.75,580.31,579.89,579.56,579.01,578.66,578.23,577.82,577.43,577.03,576.6,576.24,575.81,575.42,575.02,574.65,574.2,573.84,573.48,573.08
600,599.85,599.07,598.46,597.9,597.25,596.88,596.38,595.95,595.39,594.78,594.28,593.97,593.41,592.91,592.41,591.8,591.13,590.79,590.32,589.82,589.39,588.77,588.35,588.02,587.5,587.11,586.55,585.95,585.6,585.22,584.71,584.27,583.83,583.38,583.01,582.49,582.07,581.72,581.17,580.76,580.28,579.91,579.56,579.09,578.66,578.25,577.76,577.43,577.03,576.6,576.26,575.81,575.42,575.02,574.65,574.22,573.86,573.41,573.06
600.13,599.85,599.16,598.41,597.93,597.24,596.84,596.32,595.83,595.17,594.78,594.27,593.97,593.24,592.91,592.43,591.87,591.13,590.87,590.33,589.82,589.38,588.86,588.35,588.04,587.5,587.11,586.55,585.95,585.6,585.1,584.63,584.24,583.84,583.25,582.91,582.49,582.07,581.72,581.17,580.76,580.28,579.95,579.46,579.04,578.63,578.23,577.86,577.43,577.03,576.6,576.23,575.83,575.4,575.05,574.58,574.24,573.89,573.52,573.07
600.02,599.49,599.16,598.46,597.87,597.56,596.97,596.38,595.83,595.17,594.78,594.27,593.79,593.24,592.91,592.26,591.77,591.37,590.87,590.2,589.82,589.38,588.93,588.44,587.98,587.58,586.97,586.52,586.11,585.69,585.12,584.63,584.27,583.9,583.38,583.01,582.5,582.1,581.74,581.15,580.75,580.28,579.98,579.44,579.09,578.7,578.23,577.76,577.43,577.01,576.6,576.19,575.83,575.42,575.01,574.65,574.24,573.85,573.41,573.07
600.01,599.85,599.07,598.46,597.92,597.25,596.97,596.42,595.95,595.4,594.91,594.15,593.77,593.28,592.8,592.17,591.78,591.13,590.69,590.29,589.78,589.3,588.77,588.35,588.04,587.58,587.11,586.55,586.11,585.6,585.17,584.71,584.27,583.71,583.25,582.79,582.47,582.05,581.67,581.17,580.75,580.26,579.94,579.56,579.14,578.66,578.25,577.85,577.43,577.02,576.6,576.23,575.79,575.42,575.01,574.65,574.25,573.85,573.48,573.07
600.01,599.57,598.98,598.41,597.87,597.25,596.97,596.24,595.83,595.4,594.95,594.28,593.8,593.28,592.91,592.26,591.8,591.37,590.79,590.29,589.82,589.35,588.85,588.35,588.04,587.58,587.03,586.46,585.95,585.69,585.1,584.71,584.33,583.73,583.38,582.92,582.49,582.07,581.67,581.13,580.75,580.31,579.94,579.56,579.01,578.65,578.25,577.78,577.39,577.03,576.62,576.19,575.83,575.42,575.05,574.61,574.24,573.86,573.47,573.06
600.01,599.85,599.16,598.46,597.92,597.56,596.89,596.24,595.95,595.17,594.84,594.37,593.79,593.24,592.8,592.43,591.77,591.13,590.81,590.22,589.84,589.35,588.86,588.35,588.02,587.58,587.06,586.46,586.01,585.61,585.1,584.74,584.19,583.71,583.38,582.87,582.49,582.07,581.67,581.13,580.76,580.28,579.87,579.51,579.01,578.65,578.23,577.85,577.44,576.98,576.6,576.17,575.81,575.42,575,574.61,574.23,573.8,573.48,573.1
600.02,599.85,598.98,598.46,597.87,597.62,596.97,596.32,595.83,595.39,594.91,594.3,593.77,593.28,592.75,592.26,591.8,591.37,590.87,590.29,589.78,589.35,588.83,588.38,588.04,587.5,587.11,586.55,586.08,585.58,585.12,584.61,584.16,583.71,583.32,583.01,582.5,582.04,581.67,581.13,580.72,580.28,579.94,579.51,579.05,578.65,578.25,577.82,577.43,577.01,576.6,576.19,575.83,575.42,575.05,574.65,574.22,573.85,573.48,573.07
600.05,599.39,599.16,598.46,597.87,597.56,596.97,596.24,595.95,595.39,594.91,594.28,593.79,593.24,592.8,592.37,591.8,591.28,590.69,590.32,589.84,589.35,588.93,588.39,587.98,587.5,586.99,586.58,586.01,585.61,585.17,584.63,584.24,583.71,583.38,583.01,582.43,582.07,581.67,581.15,580.75,580.27,579.98,579.56,579.01,578.65,578.25,577.76,577.39,577.03,576.6,576.19,575.83,575.42,575.02,574.65,574.2,573.84,573.52,573.07
600.02,599.85,599.07,598.53,597.87,597.25,596.97,596.32,595.83,595.39,594.78,594.37,593.87,593.41,592.91,592.17,591.9,591.27,590.81,590.29,589.78,589.35,588.93,588.46,587.98,587.5,587.11,586.63,586.01,585.62,585.1,584.73,584.19,583.77,583.38,583.01,582.47,582.08,581.74,581.19,580.79,580.26,579.98,579.56,579.09,578.7,578.25,577.82,577.39,577.03,576.6,576.26,575.81,575.41,575.03,574.65,574.25,573.86,573.48,573.04
600.02,599.51,599.16,598.56,597.87,597.56,596.88,596.38,595.95,595.39,594.91,594.27,593.77,593.24,592.8,592.38,591.9,591.13,590.87,590.32,589.78,589.35,588.93,588.36,587.96,587.5,586.97,586.63,585.95,585.58,585.15,584.73,584.27,583.71,583.38,583.01,582.59,582.07,581.67,581.19,580.76,580.31,579.98,579.47,579.14,578.66,578.25,577.8,577.49,576.98,576.58,576.19,575.81,575.4,575.05,574.65,574.24,573.85,573.48,573.1
600.01,599.49,599.16,598.46,597.87,597.25,596.89,596.38,595.83,595.47,594.78,594.27,593.8,593.24,592.8,592.41,591.77,591.13,590.81,590.32,589.8,589.38,588.85,588.35,588.02,587.5,587.11,586.58,586.01,585.69,585.17,584.74,584.19,583.81,583.34,582.79,582.37,582.09,581.57,581.22,580.75,580.28,579.95,579.47,579.14,578.7,578.25,577.84,577.43,577.03,576.62,576.24,575.79,575.42,575.05,574.65,574.24,573.85,573.41,573.04
600.01,599.85,599.16,598.46,597.87,597.56,596.97,596.38,595.95,595.4,594.79,594.15,593.97,593.41,592.8,592.26,591.8,591.27,590.87,590.29,589.89,589.3,588.86,588.35,587.98,587.5,586.97,586.55,586.08,585.67,585.2,584.63,584.33,583.71,583.35,582.91,582.59,581.98,581.63,581.13,580.76,580.31,579.98,579.51,579.14,578.65,578.25,577.85,577.43,577.03,576.6,576.16,575.83,575.42,575.03,574.65,574.23,573.86,573.48,573.07
600.13,599.85,599.07,598.53,597.87,597.56,597.03,596.42,595.95,595.17,594.93,594.37,593.71,593.41,592.91,592.26,591.9,591.33,590.69,590.33,589.89,589.35,588.86,588.35,588.02,587.5,587.03,586.55,585.95,585.59,585.1,584.61,584.16,583.73,583.35,582.87,582.49,581.98,581.72,581.13,580.77,580.28,579.98,579.56,579.14,578.58,578.25,577.84,577.43,577.03,576.62,576.24,575.83,575.42,575.05,574.65,574.23,573.85,573.46,573.04
600.12,599.85,599.16,598.46,597.87,597.24,597.03,596.42,595.95,595.39,594.79,594.27,593.71,593.24,592.83,592.43,591.8,591.28,590.81,590.29,589.78,589.38,588.77,588.35,587.96,587.5,587.11,586.55,586.11,585.6,585.17,584.74,584.27,583.73,583.34,582.92,582.49,582.01,581.67,581.15,580.72,580.28,579.87,579.47,579.05,578.65,578.25,577.85,577.43,577.03,576.62,576.17,575.83,575.4,575.05,574.61,574.24,573.84,573.46,573.08
600.01,599.49,599.16,598.46,597.98,597.25,596.97,596.32,595.83,595.17,594.84,594.28,593.8,593.24,592.8,592.37,591.8,591.27,590.79,590.33,589.84,589.35,588.83,588.35,588.04,587.5,586.97,586.55,585.95,585.6,585.22,584.65,584.33,583.71,583.34,583.01,582.49,582.05,581.63,581.17,580.74,580.28,579.98,579.46,579.14,578.68,578.25,577.82,577.39,576.98,576.62,576.19,575.83,575.42,575.01,574.61,574.24,573.86,573.48,573.07
600.02,599.85,599.16,598.46,597.87,597.46,596.88,596.38,595.83,595.39,594.96,594.27,593.79,593.28,592.91,592.17,591.8,591.37,590.81,590.22,589.84,589.35,588.86,588.35,588.04,587.5,587.03,586.55,586.08,585.6,585.22,584.71,584.33,583.84,583.38,583.01,582.48,582.08,581.57,581.17,580.76,580.28,579.87,579.46,579.14,578.65,578.25,577.86,577.44,576.98,576.62,576.17,575.83,575.41,575.03,574.6,574.23,573.87,573.47,573.07
600.01,599.85,599.16,598.41,597.76,597.56,596.88,596.38,595.95,595.3,594.79,594.27,593.79,593.41,592.8,592.17,591.9,591.33,590.81,590.32,589.84,589.35,588.85,588.47,587.95,587.5,587.03,586.55,586.03,585.5,585.17,584.63,584.24,583.83,583.38,582.79,582.48,582.07,581.63,581.17,580.76,580.28,579.98,579.56,579.09,578.65,578.25,577.85,577.43,577.03,576.58,576.19,575.83,575.42,575.02,574.65,574.2,573.85,573.47,573.07
600.01,599.49,599.16,598.46,597.93,597.56,596.88,596.38,595.95,595.31,594.78,594.37,593.79,593.28,592.91,592.26,591.75,591.33,590.88,590.32,589.8,589.38,588.77,588.47,588.04,587.5,587.11,586.55,586.08,585.5,585.1,584.63,584.27,583.71,583.38,582.91,582.59,582.07,581.67,581.13,580.76,580.28,579.95,579.44,579.09,578.66,578.25,577.82,577.39,576.99,576.62,576.24,575.83,575.42,575.05,574.58,574.25,573.8,573.48,573.06
599.98,599.44,599.04,598.46,597.87,597.62,596.89,596.42,595.95,595.29,594.84,594.27,593.79,593.24,592.8,592.41,591.88,591.33,590.79,590.2,589.86,589.35,588.85,588.35,588.04,587.5,587.2,586.55,586.01,585.62,585.2,584.74,584.27,583.69,583.38,583.01,582.59,582.05,581.67,581.17,580.74,580.29,579.95,579.47,579.14,578.63,578.3,577.8,577.43,577.03,576.6,576.17,575.83,575.4,575.05,574.65,574.23,573.81,573.41,573.08
600.13,599.85,599.16,598.41,597.87,597.56,596.88,596.32,595.95,595.39,594.78,594.3,593.79,593.28,592.8,592.23,591.8,591.27,590.81,590.29,589.82,589.35,588.83,588.35,587.95,587.58,586.99,586.63,586.01,585.6,585.12,584.63,584.24,583.69,583.25,583.01,582.49,582.09,581.67,581.17,580.75,580.27,579.95,579.56,579.14,578.65,578.25,577.86,577.39,577.01,576.6,576.23,575.81,575.42,575.05,574.65,574.24,573.85,573.47,573.04
599.98,599.85,599.07,598.53,597.87,597.46,596.88,596.38,595.83,595.31,594.93,594.46,593.8,593.41,592.91,592.42,591.8,591.27,590.7,590.33,589.82,589.35,588.93,588.35,587.92,587.58,587.11,586.63,586.18,585.61,585.12,584.74,584.33,583.71,583.38,582.87,582.45,582.08,581.67,581.19,580.76,580.28,579.98,579.56,579.08,578.66,578.25,577.85,577.39,577.03,576.6,576.24,575.81,575.4,575.01,574.61,574.22,573.88,573.48,573.04
600.01,599.39,599.16,598.31,597.87,597.56,596.88,596.24,595.83,595.39,594.81,594.27,593.87,593.3,592.91,592.26,591.8,591.33,590.87,590.2,589.8,589.38,588.77,588.35,587.95,587.5,587.2,586.63,586.01,585.58,585.17,584.73,584.19,583.77,583.32,582.92,582.48,582.01,581.58,581.17,580.77,580.28,579.98,579.56,579.14,578.65,578.25,577.82,577.43,577.03,576.6,576.23,575.83,575.42,575.05,574.61,574.2,573.85,573.46,573.04
600.13,599.51,599.04,598.63,597.93,597.56,596.97,596.42,595.95,595.17,594.95,594.37,593.86,593.24,592.8,592.42,591.78,591.37,590.79,590.2,589.82,589.35,588.92,588.35,587.98,587.46,587.03,586.55,586.11,585.68,585.22,584.73,584.16,583.73,583.38,582.9,582.42,582.07,581.67,581.13,580.75,580.35,579.98,579.48,579.04,578.67,578.23,577.76,577.43,577.02,576.6,576.16,575.83,575.42,575.02,574.65,574.22,573.86,573.52,573.07
355.54,356.01,355.28,355.4,355.63,355.5,355.37,354.64,355.12,354.99,354.86,354.73,354.61,354.48,353.75,354.22,354.09,353.96,353.23,353.34,353.57,353.44,352.71,352.22,352.45,352.92,352.19,352.66,352.53,352.4,351.31,352.14,352.01,351.88,351.74,351.01,350.88,350.75,351.21,351.08,350.95,350.82,350.68,350.55,350.42,350.28,350.15,350.01,349.88,349.74,349.61,349.47,349.34,349.2,349.07,348.93,348.8,348.66,348.52,348.39
355.53,356.01,355.53,355.76,355.63,354.9,355.37,355.25,355.12,354.39,354.26,353.77,354,354.48,354.35,354.22,354.09,353,353.83,353.7,353.57,353.44,353.31,353.18,352.45,352.92,351.83,352.66,351.93,352.04,352.27,352.14,352.01,351.27,351.14,351.01,351.48,351.35,351.21,351.08,350.95,350.22,350.08,349.58,350.42,350.28,350.15,350.01,349.88,349.74,349.61,349.47,349.34,349.2,349.07,348.93,348.8,348.66,348.52,348.39
355.53,355.41,355.53,355.15,355.63,355.14,354.77,354.64,355.12,354.39,354.86,354.73,354,354.48,353.75,354.22,354.09,353.96,353.83,353.1,353.57,352.48,353.31,353.18,353.05,352.92,352.19,352.06,352.53,352.4,352.27,352.14,352.01,351.27,351.74,351.61,351.48,351.35,350.61,351.08,350.95,350.22,350.08,350.55,349.82,350.28,350.15,350.01,349.88,349.74,349.61,349.47,349.34,349.2,349.07,348.56,348.8,348.66,348.52,348.39
356.14,356.01,355.28,355.15,355.27,354.9,354.77,354.89,354.52,354.99,354.26,354.13,354,354.48,354.35,354.22,354.09,353.96,353.83,353.7,353.57,353.44,353.31,352.58,352.69,352.92,352.79,352.66,352.53,351.8,351.67,352.14,351.41,351.88,351.74,351.01,350.88,350.75,351.21,351.08,350.95,350.82,350.68,350.18,350.05,350.28,349.78,350.01,349.51,349.74,349.61,349.47,349.34,349.2,349.07,348.93,348.8,348.66,348.52,348.02
355.53,355.41,355.88,355.4,355.63,354.9,354.77,354.64,355.12,354.39,354.86,354.13,354.61,354.48,353.75,353.62,353.49,353.96,353.83,353.1,352.97,353.44,352.71,352.22,353.05,352.92,352.19,352.06,351.57,351.8,351.67,352.14,352.01,351.27,351.14,351.61,351.48,351.35,350.61,351.08,350.95,350.22,350.08,349.95,350.42,350.28,350.15,350.01,349.88,349.74,349.61,349.47,349.34,349.2,349.07,348.56,348.43,348.66,348.52,348.39
355.53,355.41,355.88,355.15,355.63,355.14,354.77,355.25,354.52,354.39,354.86,354.13,354.61,353.88,353.75,353.62,354.09,353,353.83,353.7,352.97,353.44,352.71,353.18,352.69,352.92,352.19,352.66,352.53,351.8,352.27,352.14,351.41,351.88,351.74,351.61,351.48,350.75,351.21,350.48,350.95,350.82,350.08,350.55,350.05,349.68,350.15,350.01,349.88,349.74,349.61,349.47,349.34,348.84,349.07,348.93,348.8,348.66,348.52,348.39
356.14,356.01,355.88,355.4,355.63,355.5,354.77,354.64,355.12,354.39,354.86,354.13,354.61,354.48,353.75,354.22,353.73,353.96,353.83,353.34,353.57,353.44,353.31,353.18,353.05,352.92,352.19,352.3,352.17,352.4,352.27,351.54,351.64,351.27,351.74,351.61,351.12,351.35,351.21,350.72,350.95,350.82,350.08,350.55,350.42,349.32,350.15,350.01,349.88,349.74,349.61,349.47,349.34,349.2,349.07,348.93,348.8,348.29,348.52,348.39
356.14,356.01,355.28,355.15,355.63,355.5,354.77,355.25,354.52,354.39,354.86,353.77,354,354.48,353.75,354.22,353.49,353.96,353.23,352.74,353.57,353.44,353.31,353.18,352.45,352.92,352.43,352.06,351.57,352.4,352.27,351.78,351.41,351.27,351.74,351.61,351.48,351.35,351.21,350.48,350.35,350.82,350.08,350.55,349.82,349.68,350.15,350.01,349.88,349.74,349.61,349.47,349.34,349.2,348.7,348.93,348.43,348.66,348.52,348.39
355.54,356.01,355.28,355.15,355.03,355.14,355.37,355.25,355.12,354.99,354.86,354.73,354.25,354.48,354.35,354.22,354.09,353.96,353.83,353.7,353.57,353.44,353.31,352.58,353.05,352.56,352.19,352.66,351.93,351.8,351.67,352.14,352.01,351.27,351.74,351.01,351.48,351.35,351.21,351.08,350.35,350.82,350.32,349.58,349.82,350.28,349.78,350.01,349.88,349.74,349.61,349.47,349.34,349.2,349.07,348.93,348.8,348.66,348.52,348.39
356.14,356.01,355.53,355.76,355.63,354.9,355.37,354.64,355.12,354.99,354.86,354.13,354.25,354.48,353.39,353.62,354.09,353.36,353.83,352.74,353.57,352.84,353.31,353.18,353.05,352.92,352.79,352.66,351.93,351.8,351.67,351.17,352.01,351.88,351.74,351.61,351.48,351.35,351.21,351.08,350.35,350.22,350.08,350.55,349.82,350.28,350.15,350.01,349.88,349.74,349.61,349.47,349.34,349.2,349.07,348.93,348.8,348.66,348.52,348.02
355.54,356.01,355.88,355.76,355.63,355.5,354.77,354.64,355.12,354.39,354.86,354.13,354.61,354.48,353.75,353.62,353.49,353.96,353.23,353.7,352.97,353.44,353.31,353.18,352.69,352.32,352.19,352.66,352.53,351.8,351.67,351.54,351.41,351.27,351.74,351.61,351.48,351.35,351.21,351.08,350.95,350.82,350.68,350.55,350.42,350.28,350.15,350.01,349.88,349.74,349.61,349.47,349.34,349.2,349.07,348.93,348.8,348.66,348.52,348.39
356.14,356.01,355.28,355.76,355.03,354.9,354.77,354.64,354.16,354.99,354.5,354.73,354.61,354.48,353.75,354.22,353.49,353.96,353.23,353.7,352.61,353.44,353.31,352.58,352.45,352.92,352.43,352.66,352.17,352.04,352.27,351.54,351.41,351.88,351.14,351.01,350.88,350.75,350.61,351.08,350.95,350.45,350.08,350.18,350.05,350.28,350.15,350.01,349.88,349.74,349.61,349.47,349.34,349.2,348.7,348.93,348.8,348.66,348.52,348.39
356.14,356.01,355.88,355.4,355.63,355.5,354.77,355.25,355.12,354.99,354.26,354.13,354.61,353.52,354.35,353.62,354.09,353.96,353.83,353.7,353.57,352.84,353.31,353.18,353.05,352.92,352.79,352.66,352.53,351.8,352.27,352.14,352.01,351.88,351.74,351.61,351.48,351.35,350.61,350.48,350.95,350.22,350.08,350.55,350.42,350.28,350.15,349.65,349.88,349.74,349.61,349.47,349.34,349.2,349.07,348.93,348.8,348.66,348.52,348.39
356.14,355.41,355.28,355.76,355.03,354.9,354.77,355.25,355.12,354.39,354.86,354.73,354.61,354.48,353.75,353.62,353.49,353.96,353.83,353.7,353.57,352.84,353.31,353.18,352.69,352.32,352.79,352.66,352.53,352.4,352.27,351.54,351.41,351.88,351.74,351.61,351.48,351.35,351.21,350.48,350.35,350.82,350.32,350.55,350.42,349.68,350.15,350.01,349.88,349.74,349.61,349.47,349.34,349.2,348.7,348.93,348.8,348.66,348.52,348.39
355.18,356.01,355.28,355.15,355.63,354.9,355.37,354.64,355.12,354.39,354.26,354.73,354.61,354.48,353.75,354.22,354.09,353.36,353.23,353.34,353.57,353.44,353.31,353.18,353.05,352.92,351.83,352.06,352.17,352.04,352.27,352.14,352.01,351.88,351.74,350.65,350.88,351.35,350.61,351.08,350.95,350.22,350.08,350.55,350.42,350.28,350.15,350.01,349.88,349.74,349.61,349.47,348.97,349.2,349.07,348.93,348.8,348.66,348.52,348.39
356.14,355.41,355.88,355.76,355.63,355.5,355.37,355.25,355.12,354.99,354.26,354.13,354.61,353.88,354.35,353.62,354.09,353.96,353.23,352.74,353.57,353.08,352.71,353.18,353.05,352.92,352.19,352.06,351.93,352.4,351.67,351.54,352.01,351.27,351.74,351.61,350.88,350.75,350.61,350.72,350.95,350.22,350.08,350.55,349.82,349.32,350.15,350.01,349.88,349.74,349.61,349.47,349.34,349.2,349.07,348.93,348.8,348.66,348.52,348.39
356.14,355.41,355.28,355.76,355.03,355.14,355.37,354.64,355.12,354.99,354.26,354.13,354.61,354.48,354.35,354.22,353.73,353.96,353.83,352.74,353.57,353.44,352.71,353.18,352.45,352.32,352.19,352.06,351.93,352.4,351.67,351.17,351.41,351.27,351.74,350.65,350.51,350.75,351.21,350.72,350.95,350.22,350.68,350.55,350.42,350.28,349.78,350.01,349.88,349.74,349.61,349.47,349.34,349.2,348.7,348.93,348.8,348.66,348.52,348.39
356.14,355.41,355.28,355.76,355.03,354.9,354.77,354.64,355.12,354.39,354.86,354.13,354,354.48,354.35,354.22,353.73,353.6,353.23,353.7,353.57,352.84,353.31,353.18,353.05,352.92,352.19,352.06,352.17,351.8,352.27,352.14,351.41,351.88,351.74,350.65,350.88,351.35,351.21,350.48,350.95,350.22,350.68,350.55,349.82,349.32,349.78,350.01,349.88,349.74,349.61,349.47,349.34,349.2,349.07,348.93,348.8,348.66,348.52,348.39
355.18,356.01,355.53,355.76,355.63,354.9,355.37,354.64,355.12,354.39,354.26,354.73,354,354.12,353.75,354.22,354.09,353.6,353.23,353.7,353.57,353.44,352.71,353.18,352.45,352.32,352.79,352.06,352.53,352.4,351.91,351.78,351.41,351.88,351.14,351.01,351.48,351.35,351.21,350.72,350.95,350.45,350.08,350.55,349.82,349.32,350.15,350.01,349.88,349.74,349.61,349.47,349.34,349.2,348.7,348.93,348.8,348.66,348.52,348.39
355.53,355.65,355.88,355.15,355.63,354.9,355.37,354.64,354.52,354.99,354.5,354.13,354,353.88,353.75,353.62,354.09,353.36,353.83,353.1,353.57,353.44,353.31,352.58,352.45,352.92,352.19,352.06,352.17,351.8,352.27,351.17,352.01,351.27,351.74,351.01,351.48,351.35,351.21,350.48,350.95,350.45,350.32,350.55,350.42,350.28,350.15,349.65,349.88,349.74,349.61,349.47,349.34,349.2,349.07,348.93,348.8,348.29,348.52,348.39
356.14,356.01,355.88,355.76,355.63,355.5,354.77,354.64,355.12,354.39,354.86,354.13,354.61,354.48,354.35,353.62,354.09,353.36,353.83,353.7,353.57,353.44,353.31,352.58,353.05,352.92,352.79,352.06,351.93,351.8,351.67,351.54,351.64,351.27,351.14,351.61,350.88,351.35,351.21,351.08,350.95,350.22,350.08,350.18,350.05,349.68,350.15,350.01,349.88,349.74,349.61,349.47,349.34,349.2,349.07,348.93,348.8,348.66,348.52,348.39
355.54,355.41,355.88,355.76,355.63,355.5,355.37,355.25,355.12,354.03,354.86,354.13,354,354.48,354.35,354.22,354.09,353.96,353.23,353.7,353.57,353.44,352.71,353.18,352.09,352.92,352.19,352.66,352.17,352.4,352.27,352.14,352.01,351.88,351.74,351.01,351.12,351.35,350.61,351.08,350.95,350.22,350.68,350.18,350.05,350.28,350.15,350.01,349.51,349.74,349.61,349.47,349.34,349.2,349.07,348.93,348.8,348.66,348.52,348.39
356.14,356.01,355.28,355.15,355.63,354.9,355.37,354.64,355.12,354.99,354.86,354.13,354.61,354.48,353.75,353.62,354.09,353.36,353.83,353.1,353.57,352.48,353.31,353.18,352.69,352.32,352.79,352.66,352.53,352.4,352.27,352.14,352.01,351.88,351.14,350.65,351.48,350.75,351.21,350.48,350.95,350.82,350.68,350.18,349.82,349.68,350.15,350.01,349.51,349.74,349.61,349.47,348.97,349.2,348.7,348.93,348.8,348.66,348.52,348.39
355.53,356.01,355.28,355.15,355.63,355.14,354.77,355.25,355.12,354.03,354.86,354.13,354.25,354.48,353.75,354.22,353.73,353,353.83,353.34,352.61,353.44,352.71,352.58,352.45,352.92,352.19,352.66,352.53,351.8,351.67,351.54,352.01,351.27,351.74,351.01,350.51,350.75,350.61,350.12,350.95,349.85,350.08,350.55,350.42,350.28,350.15,350.01,349.88,349.74,349.61,349.47,349.34,349.2,349.07,348.93,348.8,348.66,348.52,348.39
355.18,355.41,355.88,355.76,355.03,354.9,354.77,354.64,354.16,354.39,354.86,354.73,354.61,354.48,353.39,353.86,353.49,353.96,353.23,353.34,353.57,353.44,353.31,353.18,352.69,352.32,352.19,352.66,352.53,352.04,351.67,351.78,352.01,351.27,351.14,351.01,351.12,350.75,351.21,350.12,350.95,350.82,350.08,350.55,350.42,350.28,349.78,350.01,349.88,349.74,349.61,349.47,349.34,349.2,349.07,348.93,348.8,348.66,348.52,348.39
355.54,356.01,355.28,355.15,355.63,355.5,355.37,355.25,355.12,354.39,354.86,354.13,354.61,354.48,353.75,354.22,354.09,353.96,353.23,353.7,353.57,352.48,353.31,353.18,353.05,352.92,352.79,352.66,352.53,351.8,352.27,352.14,351.41,351.88,351.14,351.01,351.48,350.75,351.21,351.08,350.95,350.82,350.68,350.55,350.42,349.68,349.78,350.01,349.51,349.74,349.24,349.47,349.34,349.2,349.07,348.93,348.8,348.66,348.52,348.39
356.14,356.01,355.88,355.15,355.63,355.5,355.37,354.64,354.76,354.39,354.86,354.13,354.61,353.88,353.75,354.22,353.49,353.96,353.83,352.74,353.57,353.44,353.31,353.18,352.69,352.92,352.79,352.66,351.93,352.4,352.27,351.17,352.01,351.27,351.74,351.01,351.48,350.75,350.61,351.08,350.35,350.45,350.68,350.55,349.82,350.28,350.15,350.01,349.88,349.74,349.61,349.47,349.34,349.2,349.07,348.93,348.8,348.66,348.52,348.39
356.14,356.01,355.88,355.15,355.63,355.5,355.37,354.64,355.12,354.99,354.86,354.73,354,354.48,354.35,353.62,354.09,353.36,353.23,352.74,353.57,352.48,352.71,352.58,353.05,352.32,352.19,352.66,352.53,352.4,351.91,351.78,352.01,351.27,351.74,351.61,351.12,350.75,351.21,351.08,350.95,349.85,350.68,350.55,350.42,349.92,350.15,349.65,349.88,349.74,349.61,349.47,349.34,348.84,349.07,348.56,348.8,348.66,348.52,348.39
356.14,355.41,355.88,355.15,355.63,354.9,355.37,354.64,354.52,354.03,354.86,354.13,354.61,354.12,354.35,354.22,354.09,353.36,353.47,353.7,353.57,353.44,352.71,353.18,353.05,352.92,352.43,352.06,352.53,352.4,352.27,352.14,351.41,351.27,351.74,350.65,351.48,350.75,350.61,350.72,350.95,350.45,350.68,349.58,350.42,350.28,350.15,349.65,349.88,349.74,349.61,349.47,349.34,349.2,349.07,348.93,348.43,348.66,348.52,348.39
355.54,355.41,355.28,355.4,355.63,355.5,354.77,354.64,354.52,354.99,354.86,354.13,354.61,354.48,354.35,353.86,354.09,353.96,353.83,353.7,353.57,352.84,353.31,352.58,353.05,352.92,352.43,352.06,352.17,351.44,352.27,352.14,352.01,351.27,351.74,351.01,350.88,350.75,350.61,350.48,350.95,350.82,350.68,350.55,350.42,349.92,350.15,350.01,349.88,349.74,349.61,349.47,349.34,349.2,349.07,348.56,348.8,348.66,348.52,348.39
356.14,356.01,355.88,355.4,355.27,355.14,354.77,355.25,355.12,354.03,354.86,354.73,354.61,354.12,353.75,353.62,353.49,353.96,353.23,353.7,352.61,353.08,353.31,353.18,352.45,352.92,352.19,352.66,351.93,352.4,352.27,351.78,352.01,351.27,351.14,351.01,351.12,350.75,351.21,351.08,350.95,350.22,350.68,350.55,349.82,349.32,350.15,350.01,349.88,349.74,349.61,349.47,349.34,349.2,349.07,348.93,348.8,348.66,348.52,348.39
356.14,356.01,355.88,355.76,355.63,355.5,354.77,354.64,355.12,354.39,354.86,354.73,354.61,354.48,354.35,354.22,354.09,353.36,353.23,352.74,353.57,353.44,353.31,353.18,353.05,352.92,351.83,352.06,351.93,351.8,351.67,351.54,352.01,351.88,351.74,351.61,351.48,351.35,351.21,351.08,350.95,350.82,350.32,349.95,350.42,350.28,350.15,350.01,349.88,349.74,349.61,349.47,348.97,349.2,349.07,348.93,348.8,348.66,348.52,348.02
356.14,356.01,355.88,355.15,355.63,354.9,354.77,355.25,355.12,354.99,354.86,354.13,354.61,354.48,353.75,354.22,354.09,353.36,353.83,353.34,353.57,353.44,353.31,353.18,352.45,352.92,352.19,352.06,352.53,352.4,351.67,352.14,351.41,351.27,351.14,351.01,351.48,350.75,351.21,351.08,350.95,350.82,350.08,350.55,350.42,349.32,350.15,350.01,349.88,349.74,349.61,349.47,348.97,349.2,348.7,348.93,348.8,348.66,348.52,348.39
356.14,356.01,355.28,355.76,355.63,355.5,355.37,355.25,355.12,354.03,354.5,354.13,354.25,354.48,354.35,353.62,353.49,353.36,353.83,353.7,352.97,353.44,353.31,352.58,352.69,352.92,352.43,352.06,352.53,352.4,352.27,352.14,351.41,351.88,351.14,351.01,350.88,351.35,350.61,350.72,350.95,350.22,350.08,350.55,350.42,349.92,350.15,349.65,349.51,349.74,349.61,349.47,349.34,349.2,349.07,348.93,348.8,348.66,348.52,348.39
356.14,356.01,355.88,355.76,355.63,355.5,354.77,355.25,355.12,354.39,354.86,354.73,354.61,353.88,353.75,353.62,354.09,353.6,353.23,353.1,353.57,353.44,353.31,353.18,353.05,352.92,352.79,352.06,351.93,351.8,351.67,351.78,352.01,351.88,351.74,351.01,350.88,350.75,351.21,350.72,350.35,350.22,350.68,350.55,349.82,350.28,350.15,350.01,349.88,349.74,349.61,349.47,349.34,349.2,348.7,348.93,348.8,348.66,348.52,348.39
356.14,355.41,355.28,355.15,355.63,355.5,355.37,355.25,355.12,354.39,354.86,354.13,354.61,353.88,353.75,354.22,354.09,353.96,353.83,353.7,353.57,353.44,353.31,353.18,353.05,352.32,352.19,352.06,352.53,351.8,352.27,352.14,351.41,351.27,350.78,351.61,350.88,350.75,351.21,350.12,350.35,350.22,350.68,350.55,350.42,350.28,349.78,350.01,349.88,349.74,349.61,349.47,349.34,349.2,348.7,348.93,348.43,348.66,348.52,348.39
356.14,355.41,354.92,355.76,355.03,355.5,355.37,354.64,354.52,354.39,354.86,354.13,354.25,353.52,354.35,354.22,354.09,353.96,353.83,353.7,353.57,352.84,352.71,353.18,352.69,352.92,352.79,352.66,351.93,352.04,351.67,352.14,352.01,351.27,351.14,351.61,350.51,351.35,351.21,350.72,350.95,350.82,350.68,350.55,350.42,350.28,349.78,350.01,349.51,349.74,349.24,349.47,349.34,349.2,348.7,348.93,348.8,348.66,348.52,348.39
356.14,356.01,355.28,355.76,355.63,355.5,355.37,355.25,354.52,354.03,354.26,354.13,354.61,354.48,354.35,354.22,353.49,353,353.23,353.1,352.97,352.84,353.31,353.18,352.09,352.92,352.79,352.06,352.53,351.8,352.27,352.14,351.41,351.88,351.74,351.61,351.48,351.35,351.21,350.72,350.35,350.22,350.68,350.18,350.42,349.92,350.15,350.01,349.88,349.74,349.61,349.47,349.34,348.84,349.07,348.93,348.8,348.66,348.52,348.39
355.53,355.41,355.53,355.15,355.27,354.9,355.37,354.64,354.52,354.99,354.26,354.73,354,354.12,353.75,353.62,353.73,353.36,353.23,352.74,352.61,353.08,353.31,353.18,353.05,352.32,352.19,352.06,352.53,352.4,351.67,351.54,352.01,351.27,351.74,351.61,350.88,351.35,350.61,350.48,350.95,350.45,350.08,350.55,350.42,350.28,349.78,350.01,349.88,349.74,349.61,349.47,349.34,349.2,349.07,348.93,348.8,348.66,348.52,348.39
355.54,356.01,355.28,355.76,355.03,354.9,355.37,355.25,355.12,354.39,354.26,354.73,354.61,354.48,354.35,354.22,354.09,353.36,353.83,353.7,352.97,353.08,353.31,353.18,353.05,352.32,352.43,352.66,352.53,352.4,352.27,351.54,351.41,351.88,351.74,351.01,351.48,351.35,350.61,351.08,350.95,350.45,350.68,350.55,349.82,349.68,349.78,350.01,349.88,349.74,349.61,349.47,349.34,349.2,349.07,348.93,348.8,348.66,348.52,348.39
356.14,356.01,355.28,355.15,355.27,355.5,354.77,355.25,354.52,354.03,354.86,354.13,354.61,354.48,354.35,353.62,354.09,353.96,353.47,353.7,353.57,352.84,353.31,353.18,352.45,352.32,352.43,352.66,352.53,351.8,351.67,352.14,351.41,351.88,351.74,351.01,350.88,350.75,350.61,351.08,350.95,350.22,350.08,350.55,350.42,349.92,350.15,350.01,349.88,349.74,349.61,349.47,349.34,349.2,349.07,348.93,348.8,348.29,348.52,348.39
356.14,356.01,355.88,355.76,355.63,354.9,354.77,354.64,355.12,354.39,354.86,354.73,354,353.52,353.75,354.22,353.73,353.96,353.83,352.74,352.97,352.48,353.31,352.58,353.05,352.32,351.83,352.3,351.57,351.8,351.67,352.14,351.41,351.27,350.78,351.01,350.88,351.35,351.21,350.12,350.95,350.82,350.08,350.55,350.42,350.28,350.15,350.01,349.88,349.74,349.61,349.47,349.34,349.2,349.07,348.93,348.8,348.66,348.52,348.39
356.14,355.41,355.28,355.15,355.03,355.5,355.37,354.64,354.52,354.39,354.26,354.13,354.61,354.48,354.35,354.22,354.09,353,353.83,353.7,353.57,352.48,353.31,353.18,353.05,352.92,352.79,352.3,352.53,351.8,351.67,351.54,351.64,351.88,351.74,351.61,351.48,351.35,351.21,350.12,350.95,350.22,350.08,350.55,350.42,350.28,349.78,350.01,349.88,349.74,349.61,349.47,349.34,349.2,349.07,348.93,348.43,348.66,348.52,348.39
355.54,355.41,355.88,355.15,355.03,354.9,354.77,354.64,355.12,354.39,354.86,354.73,354.61,353.52,354.35,354.22,353.49,353.36,353.83,353.7,353.57,353.44,352.71,353.18,352.45,352.92,352.79,352.66,352.53,352.04,351.67,352.14,351.41,351.27,351.74,351.61,350.88,351.35,351.21,350.12,350.95,350.82,350.68,350.55,350.42,350.28,349.78,350.01,349.88,349.74,349.61,349.47,348.97,349.2,349.07,348.56,348.8,348.29,348.52,348.39
356.14,356.01,355.28,355.76,355.03,355.14,354.77,354.64,354.52,354.99,354.86,354.13,354.61,353.88,353.75,353.86,354.09,353.96,353.83,353.7,353.57,353.44,352.71,352.58,353.05,352.92,352.19,352.3,352.53,351.8,351.67,351.78,352.01,351.88,351.14,351.61,351.12,351.35,351.21,351.08,350.35,350.82,350.68,350.18,350.42,350.28,350.15,350.01,349.88,349.74,349.24,349.47,349.34,349.2,349.07,348.93,348.8,348.66,348.52,348.39
356.14,356.01,355.88,355.76,355.03,354.9,354.77,354.64,355.12,354.99,354.26,354.13,354.61,354.48,354.35,353.62,354.09,353.36,353.83,353.7,353.57,353.44,353.31,353.18,352.45,352.92,352.43,352.06,351.93,352.4,351.67,352.14,351.64,351.27,351.14,351.61,350.88,350.75,350.61,351.08,350.95,350.82,350.08,350.18,350.42,350.28,350.15,350.01,349.88,349.74,349.61,349.47,349.34,349.2,349.07,348.93,348.8,348.66,348.52,348.39
355.18,356.01,355.28,355.15,355.63,355.5,355.37,355.25,354.16,354.39,354.86,354.13,354,354.48,354.35,353.62,354.09,353.96,353.83,353.7,353.57,353.44,353.31,353.18,353.05,352.32,352.43,352.06,352.53,351.8,351.67,351.17,351.41,351.27,351.74,350.65,351.48,351.35,351.21,351.08,350.95,350.82,350.08,349.95,349.82,349.92,350.15,350.01,349.88,349.74,349.61,349.47,349.34,349.2,348.7,348.93,348.8,348.66,348.52,348.39
356.14,355.41,355.28,355.76,355.03,354.9,355.37,354.64,354.52,354.39,354.86,354.73,354,354.48,353.39,354.22,354.09,353.6,353.23,353.7,352.97,353.44,353.31,353.18,352.09,352.92,352.19,352.3,352.53,352.4,352.27,351.78,351.41,351.27,351.74,351.01,351.12,350.75,351.21,350.48,350.95,350.22,350.68,349.95,350.42,349.68,350.15,350.01,349.88,349.74,349.61,349.47,349.34,349.2,349.07,348.93,348.8,348.66,348.52,348.39
356.14,356.01,355.88,355.76,355.03,355.5,354.77,355.25,354.52,354.39,354.5,354.13,354.61,354.48,353.75,354.22,353.49,353.36,353.83,353.7,353.57,352.84,353.31,353.18,353.05,352.92,352.79,352.66,352.53,351.8,351.67,351.54,352.01,351.88,351.14,351.61,351.48,351.35,351.21,351.08,350.95,350.22,350.68,349.95,349.82,350.28,350.15,350.01,349.51,349.74,349.61,349.47,349.34,349.2,349.07,348.56,348.43,348.66,348.52,348.39
355.53,356.01,354.92,355.76,355.63,355.14,354.77,355.25,355.12,354.99,354.86,353.77,354.61,354.48,353.75,353.62,354.09,353,353.83,353.7,353.57,353.44,353.31,352.22,352.45,352.92,351.83,352.66,352.53,351.8,352.27,352.14,351.41,351.27,351.14,351.61,350.88,350.75,350.85,351.08,350.35,350.45,350.08,350.18,350.42,350.28,350.15,350.01,349.88,349.74,349.61,349.47,349.34,349.2,349.07,348.93,348.43,348.66,348.52,348.02
356.14,355.41,355.88,355.15,355.63,354.9,354.77,354.64,354.76,354.99,354.5,354.73,354.61,354.48,354.35,353.62,353.49,353.96,353.23,353.7,353.57,353.08,353.31,353.18,353.05,352.92,352.43,352.06,352.53,352.4,352.27,351.78,351.41,351.27,351.74,351.61,350.88,350.75,351.21,350.48,350.95,350.22,350.68,349.95,350.42,350.28,350.15,350.01,349.88,349.74,349.61,349.47,349.34,349.2,349.07,348.93,348.8,348.66,348.52,348.02
356.14,356.01,355.88,355.4,355.63,354.9,354.77,354.64,354.16,354.39,354.86,354.13,354.61,354.48,354.35,354.22,354.09,353.36,353.83,353.7,353.57,353.44,352.71,353.18,353.05,352.92,352.19,352.66,352.53,352.4,352.27,352.14,351.41,351.27,351.74,351.25,350.88,350.75,351.21,350.48,350.95,350.22,350.68,350.55,349.82,349.32,350.15,350.01,349.88,349.74,349.61,349.47,348.97,349.2,349.07,348.93,348.8,348.66,348.52,348.39
356.14,355.41,355.88,355.76,355.03,355.5,355.37,355.25,354.52,354.99,354.86,354.13,354.25,354.48,353.75,353.62,354.09,353.96,353.83,353.7,353.57,353.44,353.31,353.18,353.05,351.96,351.83,352.06,351.93,352.4,352.27,352.14,352.01,351.27,351.74,351.01,351.48,351.35,350.61,350.72,350.95,350.82,350.68,350.55,350.42,350.28,350.15,350.01,349.88,349.74,349.61,349.47,349.34,349.2,349.07,348.93,348.8,348.66,348.52,348.02
356.14,356.01,355.88,355.15,355.63,355.5,354.77,355.25,354.52,354.39,354.86,354.13,354.25,353.88,354.35,353.62,354.09,353.36,353.23,353.7,353.57,352.48,353.31,353.18,352.69,352.92,351.83,352.06,351.93,351.8,351.67,351.54,352.01,351.88,351.14,350.65,351.48,351.35,351.21,350.72,350.95,350.22,350.68,350.55,349.82,350.28,349.78,350.01,349.51,349.74,349.61,349.47,349.34,348.84,349.07,348.93,348.8,348.66,348.52,348.39
356.14,355.41,355.88,355.15,355.63,354.9,355.37,355.25,355.12,354.39,354.26,354.13,354.61,353.52,354.35,354.22,354.09,353.96,353.23,353.7,352.97,353.08,352.71,353.18,353.05,352.92,352.43,352.06,351.93,352.04,351.67,352.14,351.41,351.88,351.74,351.61,351.48,351.35,351.21,351.08,350.35,350.82,350.08,350.18,349.82,349.32,350.15,350.01,349.88,349.74,349.61,349.47,349.34,349.2,349.07,348.93,348.8,348.66,348.52,348.39
355.54,355.41,355.53,355.76,355.03,354.9,355.37,355.25,354.52,354.99,354.26,354.73,354.61,354.48,354.35,354.22,354.09,353.96,353.83,353.7,353.57,353.44,353.31,352.58,353.05,352.92,352.79,352.66,352.53,352.4,351.67,351.54,351.41,351.27,351.74,351.61,351.48,350.75,351.21,351.08,350.95,350.82,350.68,350.55,350.42,350.28,350.15,350.01,349.88,349.74,349.61,349.47,349.34,349.2,349.07,348.93,348.8,348.66,348.52,348.02
355.53,355.41,355.88,355.76,355.63,355.5,355.37,354.64,355.12,354.39,354.26,354.73,354.61,353.88,354.35,354.22,354.09,353.96,353.83,353.7,352.61,352.48,352.71,353.18,352.69,352.92,352.19,352.06,351.93,352.4,352.27,351.78,352.01,351.27,351.74,351.01,351.48,350.75,351.21,350.72,350.95,350.22,350.08,350.55,350.05,349.68,350.15,350.01,349.88,349.74,349.24,349.47,349.34,349.2,349.07,348.93,348.8,348.66,348.52,348.39
355.54,356.01,355.28,355.76,355.63,355.5,355.37,354.64,355.12,354.39,354.86,354.73,354,354.48,353.75,354.22,354.09,353.96,353.83,353.7,352.97,352.48,353.31,353.18,353.05,352.92,352.79,352.06,351.93,351.8,352.27,352.14,351.64,351.88,351.14,351.61,350.88,351.35,351.21,351.08,350.95,350.22,350.68,350.55,350.42,349.32,350.15,350.01,349.88,349.74,349.61,349.47,349.34,349.2,349.07,348.93,348.8,348.66,348.52,348.39
355.54,355.41,355.28,355.4,355.63,355.14,355.37,354.64,355.12,354.39,354.26,354.73,354,353.88,354.35,354.22,353.73,353,353.83,353.7,352.97,353.44,352.71,353.18,352.69,352.92,352.79,352.06,351.93,352.4,352.27,351.17,351.64,351.27,351.74,351.01,351.48,350.75,350.61,351.08,350.35,350.22,350.68,350.18,350.05,350.28,350.15,350.01,349.88,349.74,349.61,349.47,349.34,349.2,349.07,348.93,348.8,348.66,348.52,348.39
355.53,356.01,355.53,355.76,355.63,355.14,354.77,355.25,355.12,354.39,354.26,353.77,354,354.48,354.35,354.22,354.09,353.36,353.83,353.7,352.61,353.44,353.31,352.22,352.45,352.92,352.19,352.06,351.93,352.4,352.27,352.14,351.41,351.27,351.74,351.01,351.48,351.35,350.61,350.12,350.35,350.82,350.68,349.95,350.42,349.68,350.15,349.65,349.51,349.74,349.61,349.47,349.34,349.2,349.07,348.56,348.43,348.66,348.52,348.39
