105,123.73,142.46,161.19,179.92,198.64,217.37,236.1,254.83,273.56,292.29,311.02,329.75,348.47,367.2,385.93,404.66,423.39,442.12,460.85,479.58,498.31,517.03,535.76,554.49,573.22,591.95,610.68,629.41,648.14,666.86,685.59,704.32,723.05,741.78,760.51,779.24,797.97,816.69,835.42,854.15,872.88,891.61,910.34,929.07,947.8,966.53,985.25,1004,1022.7,1041.4,1060.2,1078.9,1097.6,1116.4,1135.1,1153.8,1172.5,1191.3,1210
0.6,0.60593,0.61186,0.6178,0.62373,0.62966,0.63559,0.64153,0.64746,0.65339,0.65932,0.66525,0.67119,0.67712,0.68305,0.68898,0.69492,0.70085,0.70678,0.71271,0.71864,0.72458,0.73051,0.73644,0.74237,0.74831,0.75424,0.76017,0.7661,0.77203,0.77797,0.7839,0.78983,0.79576,0.80169,0.80763,0.81356,0.81949,0.82542,0.83136,0.83729,0.84322,0.84915,0.85508,0.86102,0.86695,0.87288,0.87881,0.88475,0.89068,0.89661,0.90254,0.90847,0.91441,0.92034,0.92627,0.9322,0.93814,0.94407,0.95
961.11,953.25,945.65,938.12,930.54,923.41,916.13,909.04,902.02,894.93,887.94,881.31,874.63,868.15,861.88,856.04,850.29,844.73,839.1,833.21,827.11,820.65,815.41,812.24,810.44,809.22,808.16,807.16,806.16,805.17,804.16,803.14,802.1,801.05,799.99,798.91,797.82,796.71,795.58,794.44,793.28,792.11,790.93,789.73,788.52,787.32,786.26,784.95,783.62,782.27,780.9,779.51,778.1,776.66,775.21,773.74,772.24,770.73,769.18,767.62
933.46,925.24,917.1,908.78,901.2,893.27,885.6,878.12,870.72,863.4,856.14,848.85,841.9,834.75,827.86,821.39,815.06,809.28,803.82,797.95,791.9,785.02,778.5,773.93,771.66,770.43,769.48,768.61,767.75,766.89,766.02,765.14,764.25,763.35,762.43,761.5,760.56,759.6,758.63,757.65,756.64,755.63,754.6,753.55,752.49,751.41,750.32,749.22,748.09,746.95,745.8,744.63,743.45,742.24,741.03,739.79,738.54,737.27,735.98,734.68
914.44,905.8,897.24,888.53,880.18,871.97,863.78,855.86,848.13,840.51,832.92,825.41,818.07,810.76,803.46,796.24,789.3,782.83,776.73,770.81,764.77,757.93,750.8,745.15,742.39,741.06,740.19,739.41,738.65,737.89,737.13,736.36,735.58,734.79,734,733.19,732.37,731.54,730.71,729.86,728.99,728.12,727.24,726.34,725.43,724.51,723.57,722.63,721.66,720.69,719.7,718.7,717.69,716.66,715.62,714.56,713.49,712.4,711.3,710.18
898.6,889.84,880.83,872.14,863.52,855.07,846.57,838.27,830.43,822.62,814.66,807.04,799.5,791.7,784.59,777.06,769.84,762.96,756.29,750.06,744.06,737.34,729.94,723.51,720.02,718.6,717.77,717.07,716.39,715.72,715.04,714.35,713.66,712.96,712.25,711.53,710.8,710.07,709.32,708.57,707.8,707.03,706.24,705.45,704.65,703.83,703.01,702.18,701.33,700.48,699.61,698.74,697.85,696.95,696.04,695.12,694.19,693.24,692.28,691.31
886.01,876.9,868.04,859.22,850.42,841.47,832.88,824.68,816.28,808.16,800.31,792.34,784.95,777.18,769.51,761.71,754.46,747.16,740.24,733.86,727.55,721.13,713.95,706.62,702.29,700.74,699.97,699.34,698.74,698.14,697.54,696.94,696.32,695.71,695.08,694.44,693.8,693.14,692.48,691.81,691.14,690.45,689.75,689.05,688.33,687.61,686.88,686.14,685.4,684.64,683.88,683.11,682.34,681.56,680.78,680.01,679.42,678.56,677.68,676.8
876.42,867.18,857.58,849.15,839.95,830.92,822.24,813.6,805.04,796.58,788.67,780.52,772.89,765.16,757.35,749.83,741.92,734.87,727.48,720.74,714.29,707.98,700.63,693.36,688.24,686.44,685.7,685.16,684.68,684.59,684.03,683.46,682.88,682.3,681.72,681.12,680.52,679.91,679.29,678.66,678.03,677.39,676.74,676.08,675.41,674.74,674.06,673.36,672.66,671.95,671.24,670.51,669.78,669.03,668.28,667.52,666.75,665.97,665.18,664.38
868.69,859.19,849.72,840.21,831.33,822.38,813.53,804.95,795.8,787.2,779.49,771.11,762.89,755.38,747.71,740.07,732.21,724.76,717.46,710.34,703.81,697.37,690.34,682.71,676.76,674.69,673.87,673.3,672.78,672.27,671.76,671.25,670.73,670.2,669.67,669.14,668.6,668.05,667.49,666.93,666.36,665.78,665.2,664.61,664,663.4,662.78,662.16,661.53,660.89,660.24,659.58,658.92,658.25,657.57,656.88,656.18,655.47,654.76,654.03
862.88,852.87,843.31,833.97,824.46,815.21,806.63,797.44,788.41,779.66,771.02,763.11,754.93,747.01,739.12,731.33,723.21,715.82,708.08,700.86,694.18,687.67,680.75,673.04,666.57,664.28,663.44,662.9,662.41,661.93,661.46,660.98,660.49,660.01,659.52,659.03,658.53,658.02,657.51,657,656.48,655.95,655.42,654.88,654.33,653.78,653.22,652.65,652.08,651.49,650.91,650.31,649.71,649.09,648.48,647.85,647.21,646.57,645.92,645.26
857.41,847.84,838.07,828.14,818.74,809.47,800.23,791,781.89,773.65,764.35,755.94,748,739.53,732.02,724.03,715.89,708.07,700.33,693.1,686.13,679.33,672.47,664.75,658.06,655.55,654.7,654.18,653.71,653.25,652.79,652.34,651.88,651.42,650.95,650.49,650.02,649.54,649.06,648.58,648.1,647.6,647.11,646.61,646.1,645.59,645.07,644.54,644.01,643.48,642.93,642.38,641.83,641.27,640.7,640.12,639.54,638.95,638.35,637.75
853.01,843.23,833.41,823.54,813.91,804.31,795.31,785.73,776.59,768,759.49,750.64,741.82,733.56,725.77,717.5,709.57,701.69,693.99,686.36,679.13,672.44,665.36,657.73,650.78,648.17,647.31,646.81,646.35,645.91,645.47,645.02,644.58,644.14,643.69,643.25,642.8,642.34,641.89,641.43,640.97,640.5,640.03,639.55,639.08,638.59,638.1,637.61,637.11,636.61,636.11,635.59,635.07,634.55,634.02,633.49,632.94,632.4,631.84,631.28
849.83,839.75,829.34,819.91,810.04,800.7,791.27,782.21,772.55,763.26,754.76,745.89,737.46,728.94,720.53,712.54,704.36,696.63,688.54,680.93,673.72,666.93,659.7,651.68,644.73,641.88,641,640.5,640.06,639.63,639.2,638.77,638.35,637.92,637.49,637.05,636.62,636.18,635.75,635.3,634.86,634.41,633.96,633.51,633.05,632.59,632.13,631.66,631.19,630.71,630.23,629.75,629.26,628.76,628.26,627.76,627.25,626.74,626.22,625.69
846.85,837.09,827.3,816.88,806.95,797.49,787.84,778.12,769.06,760.22,750.92,742.19,733.33,724.57,716.36,708.29,699.93,691.72,683.79,675.97,668.92,661.95,654.69,646.77,639.37,636.38,635.52,635.04,634.61,634.19,633.78,633.36,632.95,632.53,632.12,631.7,631.28,630.86,630.44,630.01,629.58,629.15,628.72,628.28,627.84,627.4,626.96,626.51,626.06,625.6,625.15,624.68,624.22,623.75,623.27,622.8,622.31,621.83,621.34,620.84
844.92,834.42,824.78,814.51,804.56,795.06,785.1,775.64,766.13,757.4,747.7,738.7,729.98,721.42,713.02,704.76,696.63,687.98,680.23,672.29,664.97,657.68,650.48,642.44,634.8,631.59,630.73,630.25,629.84,629.43,629.03,628.63,628.23,627.82,627.42,627.02,626.61,626.2,625.8,625.39,624.97,624.56,624.14,623.72,623.3,622.87,622.45,622.02,621.58,621.15,620.71,620.27,619.82,619.37,618.92,618.46,618,617.54,617.07,616.6
843.41,832.55,821.92,812.42,802.5,792.41,782.75,773.21,763.98,754.3,745.14,735.86,727.52,718.43,709.81,701.66,693.45,685.24,676.88,668.83,661.5,654.01,647.12,638.88,631.02,627.4,626.47,626.01,625.6,625.21,624.82,624.44,624.05,623.66,623.27,622.88,622.49,622.1,621.7,621.3,620.91,620.51,620.1,619.7,619.29,618.88,618.47,618.06,617.64,617.22,616.8,616.38,615.95,615.52,615.09,614.65,614.21,613.77,613.33,612.88
841.4,830.59,820.64,810.06,800.36,790.64,780.93,771.37,761.86,752.1,743.07,733.75,724.95,716.27,707.35,698.98,690.66,682.05,673.87,665.92,658.05,651.17,643.93,636.18,627.75,623.67,622.67,622.22,621.83,621.45,621.08,620.7,620.33,619.95,619.57,619.2,618.82,618.44,618.06,617.68,617.29,616.91,616.52,616.13,615.74,615.35,614.95,614.55,614.15,613.75,613.35,612.94,612.53,612.12,611.7,611.28,610.86,610.44,610.02,609.59
840.07,829.08,818.8,808.44,798.83,789.11,779.08,769.27,759.6,750.57,741.03,731.96,722.77,713.91,705.23,696.74,688.78,679.93,671.7,663.42,655.71,648.31,641.17,633.17,624.79,620.33,619.28,618.82,618.44,618.08,617.71,617.35,616.99,616.63,616.26,615.9,615.54,615.17,614.8,614.44,614.07,613.69,613.32,612.95,612.57,612.19,611.81,611.43,611.05,610.66,610.27,609.88,609.49,609.1,608.7,608.3,607.9,607.5,607.09,606.69
838.69,828.01,817.84,807.68,797.52,787.69,777.55,767.88,758.3,748.93,739.76,730.46,721.05,712.13,703.62,695.01,686.47,678.16,669.65,661.6,653.47,646.17,638.84,630.99,622.36,617.44,616.21,615.76,615.39,615.04,614.69,614.34,613.99,613.64,613.29,612.94,612.59,612.24,611.89,611.53,611.18,610.82,610.46,610.1,609.74,609.38,609.02,608.65,608.28,607.92,607.55,607.18,606.8,606.43,606.05,605.68,605.3,604.92,604.54,604.17
837.72,827.05,817.33,806.66,796.64,786.28,776.66,766.82,757.63,747.35,738.4,729.02,719.65,710.42,701.9,693.2,684.93,676.39,668.03,659.79,651.69,644.06,636.98,629.09,620.52,614.8,613.47,613,612.64,612.31,611.97,611.63,611.3,610.96,610.63,610.29,609.95,609.62,609.28,608.94,608.6,608.26,607.92,607.58,607.23,606.89,606.54,606.2,605.85,605.51,605.16,604.82,604.48,604.14,603.8,603.47,603.16,602.88,602.85,602.44
836.83,826.14,816.08,805.75,795.28,785.49,775.93,765.75,755.99,746.28,737.32,727.8,718.45,709.8,700.66,692.28,683.58,675.15,666.67,658.17,649.89,642.28,635.2,627.34,618.68,612.54,611.01,610.53,610.19,609.86,609.54,609.22,608.9,608.58,608.26,607.94,607.62,607.3,606.98,606.66,606.35,606.03,605.71,605.4,605.08,604.77,604.47,604.18,603.9,604.09,603.7,603.32,602.93,602.54,602.14,601.75,601.35,600.95,600.55,600.15
836.42,825.62,815.28,804.85,794.97,784.85,774.85,765.28,755.25,745.29,736.18,726.76,717.74,708.61,699.65,691,682.38,673.83,665.34,656.9,648.61,640.97,633.79,625.99,617.26,610.62,608.86,608.38,608.05,607.75,607.44,607.14,606.85,606.55,606.26,605.97,605.69,605.42,605.16,604.92,592.54,604.8,604.44,604.07,603.71,603.35,602.98,602.61,602.24,601.87,601.49,601.12,600.74,600.36,599.97,599.59,599.2,598.82,598.42,598.03
836.15,825.1,814.67,804.82,794.69,784.54,774.35,764.95,755.05,745.14,735.62,726.54,716.81,707.66,698.87,689.94,681.51,673.04,664.46,655.98,647.88,639.8,632.37,625,616.25,609.09,607.21,606.8,606.57,593.91,606.44,606.1,605.76,605.42,605.07,604.73,604.39,604.04,603.69,603.35,603,602.65,602.3,601.95,601.59,601.24,600.88,600.52,600.16,599.8,599.43,599.07,598.7,598.33,597.96,597.58,597.21,596.83,596.45,596.07
836.04,825.85,815.42,804.86,794.74,784.72,774.8,764.61,755.89,746.08,736.34,726.89,717.36,708.22,699.24,690.22,681.43,672.73,664.29,655.77,647.45,639.43,632.11,624.44,615.54,608.08,605.9,605.36,605,604.67,604.33,604,603.66,603.33,603,602.66,602.33,601.99,601.65,601.32,600.98,600.64,600.3,599.95,599.61,599.26,598.91,598.56,598.21,597.86,597.51,597.15,596.79,596.43,596.07,595.71,595.34,594.98,594.61,594.23
837.64,826.6,816.42,805.74,795.61,785.5,775.54,765.29,755.38,746.15,736.1,726.54,717.15,707.68,698.83,689.73,681.22,672.34,663.74,655.22,646.8,638.81,631.26,623.63,614.81,606.75,603.99,603.36,603,602.67,602.34,602.02,601.69,601.37,601.04,600.72,600.39,600.06,599.74,599.41,599.08,598.75,598.41,598.08,597.74,597.41,597.07,596.73,596.39,596.04,595.7,595.35,595.01,594.66,594.3,593.95,593.59,593.24,592.88,592.52
837.5,826.69,815.66,806.11,795.27,785.12,775.17,764.88,755.32,745.37,735.88,726.34,716.59,707.57,698.14,689.63,680.44,672.03,663.43,654.62,646.38,638.14,630.48,623.05,614.59,605.89,602.21,601.47,601.11,600.79,600.47,600.15,599.84,599.52,599.2,598.88,598.57,598.25,597.93,597.61,597.29,596.96,596.64,596.32,595.99,595.66,595.33,595,594.67,594.33,594,593.66,593.32,592.98,592.64,592.29,591.95,591.6,591.25,590.9
836.5,826,815.5,805.63,794.96,784.78,774.61,764.51,754.48,745.38,735.68,725.79,716.6,707.27,698.1,689.1,680.51,671.64,662.94,654.35,646.09,637.58,629.8,622.53,614.31,605.3,600.65,599.71,599.33,599.01,598.7,598.39,598.08,597.77,597.46,597.15,596.84,596.53,596.22,595.91,595.59,595.28,594.96,594.65,594.33,594.01,593.69,593.37,593.04,592.72,592.39,592.06,591.73,591.4,591.07,590.73,590.4,590.06,589.72,589.37
836.52,825.58,815.28,804.33,794.63,784.94,774.49,764.35,754.57,744.92,735.07,725.82,716.09,706.96,697.65,688.71,679.81,671.36,662.94,653.91,645.43,637.07,629.3,621.99,613.99,604.99,599.28,598.03,597.63,597.32,597.02,596.71,596.41,596.11,595.81,595.51,595.2,594.9,594.6,594.29,593.99,593.68,593.37,593.07,592.76,592.45,592.13,591.82,591.5,591.19,590.87,590.55,590.23,589.9,589.58,589.25,588.92,588.59,588.26,587.93
836.05,825.41,815.2,804.6,794.05,784.39,774.23,764.39,754.09,744.89,734.85,725.38,715.89,706.42,697.68,688.71,679.89,671.1,662.18,653.72,645.17,636.92,629.04,621.64,613.75,604.7,598,596.46,596.03,595.72,595.42,595.12,594.83,594.54,594.24,593.95,593.65,593.36,593.06,592.76,592.46,592.17,591.87,591.57,591.26,590.96,590.66,590.35,590.04,589.73,589.42,589.11,588.8,588.48,588.17,587.85,587.53,587.21,586.88,586.56
835.5,825.41,814.68,804.46,794.36,783.85,773.82,763.93,754.04,744.39,734.6,725.16,715.79,706.32,697.18,688.33,679.38,670.94,662.01,653.53,644.85,636.46,628.65,621.21,613.33,604.59,596.95,594.98,594.51,594.19,593.9,593.61,593.32,593.04,592.75,592.46,592.17,591.89,591.6,591.31,591.02,590.72,590.43,590.14,589.84,589.55,589.25,588.95,588.65,588.35,588.05,587.75,587.44,587.13,586.83,586.52,586.2,585.89,585.57,585.26
835.28,824.37,814.02,803.82,793.63,783.25,773.54,763.3,753.43,744.03,734.25,724.95,715.66,706.07,696.99,687.74,679.14,670.3,661.87,653.44,644.69,636.38,628.16,620.88,613.08,604.62,596.27,593.62,593.06,592.75,592.46,592.17,591.89,591.61,591.33,591.05,590.76,590.48,590.2,589.92,589.63,589.35,589.06,588.78,588.49,588.2,587.91,587.62,587.33,587.04,586.74,586.44,586.15,585.85,585.55,585.24,584.94,584.63,584.33,584.02
834.26,823.64,813.54,803.26,793.24,783.03,773.37,762.95,753.24,743.87,734.23,724.47,715.1,705.74,696.62,687.65,678.71,670.45,661.83,653.42,644.6,636.29,627.96,620.35,613.02,604.7,595.66,592.34,591.68,591.36,591.08,590.8,590.52,590.25,589.97,589.7,589.42,589.15,588.87,588.59,588.32,588.04,587.76,587.48,587.2,586.92,586.64,586.35,586.07,585.78,585.49,585.2,584.91,584.62,584.33,584.03,583.73,583.44,583.14,582.83
834.13,823.37,812.97,802.79,792.62,782.36,773.13,762.79,752.82,743.16,733.96,724.58,714.93,705.51,696.47,687.42,678.84,669.95,661.65,652.89,644.29,636.21,627.91,620.13,612.89,604.45,595.47,591.2,590.38,590.04,589.77,589.49,589.22,588.95,588.68,588.41,588.14,587.87,587.6,587.33,587.06,586.79,586.51,586.24,585.97,585.69,585.42,585.14,584.86,584.58,584.3,584.02,583.73,583.45,583.16,582.87,582.58,582.29,582,581.7
833.2,822.74,812.85,802.36,791.96,782.26,772.36,762.23,752.59,742.84,733.16,723.94,714.6,705.24,696.16,686.9,678.27,669.72,661.23,652.78,644.44,635.7,627.7,619.82,612.44,604.48,595.39,590.15,589.13,588.78,588.51,588.24,587.97,587.71,587.44,587.18,586.91,586.65,586.38,586.12,585.86,585.59,585.32,585.06,584.79,584.52,584.25,583.98,583.71,583.43,583.16,582.88,582.61,582.33,582.05,581.77,581.48,581.2,580.91,580.62
832.92,822.43,812.1,801.91,791.07,781.73,771.83,761.6,752.21,742.71,733.01,723.65,714.4,705.04,695.67,686.96,678.19,669.35,660.8,652.58,644.32,635.68,627.34,619.65,612.34,604.47,595.48,589.26,587.96,587.59,587.31,587.04,586.78,586.52,586.26,586,585.74,585.48,585.22,584.96,584.7,584.44,584.18,583.92,583.66,583.4,583.13,582.87,582.6,582.34,582.07,581.8,581.53,581.25,580.98,580.71,580.43,580.15,579.87,579.59
832.33,821.62,811.25,801.36,791.24,780.81,771.13,761.63,751.45,742.16,732.75,723.06,714.1,704.58,695.61,686.72,677.91,669.24,660.71,652.3,643.93,635.53,627.16,619.4,611.81,604.51,595.31,588.41,586.85,586.43,586.16,585.89,585.64,585.38,585.12,584.87,584.62,584.36,584.11,583.86,583.6,583.35,583.09,582.83,582.58,582.32,582.06,581.8,581.54,581.28,581.02,580.76,580.49,580.23,579.96,579.69,579.42,579.15,578.87,578.6
831.87,821.36,810.73,800.8,790.33,780.61,771.1,760.77,751.47,741.65,732.08,723.1,713.3,704.43,695.18,686.08,677.62,669.22,660.35,652.13,643.59,635.43,626.97,619.11,611.66,604.47,595.14,587.8,585.78,585.33,585.05,584.8,584.54,584.29,584.04,583.79,583.54,583.29,583.04,582.79,582.54,582.29,582.04,581.79,581.54,581.29,581.03,580.78,580.53,580.27,580.01,579.76,579.5,579.24,578.98,578.71,578.45,578.18,577.92,577.65
831.34,820.12,810.42,800.65,790.06,780.13,770.48,760.87,751,741.17,731.89,722.8,713.21,704.26,694.95,685.98,677.19,668.66,660.07,651.99,643.39,635.23,626.6,618.64,611.41,603.97,595.32,587.17,584.79,584.28,584,583.74,583.49,583.24,583,582.75,582.51,582.26,582.02,581.77,581.53,581.28,581.04,580.79,580.54,580.3,580.05,579.8,579.55,579.3,579.05,578.8,578.54,578.29,578.03,577.78,577.52,577.26,577,576.73
830.54,820.24,809.59,799.56,789.77,780.31,769.69,759.94,750.64,741.25,731.68,721.91,712.92,703.9,694.54,686,676.86,668.32,660.01,651.54,643.1,634.68,626.55,618.56,611.16,603.83,595.3,586.89,583.86,583.27,582.99,582.73,582.49,582.24,582,581.75,581.51,581.27,581.03,580.79,580.55,580.31,580.07,579.83,579.59,579.35,579.1,578.86,578.62,578.37,578.12,577.88,577.63,577.38,577.13,576.88,576.62,576.37,576.11,575.86
829.93,819.49,809.26,799.2,789.1,779.28,769.46,759.53,750.17,740.82,731,721.68,712.37,703.36,694.15,685.51,676.57,667.8,659.67,651.25,642.99,634.63,626.18,618.21,611,603.62,595.3,586.42,582.96,582.31,582.01,581.76,581.52,581.28,581.04,580.8,580.56,580.33,580.09,579.85,579.62,579.38,579.14,578.91,578.67,578.43,578.19,577.95,577.72,577.47,577.23,576.99,576.75,576.5,576.26,576.01,575.76,575.51,575.26,575.01
829.63,819.19,808.96,798.96,788.35,778.51,768.55,759.1,749.36,739.88,730.8,721.36,712.14,702.7,693.9,685.02,676.17,667.87,659.05,651.2,642.59,634.28,625.97,618.1,610.69,603.25,595.14,586.25,582.17,581.38,581.08,580.83,580.59,580.35,580.11,579.88,579.64,579.41,579.18,578.95,578.71,578.48,578.25,578.02,577.78,577.55,577.32,577.08,576.85,576.61,576.38,576.14,575.9,575.66,575.42,575.18,574.94,574.69,574.45,574.2
828.9,817.89,808.85,798.04,788.15,778.21,768.06,758.57,748.82,739.34,730.05,720.75,711.6,702.46,693.51,684.58,675.84,667.3,658.95,650.59,642.26,634.09,625.89,617.82,610.31,603.08,595.2,586.17,581.4,580.49,580.18,579.94,579.7,579.46,579.23,578.99,578.76,578.53,578.31,578.08,577.85,577.62,577.39,577.16,576.93,576.71,576.47,576.25,576.01,575.78,575.55,575.32,575.08,574.85,574.61,574.38,574.14,573.9,573.66,573.42
828.65,818.07,807.55,797.64,788.05,777.56,767.59,757.89,748.36,739.25,729.97,720.2,711.15,702.18,693.18,684.22,675.55,667.05,658.64,650.3,642.27,633.75,625.6,617.6,610.04,602.98,594.91,586.08,580.74,579.65,579.32,579.07,578.84,578.6,578.37,578.15,577.92,577.69,577.46,577.24,577.02,576.79,576.57,576.34,576.12,575.89,575.66,575.44,575.21,574.98,574.76,574.53,574.3,574.07,573.84,573.6,573.37,573.13,572.9,572.66
827.71,817.8,807.02,796.97,787.39,777.39,767.62,757.6,748.22,738.71,729.32,719.79,710.66,701.91,692.52,683.91,675.11,666.78,658.18,649.74,641.93,633.7,625.23,617.09,609.66,602.52,595.1,586.03,580.06,578.84,578.49,578.25,578.01,577.78,577.55,577.33,577.1,576.88,576.65,576.43,576.21,575.99,575.77,575.55,575.33,575.1,574.88,574.66,574.44,574.21,573.99,573.77,573.54,573.31,573.09,572.86,572.63,572.4,572.17,571.93
827.25,817.1,806.79,796.6,786.62,776.69,767.12,756.9,747.44,738.23,728.89,719.5,710.17,701.5,692.39,683.47,674.78,666.37,657.83,649.53,641.39,633.15,625.06,617.06,609.62,602.2,594.75,585.85,579.47,578.05,577.7,577.45,577.22,576.99,576.76,576.54,576.32,576.09,575.87,575.66,575.44,575.22,575,574.78,574.57,574.35,574.13,573.91,573.69,573.47,573.25,573.03,572.81,572.59,572.36,572.14,571.91,571.69,571.46,571.23
826.97,816.58,806.06,796.42,785.95,775.92,766.68,756.65,747.46,737.81,728.42,718.9,709.67,701.04,691.89,682.98,674.28,666.05,657.62,649.22,641.1,632.88,624.67,616.79,609.19,601.93,594.48,585.55,579.01,577.31,576.92,576.68,576.45,576.23,576,575.78,575.56,575.34,575.12,574.91,574.69,574.48,574.26,574.05,573.83,573.62,573.4,573.19,572.97,572.75,572.54,572.32,572.1,571.89,571.67,571.45,571.23,571,570.78,570.56
826.11,815.83,805.58,795.61,785.69,775.8,766.2,756.52,746.98,737.44,728.03,718.88,709.8,700.7,691.86,682.67,674.07,665.44,657.1,648.98,640.86,632.54,624.63,616.54,608.87,601.55,594.51,585.36,578.53,576.6,576.19,575.94,575.71,575.49,575.27,575.04,574.83,574.61,574.4,574.18,573.97,573.76,573.55,573.33,573.12,572.91,572.7,572.49,572.28,572.06,571.85,571.64,571.42,571.21,570.99,570.78,570.56,570.34,570.12,569.9
825.53,815.32,805.53,794.71,785.34,775.42,765.58,755.76,746.55,737.06,727.41,718.43,709.01,700.26,691.13,682.27,673.86,665.14,656.96,648.45,640.5,632.18,624.07,616.03,608.44,601.35,594.27,585.48,577.97,575.93,575.47,575.22,575,574.77,574.56,574.34,574.13,573.91,573.7,573.49,573.28,573.07,572.86,572.65,572.44,572.23,572.02,571.81,571.61,571.4,571.19,570.98,570.77,570.55,570.34,570.13,569.92,569.7,569.49,569.27
825.47,814.83,804.91,794.5,784.67,775.04,764.8,755.62,745.71,736.55,727.03,717.49,708.65,699.96,690.74,682.11,673.27,664.97,656.61,648.6,640.32,631.96,623.93,615.79,608.16,600.97,593.77,585.1,577.57,575.27,574.79,574.54,574.31,574.09,573.87,573.66,573.45,573.24,573.02,572.81,572.61,572.4,572.19,571.99,571.78,571.57,571.37,571.16,570.96,570.75,570.55,570.34,570.13,569.92,569.71,569.5,569.29,569.08,568.87,568.66
824.9,815.02,804.12,793.9,784.62,774.45,764.42,754.96,745.27,735.85,726.58,717.71,708.5,699.56,690.29,681.88,673.25,664.22,656.15,648.09,639.99,631.7,623.44,615.71,607.95,600.91,593.41,585.07,577.16,574.64,574.13,573.87,573.65,573.43,573.21,573,572.79,572.58,572.37,572.17,571.96,571.76,571.55,571.35,571.14,570.94,570.74,570.53,570.33,570.13,569.93,569.72,569.52,569.31,569.11,568.9,568.69,568.49,568.28,568.07
824.57,814.37,803.42,793.75,783.83,773.95,764.1,754.14,744.98,735.31,726.3,717.09,708.05,698.67,690.25,681.08,672.39,664.35,655.69,647.46,639.23,631.21,623.22,615.21,607.63,600.37,593.26,585.02,576.82,574.03,573.49,573.23,573.01,572.79,572.58,572.37,572.15,571.95,571.74,571.54,571.33,571.13,570.93,570.73,570.53,570.33,570.13,569.93,569.73,569.53,569.32,569.12,568.92,568.72,568.52,568.32,568.11,567.91,567.7,567.5
823.62,813.38,803.39,793.27,783.34,773.2,763.47,753.83,744.22,735.27,725.77,716.39,707.48,698.72,689.44,680.7,672.33,663.65,655.15,647.22,639.22,630.95,622.91,615.04,607.31,600.26,593.1,584.93,576.61,573.45,572.88,572.61,572.39,572.17,571.96,571.75,571.54,571.34,571.13,570.93,570.73,570.53,570.33,570.13,569.93,569.73,569.54,569.34,569.14,568.94,568.74,568.55,568.35,568.15,567.95,567.75,567.55,567.35,567.15,566.94
823.24,812.91,803.13,793.27,782.62,773.19,763.18,753.79,743.89,734.68,725.48,715.87,707.06,698.04,689.41,680.35,671.7,663.1,654.89,647.04,638.56,630.52,622.77,614.5,606.9,599.86,592.63,584.43,576.27,572.91,572.28,572.02,571.79,571.58,571.36,571.16,570.95,570.75,570.55,570.34,570.14,569.95,569.75,569.55,569.35,569.16,568.97,568.77,568.57,568.38,568.18,567.99,567.79,567.6,567.4,567.2,567,566.81,566.61,566.41
822.95,812.8,802.77,792.18,782.29,772.55,762.62,753.12,743.42,734.08,724.72,715.94,706.43,697.64,689.02,680.32,671.31,663.07,654.67,646.62,638.48,630.35,622.39,614.41,606.7,599.48,592.5,584.42,575.74,572.36,571.71,571.44,571.22,571,570.79,570.58,570.38,570.18,569.98,569.78,569.58,569.38,569.19,568.99,568.8,568.6,568.41,568.22,568.03,567.83,567.64,567.45,567.25,567.06,566.87,566.67,566.48,566.28,566.09,565.89
822.36,812.28,802.04,792.24,782.1,771.95,762.06,752.74,743.34,733.99,724.64,715.57,706.28,697.29,688.22,679.62,671.03,662.48,654.57,646.1,637.9,629.99,622.3,613.99,606.44,599.27,592.11,584.39,575.59,571.87,571.15,570.88,570.66,570.45,570.23,570.03,569.83,569.63,569.42,569.23,569.03,568.84,568.64,568.45,568.26,568.07,567.88,567.68,567.49,567.3,567.11,566.92,566.73,566.54,566.35,566.16,565.97,565.77,565.58,565.38
822.06,811.9,801.65,791.36,781.9,771.88,762.03,752.31,742.85,733.35,724.11,714.71,705.58,696.88,688.04,679.08,670.57,662.16,653.87,645.99,637.66,629.78,621.94,613.66,606.09,598.89,591.94,583.93,575.52,571.37,570.61,570.33,570.12,569.9,569.7,569.49,569.29,569.09,568.89,568.7,568.5,568.31,568.12,567.93,567.74,567.55,567.36,567.17,566.98,566.79,566.6,566.41,566.23,566.04,565.85,565.66,565.47,565.28,565.09,564.9
821.88,811.6,801.42,791.14,780.96,771.1,761.4,751.93,742.26,733.18,723.67,714.56,705.37,696.73,687.46,679.08,670.5,661.85,653.57,645.38,637.39,629.2,621.46,613.34,605.64,598.57,591.5,583.83,575.03,570.91,570.1,569.82,569.59,569.38,569.18,568.97,568.77,568.57,568.38,568.18,567.99,567.8,567.61,567.42,567.23,567.04,566.85,566.67,566.48,566.29,566.11,565.92,565.74,565.55,565.36,565.18,564.99,564.8,564.61,564.42
821.6,810.76,800.7,790.52,780.87,771.1,761.33,751.35,741.77,732.42,723.18,714.06,704.96,696.14,687.45,678.49,669.95,661.43,653.09,644.9,637.31,629.29,621.18,612.9,605.34,598.23,591.13,583.36,574.79,570.44,569.59,569.31,569.09,568.87,568.67,568.47,568.27,568.07,567.88,567.68,567.49,567.3,567.11,566.93,566.74,566.55,566.37,566.18,566,565.81,565.63,565.44,565.26,565.08,564.89,564.71,564.52,564.34,564.15,563.97
821.35,810.96,800.33,790.26,780.28,770.51,760.56,751.27,741.62,731.9,723.03,713.8,704.57,695.7,686.85,678.16,669.81,661.23,652.85,644.82,636.66,628.68,620.55,612.84,604.96,597.92,590.85,583.23,574.59,570.01,569.11,568.82,568.59,568.39,568.18,567.98,567.78,567.59,567.39,567.2,567.01,566.82,566.63,566.45,566.26,566.08,565.89,565.71,565.53,565.35,565.16,564.98,564.8,564.62,564.44,564.25,564.07,563.89,563.7,563.52
821.34,810.83,800.42,790,779.85,769.85,760.97,750.62,741.24,731.79,722.63,713.56,704.42,695.37,686.65,677.97,669.42,660.95,652.71,644.3,636.64,628.45,620.39,612.48,604.7,597.74,590.61,582.96,574.42,569.62,568.63,568.34,568.12,567.91,567.71,567.51,567.31,567.12,566.92,566.73,566.54,566.36,566.17,565.99,565.8,565.62,565.44,565.25,565.07,564.89,564.71,564.53,564.35,564.17,563.99,563.81,563.63,563.45,563.27,563.09
819.87,809.89,799.99,789.34,779.72,769.99,759.71,750.44,740.79,731.64,722.2,713.12,703.9,695.27,686.06,677.71,668.86,660.4,652.34,643.82,636,628.29,620.19,612.18,604.81,597.34,590.31,582.99,573.9,569.2,568.18,567.88,567.66,567.45,567.25,567.05,566.85,566.66,566.47,566.28,566.09,565.9,565.72,565.53,565.35,565.17,564.99,564.81,564.63,564.45,564.27,564.1,563.92,563.74,563.56,563.38,563.21,563.03,562.85,562.67
820.12,809.78,799.22,789.2,779.16,769.24,759.74,750.12,740.42,730.94,721.76,712.64,703.74,694.62,685.81,676.85,668.58,660.22,652.04,643.89,635.79,627.63,619.91,611.93,604.37,597.24,590.17,582.59,573.86,568.81,567.74,567.43,567.21,567,566.8,566.61,566.41,566.21,566.03,565.83,565.65,565.46,565.28,565.1,564.92,564.74,564.56,564.38,564.2,564.03,563.85,563.67,563.5,563.32,563.14,562.97,562.79,562.62,562.44,562.26
484.6,484.86,483.91,482.9,482,482.17,481.84,481.46,482.53,480.94,481.91,480.16,479.27,479.48,479.18,480.31,478.75,478.46,478.78,477.88,477.53,477.3,477,477.8,476.83,475.44,476.24,474.82,475.58,474.18,474.89,473.51,474.77,473.47,472.76,472.68,472.58,471.9,471.8,471.31,470.9,469.75,469.21,469.71,469.02,468.06,465.21,464.39,465,464.91,464.15,464.69,464.68,464.58,464.56,464.52,464.45,463.73,464.35,463.14
467.23,467.39,465.28,466.51,464.96,465.15,463.79,463.31,462.89,462.99,462.04,462.01,460.79,460.79,459.54,458.9,457.88,457.13,455.14,454.94,453.33,453.77,453.58,454.19,454.03,453.72,452.2,452.12,452.75,453.26,452.34,452.22,451.02,450.91,452.6,451.92,452.35,450.47,450.87,450.75,451.87,451.29,451.19,450.45,451.4,451.28,451.16,449.42,449.31,449.55,450.03,449.3,449.78,449.68,449.27,449.75,449.04,449.77,449.01,448.07
447.8,447.59,446.72,447.42,445.96,447.02,446.22,445.36,446.41,445.55,446.28,444.8,444.58,444.96,444.14,444.31,443.7,444.76,444.36,444.15,442.83,443.22,442.4,442.66,441.86,442.37,441.47,441.96,441.08,440.9,441.38,441.87,441.09,440.09,440.73,440.56,440.38,439.47,440.66,440.5,439.03,438.89,440.03,438.61,439.07,438.98,439.43,438.68,439.14,438.99,437.65,438.12,437.94,437.24,437.64,438.09,437.42,437.79,437.13,436.98
438.34,438.58,438.96,437.48,436.85,437.7,436.82,437.48,436.01,436.76,436.84,436.98,436.1,436.53,436.31,435.43,434.6,434.98,434.15,434.92,434.1,434.73,434.51,433.45,432.57,432.56,432.74,431.75,432.97,432.26,432.03,431.21,432.26,431.24,430.43,430.82,429.65,431.18,430.37,430.08,429.95,429.74,429.4,429.93,429.69,428.93,429.3,427.81,427.63,428.71,427.9,427.69,428.08,427.87,427.65,426.02,426.4,426.28,426.72,425.09
430.26,430.68,430.54,429.05,429.48,429.73,429.02,428.79,429.01,429.37,428.09,427.86,428.03,427.12,428.13,426.9,426.59,427.01,426.46,425.6,425.94,425.07,425.09,425.2,424.88,424.37,423.74,424.07,423.85,423.58,423.3,423.38,423.35,422.47,422.79,421.9,422.02,420.67,421.65,420.7,420.46,419.35,419.87,419.37,418.47,418.88,419.22,418.28,417.87,417.48,416.43,417.35,415.61,416.34,414.37,414.2,411.62,410.94,410.84,411.4
423.68,422.84,422.49,422.83,422.01,421.8,421.41,421.73,420.84,421.15,420.42,420.62,420.91,419.53,419.02,419.51,418.52,418.19,418.26,417.89,418.17,416.71,416.3,416.25,414.8,414.9,415.01,414.12,412.99,415.29,409.83,409.72,409,409.17,408.75,409.24,408.51,408.39,408.6,408.13,407.76,408.48,408.35,408,408.09,407.96,407.63,407.7,407.57,406.84,407.32,406.43,407.07,406.19,406.68,406.1,406.46,406.47,406.36,405.65
416.52,415.56,416.46,414.89,414.53,414.76,413.77,413.29,413.51,413.59,413.05,412.44,410.52,410.16,410.24,405.93,406.33,406.34,406.72,406.14,405.91,405.34,405.24,406.19,405.65,405.55,405.27,405.34,405.05,405.14,405.04,405.32,404.61,405.1,404.98,403.91,403.8,404.04,403.92,404.4,403.36,403.24,404.04,403.32,403.8,403.07,402.95,402.82,402.7,402.31,402.44,402.07,402.55,402.43,401.71,401.59,402.28,401.95,401.84,401.3
404.13,404.02,403.97,403.19,404.34,402.98,402.87,403.99,403.88,403.76,402.45,402.35,403.43,402.72,403.21,403.1,402.99,401.74,401.64,402.07,402.56,401.34,401.75,402.24,401.04,401.54,401.92,401.81,401.1,401.13,400.43,400.77,400.66,400.55,400.44,399.91,400.82,399.7,400.19,400.48,400.36,399.65,400.13,399.41,399.29,399.78,399.66,399.54,399.41,398.69,398.84,398.44,398.92,398.49,398.67,398.25,397.53,398.01,397.56,398.03
401.31,399.87,400.36,400.95,399.54,400.71,400.59,399.81,399.7,398.99,398.89,400.02,399.3,399.19,399.07,399.57,399.45,398.15,398.65,398.55,398.45,397.74,397.64,398.08,398.03,397.93,398.36,397.65,397.62,396.91,397.32,397.81,397.7,396.5,397.47,397.36,396.18,396.53,395.96,396.31,396.35,396.24,395.52,396.45,395.73,395.79,395.49,395.97,395.85,395.73,395.22,394.88,394.98,395.24,394.74,394.02,394.26,394.38,394.26,394.13
397.53,397.4,396.53,397.76,397.04,397.52,396.08,397.28,397.16,396.36,396.25,396.81,396.7,395.32,394.85,395.71,395.64,395.49,395.39,395.3,394.57,395.07,394.36,395.45,395.34,395.23,394.51,394.43,394.33,394.78,394.06,394.55,393.84,393.79,394.21,393.5,393.98,393.35,393.15,393.13,392.56,392.91,392.79,392.56,391.96,392.32,392.33,392.68,391.96,392.44,392.31,391.14,392.06,390.9,390.77,390.65,391.13,390.82,391.29,390.55
394.4,394.28,394.35,394.05,394.71,393.83,393.87,393,394.23,392.78,392.67,392.55,393.15,393.64,392.83,392.8,392.61,391.89,392.45,392.34,392.82,392.06,391.35,391.84,391.73,392.25,391.53,391.42,391.29,391.79,391.67,391.55,391.44,390.72,390.62,389.91,390.36,390.28,390.12,390.05,390.49,389.76,390.24,390.12,388.86,389.27,389.75,389.02,389.5,388.25,388.64,388.61,388.98,388.85,388.11,387.98,387.84,388.31,387.57,387.43
391.88,392.35,392.23,390.33,391.18,391.26,391.74,390.24,390.12,390.61,390.66,390.39,390.42,390.3,390.05,389.33,389.94,389.11,390.31,390.19,388.77,388.66,389.15,389.11,389.6,388.88,388.76,388.64,388.52,388.4,388.88,388.76,387.4,387.89,387.77,387.65,387.53,387.42,387.9,387.17,386.45,387.52,386.79,386.67,387.14,387.01,386.28,386.18,385.44,385.31,386.34,385.61,386.07,385.33,385.19,385.65,384.9,384.76,385.21,383.93
389.32,388.51,389.07,388.95,387.98,388.47,388.58,387.64,387.98,388.22,387.9,387.78,388.45,387.73,386.84,386.72,387.97,386.49,387.73,387,386.88,386.4,386.51,386.52,387,386.27,386.75,385.93,385.21,385.69,385.57,386.13,384.72,385.2,385.75,385.02,384.23,384.76,385.24,384.5,384.97,384.24,384.71,383.97,383.8,383.7,382.93,383.42,382.66,383.74,382.38,382.85,383.3,382.55,382.4,382.85,382.69,381.34,381.18,381.02
386.9,386.78,386.57,387.13,386.33,385.6,386.16,386.64,384.7,385.79,384.83,386.15,385.42,385.08,385.18,385.65,385.53,384.01,383.89,384.56,385.03,384.31,384.78,384.66,383.93,384.41,383.53,382.8,383.28,383.89,383.16,383.63,382.9,382.77,382.63,383.1,382.37,382.23,382.7,381.86,382.42,380.98,381.53,381.39,381.85,381.7,381.55,380.73,379.98,381.1,380.27,380.12,380.02,379.2,380.29,379.47,378.7,379.78,378.35,378.77
384.5,384.38,383.65,383.53,384.09,383.88,383.84,383.72,383.59,384.07,383.95,383.82,382.05,383.57,382.84,381.87,382.59,382.46,382.94,382.21,382.08,381.95,382.43,381.69,382.16,382.03,381.3,381.17,381.03,380.9,380.76,380.63,380.13,380.95,380.81,379.31,379.77,379.03,379.49,379.49,378.59,378.44,378.9,378.14,378.59,379.17,378.27,378.84,378.67,377.9,377.61,377.43,377.38,377.8,377.01,376.82,377.23,377.03,376.11,375.3
382.94,382.21,382.09,381.29,381.76,382.32,381.51,381.47,381.26,381.14,381.01,380.96,380.84,380.71,381.18,380.45,379.64,380.19,380.06,379.24,379.79,379.58,379.44,378.54,379.86,378.87,378.74,378.84,378.47,377.73,379.02,378.87,377.3,378.58,378.43,377.68,377.31,377.97,377.01,376.85,376.69,376.72,376.36,375.59,375.42,376.04,375.07,375.68,375.3,375.11,375.71,374.72,375.3,374.49,374.08,374.05,373.82,373.38,373.33,372.27
380.13,379.94,379.81,379.69,380.24,379.51,378.71,379.26,379.13,378.92,379.48,378.74,378.53,378.4,378.35,378.22,377.4,377.27,377.81,377.59,376.85,377.4,377.86,377.72,377.57,376.74,376,377.13,376.98,376.83,376.08,376.52,375.08,375.6,375.36,375.19,375.02,374.85,374.08,374.5,375.01,374.83,374.64,374.45,373.65,374.05,373.24,373.63,373.41,372.49,372.95,372.1,371.84,372.18,370.61,370.32,370.01,370.28,369.32,369.54
378.54,377.13,377.01,377.49,378.03,376.63,376.5,376.37,377.52,376.71,375.97,375.84,376.99,376.17,376.03,375.89,375.83,376.29,374.87,375.33,374.58,375.11,374.96,374.13,373.97,374.5,374.34,374.78,374.02,373.17,373,374.11,373.94,373.76,373.58,372.71,371.92,373.01,372.12,372.6,371.11,370.89,370.66,370.43,371.47,370.62,370.27,369.99,370.39,368.43,369.06,368.79,368.32,367.9,366.81,366.24,365.53,365.8,362.7,362.67
376.29,375.49,375.43,375.23,374.5,375.65,374.84,374.11,374.64,375.11,374.97,374.23,374.09,373.27,373.12,373.58,373.5,373.28,373.2,373.65,371.85,372.72,373.16,372.39,372.82,371.37,372.47,371.01,371.5,371.24,371.72,370.24,370.03,370.42,370.28,370.66,369.14,369.49,368.63,369.05,368.08,368.38,368.06,367.12,367.35,367.01,367.14,365.98,365.29,367.75,361.33,361.9,361.87,361.24,361.81,361.78,361.76,361.73,361.71,361.68
373.31,373.78,373.05,372.91,372.78,372.64,372.44,372.29,372.15,372.67,371.25,371.77,372.22,372.06,371.3,371.07,370.9,370.13,370.56,370.38,370.27,370.68,369.81,369.01,369.48,369.87,368.98,369.42,367.91,368.26,368,367.8,368.11,366.52,366.19,366.49,366.08,366.22,364.4,363.71,363.44,361.39,361.34,360.7,360.66,361.22,360.22,361.14,361.1,360.46,360.43,360.4,360.97,360.33,360.3,360.87,360.84,360.82,360.79,360.76
369.93,370.4,369.29,369.51,369.96,369.2,369.65,368.89,368.72,369.16,369.04,368.2,369.28,367.82,368.29,368.68,367.2,366.98,366.74,367.09,366.83,365.95,366.25,365.93,365.64,364.57,364.71,364.22,363.4,361.94,360.53,361.08,360.42,360.96,360.91,360.25,360.8,360.15,360.1,360.05,360.61,359.96,359.91,360.47,360.43,360.38,359.74,359.7,359.66,359.63,359.59,360.16,359.52,360.09,359.45,359.42,359.99,359.96,359.33,359.91
367.3,367.11,366.91,366.01,365.78,365.52,365.24,364.93,367.93,367.85,365.78,363.11,361.04,361.56,361.48,360.8,360.72,361.25,360.57,361.1,360.43,360.36,360.89,360.82,360.75,360.08,360.02,359.96,359.89,359.83,360.37,360.31,360.26,360.2,360.14,359.49,359.43,359.98,359.93,359.88,359.23,359.18,359.74,359.09,359.65,359.61,359.56,359.52,358.88,358.84,358.8,358.77,359.33,358.69,359.26,358.63,358.59,358.56,359.13,358.5
361.97,361.88,361.18,361.7,361,360.92,360.83,361.34,360.66,361.17,360.49,361.01,360.32,360.24,360.16,360.69,360.01,359.93,359.86,360.39,359.71,360.25,360.18,359.5,359.44,359.97,359.91,359.84,359.78,359.12,359.05,359.6,359.54,358.88,359.42,358.77,358.71,359.26,359.21,359.16,358.51,358.46,358.41,358.97,358.32,358.88,358.23,358.79,358.15,358.11,358.67,358.03,357.99,358.56,357.92,357.88,357.85,357.82,357.78,357.75
360.68,360.59,360.5,360.41,360.32,360.23,360.75,360.66,360.58,359.89,360.41,359.73,359.65,360.17,360.09,359.41,359.94,359.86,359.79,359.11,359.04,358.97,359.5,359.43,359.36,359.3,358.63,358.57,358.5,358.44,358.38,358.92,358.86,358.2,358.75,358.69,358.64,357.98,358.53,357.88,358.43,358.38,358.33,357.32,358.23,357.59,357.54,357.5,358.06,358.02,357.37,357.33,357.3,357.86,357.82,357.18,357.15,357.72,357.08,357.05
360.63,359.94,359.85,360.36,360.28,360.19,359.5,360.02,359.33,359.85,359.17,359.69,359.61,359.53,358.85,359.37,359.3,358.62,358.55,358.47,359,358.93,358.86,358.19,358.73,358.06,358.59,357.93,357.86,357.8,357.74,357.68,357.62,357.56,357.5,358.05,357.39,357.94,357.28,357.23,357.78,357.13,357.68,357.63,356.98,356.94,357.49,357.45,356.81,356.76,357.32,357.28,356.64,357.2,356.56,356.53,357.09,357.06,356.42,356.38
360.01,359.92,359.83,359.75,359.06,359.57,358.89,358.8,358.72,359.24,359.16,359.08,358.4,358.32,358.24,358.17,358.69,358.02,357.94,358.47,358.4,357.73,357.66,358.19,358.12,357.45,357.99,357.32,357.26,357.8,357.74,357.68,357.01,357.56,356.9,356.84,356.79,357.33,357.28,357.23,356.57,356.52,357.07,356.42,356.98,356.33,356.88,356.84,356.79,356.15,356.71,356.66,356.62,355.98,355.94,355.9,356.47,355.83,356.39,355.76
358.82,359.33,358.64,359.16,358.47,358.99,358.3,358.82,358.74,358.06,357.98,358.5,358.42,357.74,358.27,357.59,357.51,358.04,357.37,357.29,357.82,357.15,357.08,357.01,356.95,357.48,357.42,357.35,356.69,356.62,357.16,356.5,357.04,356.38,356.93,355.91,356.21,356.15,356.1,356.65,356.6,356.54,356.49,356.44,355.79,356.35,355.7,356.25,356.21,356.16,355.52,355.48,355.43,355.39,355.35,355.31,355.88,355.24,355.2,355.77
358.86,358.77,358.69,358,357.92,358.43,357.75,357.67,358.19,357.5,357.43,357.35,357.87,357.19,357.11,357.64,357.57,356.89,356.82,356.75,356.67,356.6,357.14,357.07,357,356.94,356.87,356.2,356.74,356.08,356.62,355.95,356.5,355.83,356.38,356.32,355.66,356.21,355.55,355.5,356.05,356,355.34,355.29,355.85,355.8,355.15,355.7,355.66,355.01,355.57,354.92,355.48,355.44,355.4,355.36,355.32,354.68,355.24,354.6
357.72,357.63,358.15,357.47,357.38,357.9,357.82,357.14,357.66,356.98,356.9,357.42,356.74,356.67,356.59,357.12,356.44,356.37,356.3,356.83,356.15,356.69,356.62,356.55,355.88,356.41,355.75,356.28,355.62,355.56,355.49,355.43,355.98,355.31,355.86,355.8,355.74,355.69,355.63,354.98,355.53,355.47,355.42,355.37,355.32,354.67,355.22,355.18,354.53,354.48,354.44,355,354.35,354.91,354.87,354.23,354.19,354.75,354.11,354.67
357.81,357.72,357.64,357.56,357.47,357.39,357.31,357.23,357.15,357.07,356.39,356.92,356.24,356.16,356.09,356.62,355.94,355.87,356.4,356.33,356.26,356.19,356.12,355.45,355.38,355.92,355.25,355.79,355.72,354.7,355.6,354.94,355.48,354.82,354.76,355.3,355.25,354.23,354.53,354.48,354.43,354.98,354.32,354.27,354.22,354.77,354.12,354.68,354.63,353.98,353.94,353.89,354.45,354.41,354.36,353.72,354.28,353.64,354.2,353.56
356.71,357.23,356.55,356.47,356.99,356.91,356.22,356.75,356.67,356.59,356.51,356.43,355.76,355.68,356.21,356.14,356.06,355.39,355.32,355.85,355.18,355.71,355.64,355.57,354.91,355.44,354.77,354.71,355.25,354.59,354.52,354.46,354.4,354.34,354.28,354.83,354.17,354.72,354.06,354,353.95,354.5,353.85,353.79,354.35,353.69,354.25,354.2,354.15,353.5,354.06,353.41,353.97,353.32,353.88,353.24,353.8,353.16,353.72,353.08
356.24,356.76,356.68,355.64,355.92,355.84,356.36,355.68,356.2,356.13,356.05,355.97,355.9,355.22,355.15,355.07,355,354.93,354.86,354.79,355.32,354.65,355.19,355.12,355.05,354.38,354.92,354.26,354.8,354.73,354.67,354.61,353.59,353.53,354.43,354.38,353.72,353.66,353.6,354.15,354.1,354.05,353.99,353.34,353.29,353.84,353.79,353.14,353.09,353.05,353,352.95,352.91,352.87,353.43,353.38,352.74,352.7,352.66,352.62
355.79,356.31,355.63,355.55,356.07,355.39,355.31,355.83,355.76,355.68,355.6,354.93,354.85,354.78,355.31,354.63,354.56,355.09,355.02,354.95,354.28,354.21,354.75,354.08,354.01,353.95,353.88,353.82,353.76,353.69,354.24,354.18,354.11,354.06,354,353.94,353.28,353.83,353.17,353.72,353.06,353.01,353.56,353.51,353.46,352.8,353.36,352.7,353.26,352.61,353.17,353.12,352.47,353.03,352.99,352.94,352.3,352.86,352.82,352.78
355.96,355.27,355.79,355.72,355.03,355.56,354.88,355.4,354.37,354.65,354.57,354.5,355.03,354.96,354.28,354.81,354.14,354.67,354,354.53,353.86,353.79,353.73,353.66,353.59,354.13,354.07,354,353.94,353.88,353.22,353.76,353.7,353.64,353.58,353.52,353.47,353.41,353.35,353.3,352.64,353.19,352.54,353.09,352.44,352.99,352.94,352.89,352.24,352.79,352.14,352.7,352.66,352.61,352.57,352.52,351.88,351.84,351.79,352.36
354.93,354.85,355.38,354.7,354.62,355.14,355.07,354.99,354.91,354.24,354.77,354.09,354.62,353.94,353.87,353.8,354.33,354.26,354.19,354.12,353.45,353.99,353.92,353.86,353.79,353.73,353.66,353,353.54,353.48,353.42,352.75,353.3,353.24,353.18,353.12,352.46,352.41,352.95,352.3,352.85,352.19,352.74,352.69,352.64,351.98,351.93,352.49,352.44,351.79,352.34,351.34,352.25,352.21,351.56,352.12,352.08,351.43,351.39,351.35
355.13,354.45,354.37,354.29,354.82,354.74,354.06,354.59,354.52,353.84,353.77,354.3,353.62,354.15,353.48,354.01,353.34,353.87,353.8,353.13,353.06,353,353.53,353.47,353.4,353.34,352.67,353.21,353.15,353.09,353.03,352.97,352.31,352.85,352.79,352.74,352.68,352.62,351.97,352.51,352.46,351.45,352.35,351.7,352.25,352.2,352.15,351.5,351.45,352.01,351.36,351.31,351.87,351.82,351.17,351.73,351.69,351.04,351,351.56
354.74,354.06,354.59,354.51,353.83,353.75,353.68,353.61,353.53,353.46,353.99,353.31,353.84,353.17,353.1,353.03,353.56,353.49,352.82,352.76,352.69,353.22,352.56,353.09,352.43,352.36,352.9,352.84,352.78,352.72,352.06,352,351.94,352.48,352.42,351.76,352.31,351.65,351.6,352.14,351.49,351.43,351.98,351.33,351.28,351.23,351.78,351.73,351.68,351.03,351.59,351.54,350.89,351.45,351.4,351.36,350.71,350.67,350.63,351.19
353.76,353.69,354.21,354.14,353.46,353.99,353.91,353.23,353.76,353.69,353.62,353.55,352.87,352.8,352.73,352.66,353.2,353.13,352.46,352.99,352.93,352.86,352.19,352.73,352.67,352.61,351.94,352.48,351.82,352.36,351.7,351.64,352.18,352.12,351.46,351.4,351.35,351.29,351.24,351.18,351.73,351.68,351.63,351.57,351.52,351.47,351.42,351.37,350.72,350.67,351.23,350.58,350.53,350.49,351.05,350.4,350.36,350.92,350.27,350.23
353.4,353.32,353.25,353.17,353.1,353.63,353.55,352.88,353.41,353.33,353.26,353.19,353.12,352.45,352.98,352.91,352.24,352.78,352.71,352.64,351.98,352.51,351.85,351.78,351.72,352.26,351.59,352.13,351.47,351.41,351.95,351.89,351.23,351.78,351.12,351.66,351,350.95,351.5,351.44,350.79,351.33,350.68,351.23,350.58,351.13,351.08,350.43,350.38,350.93,350.89,350.84,350.19,350.75,350.7,350.05,350.61,349.97,349.92,350.49
353.65,353.57,352.9,353.42,353.35,353.28,353.2,353.13,353.06,352.99,352.92,352.25,352.78,352.71,352.04,352.57,352.5,352.44,352.37,351.7,352.24,351.57,352.11,352.05,351.98,351.32,351.26,351.2,351.13,351.68,351.62,351.56,351.5,351.44,351.39,351.33,350.67,350.61,351.16,351.11,351.05,351,350.35,350.9,350.85,350.8,350.75,350.09,350.05,350.6,349.95,350.51,349.86,349.81,350.37,349.72,349.68,349.63,349.59,349.55
352.71,352.63,353.16,352.48,353.01,352.94,352.27,352.8,352.12,352.05,352.58,352.52,351.84,352.38,352.31,352.24,352.17,352.11,351.44,351.98,351.31,351.85,351.18,351.12,351.06,350.99,350.93,350.87,350.81,351.35,350.69,350.63,350.57,351.12,350.46,350.4,350.95,350.9,350.24,350.79,350.73,350.68,350.63,350.58,349.92,350.48,350.43,350.38,350.33,350.28,350.23,349.58,350.14,350.09,349.45,350,349.96,349.92,349.87,349.83
352.98,352.3,352.83,352.76,352.69,352.01,352.54,351.87,352.4,352.33,351.66,352.19,352.12,351.45,351.99,351.92,351.86,351.19,351.72,351.06,351.59,350.93,350.87,350.8,350.74,350.68,350.62,351.16,350.5,351.04,350.98,350.32,350.26,350.21,350.15,350.09,350.04,350.58,349.93,349.87,350.42,349.77,349.72,350.27,349.61,350.17,349.51,349.46,350.02,349.97,349.92,349.87,349.23,349.78,349.74,349.69,349.05,349.6,348.96,348.92
352.06,351.98,351.91,352.44,352.37,352.3,351.63,351.56,351.49,351.42,351.35,351.28,351.81,351.75,351.68,351.61,351.55,351.48,351.42,350.75,350.69,350.62,350.56,351.1,351.04,350.98,350.31,350.86,350.8,350.13,350.68,350.62,349.96,350.5,350.45,349.79,350.34,349.68,349.63,349.57,350.12,349.47,350.02,349.36,349.92,349.86,349.82,349.16,349.72,349.67,349.02,348.97,348.93,349.48,349.44,349.39,348.75,349.3,349.26,348.62
352.35,351.67,352.2,351.53,352.06,351.99,351.92,351.25,351.18,351.11,351.04,351.58,350.91,350.84,351.38,350.71,350.29,351.18,351.12,350.45,350.39,350.93,350.86,350.8,350.14,350.68,350.02,349.96,350.5,349.84,349.78,349.72,349.67,349.61,350.16,349.5,350.05,349.99,349.33,349.28,349.23,349.18,349.73,349.07,349.62,349.57,348.92,349.48,349.43,348.78,348.73,349.28,348.64,349.19,349.15,349.1,348.46,349.01,348.97,348.93
352.05,351.37,351.3,351.83,351.76,351.69,351.62,350.95,351.49,350.82,351.35,351.28,351.22,351.15,351.09,350.42,350.35,350.89,350.83,349.8,350.1,350.64,350.58,349.91,350.45,349.79,350.33,350.27,350.22,349.55,349.5,349.44,349.98,349.93,349.27,349.82,349.16,349.71,349.05,349.6,348.95,348.89,348.84,349.39,348.74,348.69,349.24,348.23,349.15,349.1,349.05,348.4,348.96,348.91,348.87,348.82,348.78,348.73,348.69,348.04
351.76,351.08,351.61,350.94,351.47,350.8,351.34,350.67,351.2,351.13,351.07,350.4,350.33,350.87,350.2,350.74,350.07,350.61,350.55,349.88,349.82,349.76,349.69,350.24,350.18,350.12,349.45,350,349.94,349.28,349.82,349.77,349.11,349.05,349.6,348.94,349.49,349.43,349.38,348.72,348.67,349.22,349.17,349.12,349.07,349.02,348.37,348.32,348.87,348.82,348.18,348.13,348.68,348.04,347.99,348.55,348.5,348.46,347.81,348.37
351.47,350.8,350.73,350.66,350.59,350.52,351.06,350.39,350.32,350.25,350.19,350.12,350.66,350.59,350.53,350.46,349.8,349.73,349.67,350.21,349.55,349.48,350.03,349.96,349.3,349.84,349.18,349.12,349.07,349.61,349.55,348.89,349.44,348.78,348.73,348.67,349.22,348.56,349.11,348.46,348.41,348.35,348.3,348.85,348.2,348.75,348.1,348.66,348.61,348.56,347.91,347.86,347.82,348.37,347.73,347.68,347.64,347.23,347.55,348.11
350.59,350.52,350.45,350.99,350.32,350.25,350.18,350.72,350.65,350.58,350.52,349.85,350.39,350.32,349.3,349.59,350.13,350.07,349.4,349.34,349.88,349.22,349.76,349.1,349.64,349.58,348.92,349.47,349.41,349.35,349.29,348.63,349.18,348.52,349.07,348.41,348.36,348.31,348.25,348.2,348.75,348.7,348.05,347.99,347.94,347.89,347.85,347.8,347.75,347.7,347.65,348.21,347.56,347.51,348.07,348.03,347.38,347.34,347.9,347.25
350.32,350.86,350.79,350.72,350.05,349.98,349.92,350.45,349.78,350.32,349.65,350.19,350.13,350.06,350,349.33,349.87,349.81,349.15,349.08,349.63,348.96,349.5,349.44,349.39,349.33,349.27,349.21,349.15,349.1,349.04,348.98,348.93,348.87,348.22,348.76,348.11,348.66,348,347.95,348.5,348.45,347.79,348.35,348.3,348.25,347.6,348.15,347.5,347.45,348.01,347.96,347.91,347.27,347.22,347.78,347.13,347.69,347.65,347.6
350.06,350.6,350.53,349.86,350.39,349.72,349.66,349.59,350.13,350.06,350,349.33,349.27,349.81,349.14,349.08,349.02,349.56,349.5,348.83,349.37,348.71,349.25,348.59,349.14,348.48,348.42,348.36,348.3,348.25,348.19,348.13,348.08,348.02,347.97,347.92,347.86,347.81,347.76,347.7,348.25,348.2,348.15,347.5,348.05,347.4,347.35,347.3,347.26,347.21,347.76,347.72,347.07,347.02,346.98,346.93,346.89,346.85,347.4,346.76
350.41,349.74,349.67,350.21,349.54,350.07,349.41,349.94,349.88,349.21,349.15,349.69,349.02,349.56,349.5,349.44,349.37,349.31,348.65,349.19,348.53,348.47,348.41,348.35,348.29,348.23,348.18,348.12,348.06,348,348.55,347.89,347.84,347.78,348.33,348.28,347.62,348.17,348.12,348.07,347.42,347.36,347.92,347.87,347.82,347.77,347.12,347.07,347.62,346.97,346.93,347.48,347.44,347.39,347.34,346.7,346.65,347.21,346.57,346.52
349.56,350.09,349.42,349,349.29,349.23,349.16,349.1,349.63,349.57,349.51,348.84,349.38,349.32,348.65,348.59,348.53,349.07,348.41,348.95,348.29,348.23,348.77,348.71,348.66,348.6,348.54,348.49,347.83,347.77,347.71,347.66,347.61,347.55,348.1,347.44,347.39,347.94,347.29,347.23,347.18,347.13,347.08,347.63,347.59,347.54,347.49,347.44,347.39,347.34,347.3,347.25,346.6,347.16,347.12,346.47,346.42,346.98,346.34,346.9
349.92,349.25,349.79,349.72,349.65,348.99,349.53,349.46,349.4,348.73,348.67,348.61,349.15,348.48,348.42,348.96,348.9,348.24,348.78,348.12,348.66,348,348.54,347.88,348.43,347.77,347.71,348.26,347.6,347.54,347.49,348.03,347.98,347.93,347.87,347.22,347.16,347.11,347.66,347.01,347.56,347.51,347.46,346.81,346.76,346.71,346.66,346.61,347.17,347.12,347.07,347.03,346.02,346.33,346.89,346.24,346.8,346.16,346.11,346.67
349.68,349.61,349.55,348.88,349.42,349.36,349.29,349.23,348.56,348.5,348.44,348.38,348.92,348.85,348.19,348.73,348.07,348.01,347.95,348.49,347.83,348.38,347.71,347.66,347.6,347.54,347.49,348.03,347.98,347.92,347.26,347.81,347.16,347.7,347.65,347.6,346.94,346.89,346.84,346.79,346.74,346.69,346.64,346.59,347.14,346.49,346.44,346.39,346.35,346.9,346.25,346.21,346.76,346.12,346.67,346.63,345.62,345.94,345.9,346.46
349.45,349.38,349.32,348.65,348.59,349.13,349.06,348.4,348.94,348.88,348.81,348.15,348.69,348.03,347.97,348.51,348.45,348.39,348.33,347.67,348.21,348.15,347.49,347.44,347.98,347.32,347.27,347.81,347.76,347.7,347.65,346.99,346.94,347.49,347.44,347.38,347.33,347.28,346.63,346.57,347.13,347.08,346.42,346.98,346.93,346.28,346.23,346.18,346.74,346.69,346.64,346.6,346.55,345.9,345.86,345.82,346.37,346.33,346.29,345.64
349.22,348.56,349.1,349.03,348.37,348.91,348.24,348.18,348.12,348.05,347.99,347.93,348.47,348.41,348.35,347.69,347.63,347.57,348.11,348.06,348,347.34,347.88,347.22,347.17,347.11,347.66,347.6,347.55,346.89,347.44,347.38,346.73,347.28,347.22,346.57,347.12,347.07,346.42,346.97,346.31,346.26,346.22,346.17,346.12,346.67,346.02,346.58,345.93,346.48,345.83,345.79,346.35,346.3,346.26,346.21,346.17,345.52,346.08,345.44
348.4,348.34,348.27,348.81,348.15,348.09,348.63,347.96,347.9,347.84,348.38,348.32,348.26,348.2,347.54,347.12,347.42,347.36,347.9,347.84,347.18,347.13,347.07,347.62,346.96,347.5,347.45,346.79,346.74,346.68,347.23,346.57,346.16,347.07,346.42,346.97,346.31,346.26,346.21,346.16,346.71,346.06,345.65,345.96,346.52,345.87,345.82,345.77,346.33,346.28,346.23,345.59,345.54,345.5,346.05,345.05,345.36,345.32,345.28,345.24
348.79,348.12,348.66,348,347.93,347.87,348.41,348.35,348.29,348.23,348.17,348.11,348.05,347.99,347.33,347.27,347.21,347.15,347.09,347.04,347.58,346.92,347.47,347.41,346.75,346.7,347.24,346.59,347.14,346.48,347.03,346.98,346.32,346.27,346.82,346.16,346.71,346.06,346.61,345.96,345.91,346.46,345.81,346.37,346.32,345.67,346.22,345.57,346.13,345.48,345.43,345.39,345.34,345.9,345.26,345.21,345.77,345.73,345.08,345.04
348.58,348.52,348.45,347.79,348.33,347.67,347.6,347.54,348.08,348.02,347.96,347.3,347.24,347.18,347.12,347.67,347.61,347.55,347.49,347.44,347.38,346.72,347.27,346.61,346.55,346.5,347.05,346.39,346.34,346.88,346.83,346.18,346.12,346.07,346.62,345.97,345.92,346.47,346.42,346.37,346.32,345.67,345.62,345.57,346.12,346.08,346.03,345.38,344.97,345.89,345.24,345.2,345.75,345.11,345.06,345.02,344.98,344.93,345.49,344.85
347.77,347.71,348.25,348.19,347.52,347.46,348,347.94,347.88,347.82,347.76,347.1,347.04,347.59,346.92,346.87,347.41,346.75,346.69,347.24,346.58,347.13,347.07,347.02,346.36,346.91,346.85,346.8,345.78,346.69,346.04,346.58,345.93,345.88,346.43,346.38,346.33,345.67,345.62,345.58,346.13,346.08,346.03,345.38,345.33,344.93,345.24,345.79,345.75,345.7,345.05,345.61,345.57,345.52,345.48,345.43,345.39,345.35,345.3,345.26
