0.6,0.59661,0.59322,0.58983,0.58644,0.58305,0.57966,0.57627,0.57288,0.56949,0.5661,0.56271,0.55932,0.55593,0.55254,0.54915,0.54576,0.54237,0.53898,0.53559,0.5322,0.52881,0.52542,0.52203,0.51864,0.51525,0.51186,0.50847,0.50508,0.50169,0.49831,0.49492,0.49153,0.48814,0.48475,0.48136,0.47797,0.47458,0.47119,0.4678,0.46441,0.46102,0.45763,0.45424,0.45085,0.44746,0.44407,0.44068,0.43729,0.4339,0.43051,0.42712,0.42373,0.42034,0.41695,0.41356,0.41017,0.40678,0.40339,0.4
12,16.068,20.136,24.203,28.271,32.339,36.407,40.475,44.542,48.61,52.678,56.746,60.814,64.881,68.949,73.017,77.085,81.153,85.22,89.288,93.356,97.424,101.49,105.56,109.63,113.69,117.76,121.83,125.9,129.97,134.03,138.1,142.17,146.24,150.31,154.37,158.44,162.51,166.58,170.64,174.71,178.78,182.85,186.92,190.98,195.05,199.12,203.19,207.25,211.32,215.39,219.46,223.53,227.59,231.66,235.73,239.8,243.86,247.93,252
601.59,600.3,598.71,597.55,596.9,596.18,597.37,598.22,598.71,599.24,599.89,599.98,600.17,600.08,599.81,599.66,598.9,598.31,597.44,596.48,595.34,594.53,593.47,595.21,599.16,604.39,609.41,612.89,617.11,622.96,626.15,629.11,632.35,637.62,641.73,642.6,644.86,645.2,645.51,645.85,646.19,646.57,647.02,647.62,649.29,649.19,649.07,648.97,648.86,648.75,648.65,648.55,648.46,648.36,648.26,648.17,648.08,647.98,647.9,647.81
601.59,600.3,598.71,597.55,596.69,596.13,597.23,598.23,598.77,599.15,599.68,600.11,600.17,600.08,599.93,599.64,598.9,598.33,597.44,596.4,595.37,594.43,593.41,595.21,599.16,604.41,609.44,612.87,617.11,622.96,626.14,629.09,632.35,637.62,641.73,642.59,644.86,645.2,645.51,645.85,646.2,646.57,647.03,647.62,649.29,649.18,649.08,648.97,648.86,648.76,648.65,648.56,648.46,648.35,648.26,648.17,648.08,647.98,647.9,647.81
601.59,600.2,598.71,597.55,596.76,596.11,597.23,598.26,598.72,599.2,599.57,600.23,599.92,600.08,599.81,599.54,598.9,598.35,597.44,596.48,595.37,594.48,593.26,595.3,599.17,604.41,609.42,612.91,617.11,622.96,626.14,629.1,632.35,637.62,641.73,642.6,644.87,645.19,645.51,645.85,646.19,646.57,647.03,647.62,649.29,649.18,649.07,648.97,648.86,648.75,648.65,648.55,648.46,648.36,648.26,648.17,648.08,647.98,647.9,647.81
601.59,600.3,598.61,597.55,596.76,596.13,597.49,598.03,598.72,599.1,599.74,600.11,599.96,600.06,599.81,599.55,598.89,598.33,597.44,596.4,595.37,594.32,593.61,595.42,599.22,604.4,609.42,612.89,617.11,622.97,626.15,629.11,632.35,637.62,641.73,642.59,644.86,645.2,645.51,645.84,646.2,646.57,647.03,647.62,649.29,649.18,649.07,648.97,648.86,648.75,648.65,648.55,648.46,648.36,648.26,648.17,648.08,647.98,647.9,647.81
601.59,600.2,598.86,597.55,596.76,596.13,597.43,598.23,598.77,599.24,599.83,600.05,600.26,600.18,599.81,599.54,598.9,598.38,597.44,596.72,595.38,594.48,593.52,595.21,599.18,604.39,609.41,612.91,617.11,622.96,626.14,629.1,632.35,637.62,641.73,642.6,644.86,645.19,645.51,645.84,646.2,646.57,647.02,647.62,649.29,649.18,649.07,648.97,648.86,648.75,648.65,648.56,648.46,648.35,648.26,648.17,648.08,647.98,647.9,647.81
601.59,600.2,598.71,597.55,596.65,596.18,597.23,598.23,598.72,599.27,599.57,600.05,600.3,600.08,599.81,599.64,598.9,598.33,597.44,596.72,595.47,594.32,593.27,595.42,599.16,604.41,609.42,612.87,617.11,622.96,626.15,629.1,632.35,637.61,641.73,642.59,644.86,645.2,645.51,645.84,646.2,646.57,647.02,647.62,649.29,649.18,649.07,648.97,648.86,648.76,648.65,648.56,648.46,648.36,648.26,648.17,648.08,647.98,647.9,647.81
601.59,600.29,598.74,597.55,596.76,596.13,597.49,598.25,598.62,599.27,599.54,600.23,599.92,600.18,599.81,599.64,598.9,598.38,597.44,596.35,595.47,594.32,593.43,595.42,599.2,604.41,609.44,612.89,617.11,622.96,626.15,629.11,632.35,637.62,641.73,642.6,644.86,645.2,645.51,645.85,646.19,646.57,647.02,647.62,649.29,649.18,649.07,648.97,648.86,648.76,648.65,648.55,648.46,648.35,648.26,648.17,648.08,647.98,647.9,647.81
601.59,600.2,598.71,597.55,596.69,596.18,597.43,598.22,598.64,599.15,599.57,600.11,600.13,600.05,599.81,599.66,598.9,598.38,597.44,596.24,595.52,594.53,593.47,595.3,599.19,604.41,609.42,612.91,617.11,622.96,626.14,629.09,632.35,637.62,641.73,642.6,644.86,645.19,645.51,645.85,646.2,646.57,647.02,647.62,649.3,649.18,649.07,648.97,648.86,648.75,648.65,648.55,648.46,648.35,648.26,648.17,648.08,647.98,647.9,647.81
601.59,600.18,598.61,597.55,596.65,596.11,597.49,598.1,598.95,599.33,599.73,600.07,600.1,600.08,599.93,599.55,599.06,598.38,597.44,596.61,595.34,594.53,593.52,595.29,599.2,604.41,609.42,612.89,617.12,622.96,626.14,629.1,632.36,637.62,641.73,642.59,644.87,645.2,645.51,645.85,646.19,646.57,647.02,647.62,649.29,649.19,649.07,648.97,648.87,648.75,648.65,648.56,648.46,648.35,648.26,648.17,648.08,647.98,647.9,647.81
601.61,600.29,598.71,597.55,596.85,596.13,597.49,598.25,598.61,599.24,599.57,600.05,600.18,600.08,599.94,599.66,599.06,598.31,597.44,596.72,595.37,594.4,593.47,595.42,599.2,604.41,609.43,612.88,617.12,622.97,626.14,629.1,632.35,637.62,641.73,642.6,644.86,645.19,645.51,645.85,646.2,646.57,647.03,647.62,649.3,649.18,649.07,648.97,648.87,648.75,648.66,648.56,648.46,648.35,648.26,648.17,648.07,647.98,647.9,647.81
601.59,600.3,598.81,597.55,596.78,596.16,597.44,598.25,598.71,599.11,599.83,600.05,600.17,600.08,599.94,599.54,599.06,598.46,597.44,596.72,595.47,594.32,593.26,595.21,599.26,604.41,609.44,612.89,617.11,622.97,626.14,629.11,632.35,637.62,641.73,642.6,644.86,645.2,645.51,645.84,646.19,646.57,647.02,647.62,649.29,649.18,649.08,648.97,648.86,648.76,648.65,648.55,648.46,648.36,648.26,648.17,648.08,647.98,647.9,647.81
601.61,600.3,598.81,597.55,596.78,596.26,597.49,598.23,598.59,599.15,599.57,600.11,600.06,600.18,599.81,599.54,598.95,598.46,597.24,596.48,595.34,594.53,593.47,595.21,599.16,604.39,609.42,612.91,617.11,622.96,626.15,629.1,632.35,637.62,641.73,642.59,644.86,645.2,645.51,645.84,646.2,646.57,647.02,647.62,649.29,649.18,649.07,648.97,648.86,648.76,648.65,648.56,648.46,648.35,648.26,648.17,648.08,647.98,647.9,647.81
601.66,600.29,598.81,597.55,596.85,596.26,597.44,598.25,598.77,599.24,599.91,600.11,600.09,600.18,599.81,599.54,598.9,598.38,597.44,596.4,595.37,594.4,593.47,595.3,599.19,604.41,609.44,612.89,617.11,622.96,626.15,629.11,632.35,637.62,641.73,642.6,644.87,645.19,645.51,645.84,646.19,646.57,647.02,647.62,649.3,649.18,649.07,648.97,648.86,648.75,648.65,648.55,648.46,648.35,648.26,648.17,648.08,647.98,647.9,647.81
601.61,600.1,598.72,597.55,596.78,596.18,597.44,598.2,598.77,599.33,599.57,600.23,599.92,600.22,599.81,599.64,599.06,598.46,597.44,596.61,595.34,594.32,593.47,595.29,599.21,604.41,609.43,612.89,617.11,622.97,626.15,629.1,632.35,637.62,641.73,642.59,644.86,645.19,645.5,645.85,646.19,646.57,647.02,647.62,649.29,649.18,649.07,648.97,648.86,648.75,648.65,648.55,648.46,648.35,648.26,648.18,648.08,647.98,647.9,647.81
601.59,600.2,598.86,597.55,596.9,596.13,597.44,598.25,598.77,599.27,599.91,599.9,600.1,600.19,599.81,599.64,598.9,598.31,597.44,596.48,595.37,594.53,593.41,595.21,599.19,604.41,609.44,612.89,617.11,622.96,626.14,629.11,632.35,637.62,641.73,642.6,644.86,645.2,645.51,645.85,646.2,646.57,647.03,647.62,649.3,649.18,649.07,648.97,648.87,648.75,648.65,648.56,648.46,648.36,648.26,648.17,648.08,647.98,647.9,647.81
601.59,600.2,598.71,597.55,596.51,596.13,597.23,598.25,598.61,599.15,599.91,600.11,600.06,600.21,599.85,599.54,598.89,598.46,597.44,596.72,595.68,594.37,593.52,595.42,599.22,604.41,609.42,612.88,617.12,622.96,626.15,629.11,632.35,637.62,641.73,642.6,644.86,645.18,645.51,645.85,646.2,646.57,647.03,647.62,649.3,649.18,649.07,648.97,648.86,648.76,648.65,648.56,648.46,648.35,648.26,648.17,648.07,647.98,647.9,647.81
601.61,600.1,598.82,597.55,596.86,596.18,597.44,598.23,598.77,599.15,599.78,600.05,600.3,600.08,599.93,599.45,598.9,598.14,597.44,596.61,595.47,594.53,593.35,595.29,599.16,604.41,609.44,612.91,617.12,622.96,626.14,629.1,632.35,637.62,641.73,642.59,644.87,645.18,645.51,645.85,646.19,646.57,647.02,647.62,649.3,649.18,649.07,648.97,648.86,648.75,648.65,648.55,648.46,648.35,648.26,648.17,648.08,647.98,647.9,647.81
601.58,600.2,598.86,597.55,596.55,596.26,597.49,598.25,598.71,599.27,599.64,599.98,600.13,600.08,599.94,599.54,598.9,598.33,597.44,596.62,595.47,594.32,593.26,595.42,599.22,604.4,609.44,612.88,617.11,622.97,626.15,629.11,632.35,637.62,641.73,642.59,644.87,645.19,645.5,645.84,646.19,646.57,647.02,647.62,649.29,649.18,649.07,648.97,648.86,648.75,648.65,648.56,648.45,648.35,648.26,648.18,648.07,647.98,647.9,647.81
601.59,600.2,598.71,597.55,596.51,596.13,597.44,598.12,598.77,599.24,599.91,600.23,599.92,600.12,599.81,599.64,599.06,598.33,597.44,596.4,595.3,594.48,593.52,595.42,599.14,604.4,609.42,612.89,617.11,622.96,626.15,629.1,632.35,637.62,641.73,642.59,644.86,645.19,645.51,645.84,646.19,646.57,647.03,647.62,649.29,649.18,649.08,648.97,648.86,648.75,648.65,648.56,648.46,648.36,648.26,648.18,648.07,647.98,647.9,647.81
601.59,600.3,598.81,597.55,596.85,596.26,597.49,598.29,598.55,599.24,599.57,600.05,599.96,600.09,599.94,599.64,598.9,598.31,597.44,596.72,595.54,594.43,593.52,595.21,599.16,604.41,609.42,612.91,617.11,622.96,626.15,629.1,632.35,637.62,641.73,642.59,644.87,645.18,645.5,645.84,646.19,646.57,647.02,647.62,649.3,649.18,649.07,648.97,648.86,648.75,648.65,648.56,648.46,648.36,648.26,648.17,648.08,647.98,647.9,647.81
601.61,600.3,598.81,597.55,596.66,596.13,597.49,598.25,598.77,599.2,599.64,599.98,599.92,600.06,599.84,599.54,598.9,598.31,597.44,596.61,595.68,594.4,593.47,595.42,599.17,604.41,609.42,612.88,617.12,622.96,626.15,629.1,632.35,637.62,641.73,642.6,644.86,645.19,645.51,645.85,646.19,646.57,647.02,647.62,649.29,649.18,649.07,648.97,648.86,648.75,648.65,648.55,648.46,648.35,648.26,648.18,648.08,647.98,647.9,647.81
601.59,600.1,598.74,597.55,596.65,596.23,597.28,598.2,598.64,599.11,599.89,599.94,599.92,600.18,599.94,599.45,598.9,598.39,597.44,596.61,595.47,594.41,593.52,595.32,599.18,604.41,609.42,612.89,617.11,622.96,626.15,629.1,632.35,637.62,641.73,642.59,644.86,645.19,645.51,645.84,646.2,646.57,647.02,647.62,649.29,649.18,649.07,648.97,648.86,648.75,648.66,648.56,648.46,648.35,648.26,648.17,648.08,647.98,647.9,647.81
601.75,600.3,598.71,597.55,596.76,596.26,597.41,598.29,598.98,599.1,599.64,600.23,600.06,600.08,599.81,599.64,598.9,598.46,597.44,596.72,595.37,594.21,593.47,595.21,599.21,604.4,609.43,612.89,617.11,622.96,626.14,629.09,632.36,637.62,641.73,642.6,644.86,645.19,645.5,645.85,646.19,646.57,647.02,647.62,649.3,649.18,649.08,648.97,648.86,648.75,648.65,648.56,648.46,648.35,648.26,648.17,648.07,647.98,647.9,647.81
601.59,600.18,598.71,597.55,596.9,596.18,597.49,598.33,598.64,599.23,599.72,599.98,600.1,600.18,599.94,599.45,598.89,598.33,597.44,596.48,595.34,594.48,593.52,595.3,599.2,604.41,609.44,612.89,617.11,622.97,626.14,629.1,632.36,637.62,641.73,642.59,644.87,645.2,645.51,645.84,646.19,646.57,647.03,647.62,649.29,649.18,649.07,648.97,648.87,648.75,648.65,648.56,648.46,648.35,648.26,648.17,648.08,647.98,647.9,647.81
601.59,600.2,598.86,597.55,596.76,596.26,597.49,598.29,598.59,599.24,599.64,600.11,599.92,600.08,599.94,599.64,598.9,598.52,597.44,596.48,595.34,594.43,593.47,595.42,599.2,604.41,609.42,612.87,617.11,622.96,626.14,629.1,632.35,637.62,641.73,642.59,644.86,645.18,645.51,645.84,646.19,646.57,647.02,647.62,649.29,649.18,649.07,648.97,648.87,648.75,648.65,648.55,648.46,648.35,648.26,648.17,648.08,647.98,647.9,647.81
601.59,600.3,598.71,597.55,596.85,596.13,597.28,598.14,598.72,599.15,599.72,600.05,600.06,600.18,599.81,599.64,598.9,598.38,597.44,596.62,595.52,594.32,593.52,595.3,599.2,604.41,609.41,612.89,617.11,622.96,626.15,629.11,632.35,637.62,641.73,642.59,644.86,645.2,645.5,645.85,646.2,646.57,647.02,647.62,649.3,649.18,649.07,648.97,648.86,648.76,648.65,648.55,648.46,648.35,648.26,648.18,648.08,647.98,647.9,647.81
601.59,600.2,598.71,597.55,596.76,596.26,597.28,598.25,598.77,599.15,599.73,600.11,599.92,600.21,599.94,599.64,599.04,598.38,597.44,596.24,595.39,594.53,593.39,595.42,599.16,604.41,609.42,612.89,617.12,622.96,626.15,629.1,632.35,637.62,641.73,642.59,644.87,645.2,645.51,645.84,646.19,646.57,647.02,647.62,649.3,649.18,649.08,648.97,648.86,648.75,648.65,648.55,648.46,648.36,648.26,648.17,648.08,647.98,647.9,647.81
601.59,600.2,598.74,597.55,596.76,596.16,597.28,598.25,598.72,599.33,599.83,599.9,599.95,600.08,599.81,599.64,599.06,598.35,597.44,596.24,595.37,594.32,593.52,595.42,599.18,604.4,609.42,612.89,617.11,622.96,626.15,629.09,632.35,637.62,641.73,642.6,644.86,645.19,645.51,645.85,646.2,646.57,647.02,647.62,649.29,649.18,649.07,648.97,648.86,648.76,648.66,648.55,648.46,648.35,648.26,648.17,648.07,647.98,647.9,647.81
601.59,600.2,598.91,597.55,596.85,596.13,597.37,598.22,598.79,599.2,599.64,600.11,600.06,600.12,599.84,599.64,598.9,598.46,597.39,596.4,595.47,594.32,593.27,595.29,599.17,604.41,609.44,612.89,617.12,622.96,626.15,629.1,632.35,637.62,641.73,642.59,644.86,645.19,645.51,645.84,646.19,646.57,647.02,647.62,649.29,649.18,649.07,648.97,648.86,648.76,648.65,648.55,648.46,648.35,648.26,648.17,648.08,647.98,647.9,647.81
601.61,600.14,598.75,597.55,596.65,596.13,597.18,598.14,598.79,599.1,599.57,600.11,600.23,600.18,599.93,599.64,598.9,598.52,597.44,596.62,595.38,594.4,593.47,595.21,599.2,604.41,609.42,612.89,617.11,622.97,626.15,629.1,632.36,637.62,641.73,642.59,644.86,645.19,645.5,645.84,646.19,646.57,647.02,647.62,649.29,649.18,649.07,648.97,648.87,648.76,648.65,648.56,648.46,648.35,648.26,648.17,648.08,647.98,647.9,647.81
601.61,600.3,598.86,597.55,596.69,596.13,597.49,598.23,598.72,599.23,599.57,600.2,600.1,600.12,599.94,599.48,599.06,598.38,597.44,596.32,595.34,594.34,593.47,595.21,599.16,604.41,609.44,612.91,617.11,622.96,626.14,629.09,632.35,637.62,641.73,642.6,644.86,645.2,645.51,645.84,646.19,646.57,647.02,647.62,649.3,649.18,649.07,648.97,648.86,648.75,648.65,648.55,648.46,648.36,648.26,648.17,648.07,647.98,647.9,647.81
601.61,600.2,598.91,597.55,596.85,596.18,597.49,598.26,598.71,599.15,599.72,600.11,600.17,600.17,599.84,599.64,598.9,598.31,597.44,596.24,595.39,594.53,593.47,595.29,599.19,604.39,609.42,612.89,617.11,622.97,626.15,629.11,632.35,637.62,641.73,642.59,644.86,645.19,645.51,645.84,646.2,646.57,647.02,647.62,649.29,649.18,649.08,648.97,648.86,648.76,648.65,648.55,648.46,648.35,648.26,648.18,648.07,647.98,647.9,647.81
601.61,600.3,598.82,597.55,596.9,596.26,597.43,598.08,598.64,599.15,599.57,599.98,600.17,600.1,599.81,599.64,598.89,598.31,597.4,596.35,595.37,594.32,593.49,595.21,599.19,604.41,609.44,612.89,617.11,622.96,626.15,629.1,632.35,637.62,641.73,642.59,644.86,645.19,645.51,645.84,646.19,646.57,647.02,647.62,649.28,649.18,649.07,648.97,648.86,648.75,648.65,648.55,648.46,648.35,648.26,648.17,648.08,647.98,647.9,647.81
601.59,600.3,598.72,597.55,596.85,596.21,597.49,598.23,598.77,599.2,599.57,599.98,600.18,600.08,599.93,599.64,598.95,598.31,597.44,596.48,595.47,594.4,593.47,595.42,599.21,604.41,609.42,612.9,617.11,622.96,626.15,629.1,632.36,637.62,641.73,642.59,644.86,645.19,645.51,645.85,646.19,646.57,647.02,647.62,649.29,649.18,649.07,648.97,648.86,648.75,648.65,648.55,648.46,648.35,648.26,648.17,648.08,647.98,647.9,647.81
601.61,600.3,598.74,597.55,596.85,596.18,597.49,598.25,598.95,599.23,599.89,599.9,599.92,600.21,599.81,599.54,598.9,598.33,597.44,596.72,595.68,594.32,593.47,595.42,599.18,604.4,609.41,612.88,617.12,622.97,626.15,629.1,632.36,637.61,641.73,642.6,644.87,645.2,645.51,645.84,646.19,646.57,647.03,647.62,649.29,649.18,649.07,648.97,648.86,648.75,648.65,648.56,648.46,648.35,648.26,648.17,648.07,647.98,647.9,647.81
601.58,600.2,598.86,597.55,596.78,596.23,597.44,598.14,598.72,599.11,599.63,600.09,600.23,600.12,599.81,599.6,599.04,598.38,597.44,596.4,595.34,594.43,593.54,595.21,599.22,604.4,609.41,612.91,617.11,622.96,626.15,629.1,632.35,637.62,641.73,642.59,644.86,645.2,645.51,645.84,646.19,646.57,647.03,647.62,649.3,649.19,649.07,648.97,648.86,648.76,648.65,648.56,648.46,648.35,648.26,648.17,648.08,647.98,647.9,647.81
601.58,600.2,598.74,597.55,596.65,596.16,597.49,598.22,598.72,599.11,599.63,599.98,600.3,600.18,599.81,599.54,598.9,598.38,597.44,596.4,595.37,594.4,593.47,595.3,599.16,604.41,609.42,612.89,617.11,622.96,626.14,629.11,632.35,637.62,641.73,642.59,644.87,645.19,645.51,645.85,646.19,646.57,647.02,647.62,649.29,649.18,649.07,648.97,648.86,648.75,648.65,648.55,648.46,648.35,648.26,648.18,648.08,647.98,647.9,647.81
601.66,600.2,598.86,597.55,596.76,596.18,597.44,598.25,598.64,599.23,599.78,600.11,600.17,600.08,599.81,599.64,599.06,598.27,597.44,596.72,595.47,594.4,593.26,595.42,599.16,604.41,609.42,612.89,617.11,622.96,626.15,629.1,632.35,637.62,641.73,642.6,644.86,645.2,645.5,645.84,646.19,646.57,647.02,647.62,649.3,649.18,649.08,648.97,648.86,648.75,648.65,648.56,648.46,648.36,648.26,648.17,648.07,647.98,647.9,647.81
601.59,600.2,598.71,597.55,596.78,596.26,597.21,598.12,598.79,599.15,599.78,599.98,600.13,600.12,599.81,599.54,598.9,598.31,597.44,596.61,595.34,594.34,593.31,595.42,599.17,604.4,609.41,612.89,617.11,622.96,626.14,629.1,632.35,637.62,641.73,642.59,644.87,645.2,645.5,645.85,646.19,646.57,647.02,647.62,649.3,649.18,649.07,648.97,648.86,648.75,648.65,648.55,648.46,648.36,648.26,648.17,648.07,647.98,647.9,647.81
601.59,600.3,598.86,597.55,596.78,596.13,597.37,598.2,598.62,599.27,599.78,599.9,600.1,600.08,599.81,599.55,598.9,598.31,597.52,596.4,595.47,594.53,593.47,595.32,599.18,604.41,609.44,612.89,617.11,622.96,626.15,629.11,632.35,637.62,641.73,642.59,644.87,645.18,645.51,645.84,646.19,646.57,647.02,647.62,649.29,649.18,649.07,648.97,648.86,648.75,648.66,648.55,648.46,648.35,648.26,648.17,648.08,647.98,647.9,647.81
601.73,600.2,598.67,597.55,596.69,596.18,597.49,598.1,598.72,599.23,599.78,600.05,600.23,600.08,599.81,599.48,599.04,598.35,597.39,596.4,595.47,594.43,593.26,595.42,599.19,604.41,609.44,612.89,617.11,622.96,626.14,629.11,632.35,637.61,641.73,642.59,644.86,645.19,645.5,645.85,646.19,646.57,647.03,647.62,649.29,649.18,649.07,648.97,648.86,648.75,648.65,648.55,648.45,648.35,648.26,648.18,648.07,647.98,647.9,647.81
601.75,600.18,598.86,597.55,596.66,596.18,597.49,598.22,598.71,599.15,599.83,600.07,599.96,600.18,599.81,599.55,598.89,598.14,597.44,596.24,595.47,594.32,593.47,595.21,599.17,604.41,609.44,612.89,617.11,622.97,626.14,629.11,632.35,637.62,641.73,642.59,644.87,645.19,645.51,645.84,646.2,646.57,647.02,647.62,649.29,649.18,649.07,648.97,648.86,648.75,648.65,648.56,648.46,648.35,648.26,648.17,648.08,647.98,647.9,647.81
601.73,600.2,598.71,597.55,596.76,596.13,597.28,598.22,598.72,599.15,599.83,599.98,600.3,600.18,599.92,599.66,598.9,598.27,597.44,596.4,595.37,594.32,593.31,595.21,599.19,604.41,609.44,612.89,617.11,622.97,626.14,629.11,632.35,637.61,641.73,642.6,644.87,645.2,645.51,645.84,646.19,646.57,647.02,647.62,649.28,649.18,649.07,648.97,648.86,648.75,648.65,648.55,648.46,648.35,648.26,648.17,648.08,647.98,647.9,647.81
601.61,600.2,598.86,597.55,596.78,596.13,597.49,598.12,598.77,599.15,599.57,600.23,600.23,600.18,599.94,599.45,599.06,598.38,597.52,596.72,595.47,594.43,593.27,595.21,599.19,604.41,609.42,612.89,617.11,622.96,626.14,629.1,632.35,637.62,641.73,642.6,644.86,645.2,645.51,645.84,646.19,646.57,647.02,647.62,649.29,649.18,649.07,648.97,648.86,648.75,648.65,648.55,648.46,648.35,648.26,648.17,648.08,647.98,647.9,647.81
601.58,600.29,598.86,597.55,596.78,596.13,597.49,598.22,598.64,599.24,599.89,600.11,600.3,600.19,599.94,599.64,598.9,598.38,597.44,596.62,595.47,594.32,593.52,595.29,599.18,604.39,609.42,612.89,617.11,622.97,626.15,629.09,632.35,637.62,641.73,642.6,644.86,645.18,645.51,645.84,646.19,646.57,647.02,647.62,649.29,649.18,649.08,648.97,648.86,648.75,648.65,648.55,648.46,648.35,648.26,648.17,648.07,647.98,647.9,647.81
601.59,600.2,598.71,597.55,596.78,596.13,597.23,598.26,598.62,599.3,599.78,600.05,600.1,600.08,599.77,599.48,598.9,598.41,597.44,596.4,595.47,594.4,593.52,595.42,599.16,604.41,609.44,612.88,617.11,622.96,626.14,629.09,632.35,637.62,641.73,642.6,644.86,645.2,645.51,645.85,646.2,646.57,647.02,647.62,649.3,649.19,649.07,648.97,648.86,648.75,648.65,648.56,648.46,648.36,648.26,648.17,648.07,647.98,647.9,647.81
601.59,600.3,598.86,597.55,596.85,596.2,597.37,598.25,598.59,599.2,599.57,599.98,599.96,600.26,599.92,599.64,598.9,598.35,597.44,596.72,595.47,594.53,593.52,595.21,599.22,604.41,609.44,612.89,617.11,622.96,626.15,629.1,632.35,637.62,641.73,642.6,644.86,645.2,645.51,645.85,646.19,646.57,647.02,647.62,649.3,649.18,649.07,648.97,648.86,648.76,648.65,648.55,648.46,648.35,648.26,648.17,648.07,647.98,647.9,647.81
601.73,600.18,598.86,597.55,596.86,596.13,597.28,598.25,598.79,599.15,599.54,599.9,599.96,600.08,599.94,599.64,598.9,598.33,597.44,596.4,595.47,594.41,593.47,595.21,599.16,604.41,609.44,612.89,617.11,622.96,626.15,629.1,632.35,637.62,641.73,642.59,644.87,645.18,645.51,645.84,646.19,646.57,647.02,647.62,649.29,649.18,649.07,648.97,648.86,648.76,648.65,648.56,648.46,648.35,648.26,648.17,648.08,647.98,647.9,647.81
601.59,600.2,598.86,597.55,596.74,596.13,597.43,598.14,598.72,599.15,599.57,600.05,599.92,600.08,599.81,599.45,599.06,598.41,597.24,596.4,595.38,594.32,593.47,595.29,599.18,604.41,609.42,612.89,617.11,622.96,626.15,629.1,632.36,637.62,641.73,642.59,644.87,645.18,645.51,645.85,646.19,646.57,647.02,647.62,649.3,649.18,649.07,648.97,648.86,648.76,648.65,648.56,648.46,648.36,648.26,648.17,648.08,647.98,647.9,647.81
601.59,600.2,598.74,597.55,596.81,596.18,597.44,598.25,598.72,599.24,599.72,600.11,600.06,600.08,599.81,599.55,598.9,598.33,597.44,596.72,595.52,594.4,593.47,595.21,599.16,604.4,609.44,612.89,617.11,622.97,626.15,629.1,632.35,637.62,641.73,642.6,644.87,645.2,645.5,645.85,646.19,646.57,647.02,647.62,649.29,649.18,649.07,648.97,648.86,648.76,648.65,648.56,648.46,648.35,648.26,648.17,648.08,647.98,647.9,647.81
601.69,600.2,598.81,597.55,596.85,596.26,597.44,598.14,598.72,599.33,599.57,599.98,600.06,600.18,599.85,599.54,598.9,598.38,597.44,596.48,595.37,594.53,593.26,595.21,599.22,604.41,609.44,612.88,617.11,622.96,626.14,629.1,632.35,637.62,641.73,642.59,644.87,645.18,645.51,645.85,646.19,646.57,647.03,647.62,649.29,649.18,649.07,648.97,648.86,648.75,648.65,648.55,648.46,648.35,648.26,648.17,648.07,647.98,647.9,647.81
601.73,600.3,598.81,597.55,596.85,596.13,597.49,598.12,598.61,599.27,599.57,600.11,600.09,600.26,599.84,599.66,598.89,598.41,597.44,596.32,595.37,594.53,593.27,595.3,599.17,604.4,609.42,612.89,617.11,622.96,626.15,629.1,632.35,637.62,641.73,642.59,644.87,645.19,645.51,645.84,646.2,646.57,647.02,647.62,649.3,649.18,649.07,648.97,648.86,648.76,648.65,648.56,648.46,648.35,648.26,648.18,648.07,647.98,647.9,647.81
601.59,600.2,598.74,597.55,596.78,596.13,597.41,598.2,598.79,599.24,599.75,599.98,600.18,600.05,599.81,599.48,599.06,598.27,597.44,596.4,595.39,594.4,593.47,595.21,599.22,604.39,609.44,612.91,617.11,622.96,626.15,629.1,632.36,637.62,641.73,642.59,644.86,645.19,645.51,645.84,646.19,646.57,647.03,647.62,649.29,649.18,649.07,648.97,648.86,648.75,648.65,648.56,648.46,648.36,648.26,648.17,648.07,647.98,647.9,647.81
601.59,600.3,598.74,597.55,596.78,596.13,597.49,598.23,598.72,599.23,599.64,599.98,600.18,599.9,599.81,599.48,598.9,598.46,597.44,596.4,595.47,594.32,593.26,595.42,599.16,604.41,609.44,612.91,617.12,622.97,626.14,629.11,632.35,637.62,641.73,642.59,644.86,645.2,645.51,645.84,646.19,646.57,647.02,647.62,649.29,649.18,649.07,648.97,648.86,648.75,648.65,648.56,648.46,648.36,648.26,648.17,648.07,647.98,647.9,647.81
601.75,600.3,598.74,597.55,596.9,596.13,597.44,598.2,598.72,599.1,599.78,600.05,600.3,600.18,599.81,599.66,598.99,598.27,597.24,596.4,595.47,594.37,593.47,595.42,599.19,604.41,609.44,612.89,617.12,622.96,626.14,629.11,632.35,637.62,641.73,642.59,644.86,645.19,645.51,645.84,646.19,646.57,647.02,647.62,649.29,649.18,649.07,648.97,648.86,648.75,648.66,648.56,648.46,648.35,648.26,648.17,648.08,647.98,647.9,647.81
601.59,600.2,598.78,597.55,596.74,596.13,597.28,598.25,598.72,599.11,599.83,599.9,600.13,600.18,599.92,599.64,598.9,598.52,597.44,596.62,595.47,594.53,593.47,595.21,599.17,604.39,609.43,612.89,617.11,622.96,626.15,629.1,632.35,637.62,641.73,642.59,644.86,645.19,645.51,645.84,646.2,646.57,647.02,647.62,649.29,649.18,649.07,648.97,648.86,648.75,648.65,648.55,648.45,648.36,648.26,648.18,648.07,647.98,647.9,647.81
601.59,600.2,598.81,597.55,596.85,596.16,597.44,598.12,598.77,599.11,599.91,600.23,600.3,600.08,599.84,599.64,598.89,598.38,597.44,596.48,595.34,594.32,593.47,595.29,599.16,604.41,609.42,612.89,617.11,622.96,626.15,629.09,632.35,637.62,641.73,642.6,644.86,645.18,645.5,645.84,646.19,646.57,647.02,647.62,649.29,649.18,649.07,648.97,648.86,648.75,648.65,648.55,648.46,648.35,648.26,648.17,648.07,647.98,647.9,647.81
601.59,600.2,598.86,597.55,596.85,596.13,597.37,598.25,598.95,599.1,599.72,600.11,599.96,600.08,599.81,599.72,598.89,598.38,597.44,596.72,595.47,594.32,593.47,595.42,599.2,604.41,609.42,612.89,617.11,622.97,626.15,629.09,632.35,637.61,641.73,642.6,644.86,645.19,645.51,645.85,646.19,646.57,647.02,647.62,649.3,649.18,649.08,648.97,648.86,648.76,648.65,648.55,648.46,648.36,648.26,648.17,648.08,647.98,647.9,647.81
601.59,600.3,598.61,597.55,596.66,596.18,597.49,598.23,598.71,599.24,599.7,599.9,600.17,600.21,599.81,599.66,598.9,598.33,597.52,596.62,595.47,594.41,593.52,595.42,599.16,604.41,609.43,612.89,617.11,622.96,626.14,629.1,632.35,637.62,641.73,642.59,644.86,645.18,645.51,645.84,646.2,646.57,647.02,647.62,649.29,649.18,649.08,648.97,648.86,648.75,648.65,648.55,648.46,648.36,648.26,648.17,648.08,647.98,647.9,647.81
601.59,600.3,598.78,597.55,596.9,596.18,597.23,598.1,598.72,599.27,599.73,600.11,599.92,600.08,599.93,599.64,599.04,598.31,597.44,596.61,595.34,594.48,593.47,595.21,599.18,604.41,609.41,612.91,617.11,622.96,626.15,629.1,632.35,637.62,641.73,642.59,644.86,645.2,645.51,645.84,646.19,646.57,647.02,647.62,649.3,649.18,649.07,648.97,648.86,648.75,648.65,648.56,648.46,648.35,648.26,648.17,648.08,647.98,647.9,647.81
558.49,544.44,532.21,521.44,511.62,503.48,485.87,470.86,458.44,447.27,436.97,427.31,417.57,409.48,401.13,393.09,385.28,377.68,369.61,362.84,355.48,347.45,340.4,325.41,303.84,280.19,258.94,244.33,226.95,203.95,189.44,177.09,163.89,142.5,128.6,122.27,110.42,107.26,103.49,100.4,97.948,94.053,90.202,86.458,77.796,76.967,75.776,75.359,74.579,73.814,73.063,72.326,71.602,70.89,70.191,69.503,68.826,68.16,67.505,66.86
558.49,544.44,532.21,521.1,511.97,503.48,485.87,470.86,458.44,446.65,436.35,427.31,417.57,408.51,401.13,392.48,385.28,377.68,370.22,362.84,354.88,348.05,340.4,325.41,303.84,280.79,258.94,243.49,226.33,203.32,190.08,177.09,163.89,143.43,128.97,122.27,110.42,107.26,104.15,100.4,97.948,94.053,90.578,87.139,77.796,76.967,76.155,75.359,74.579,73.814,73.063,72.326,71.602,70.89,70.191,69.503,68.826,68.16,67.505,66.86
558.49,544.44,532.21,521.44,511.97,503.13,485.87,470.86,458.08,447.27,436.97,426.7,418.18,409.48,401.13,393.09,385.28,377.68,370.22,362.84,354.88,348.05,340.04,325.41,304.61,280.79,258.94,242.87,226.95,203.95,190.08,177.09,163.89,142.5,128.6,121.61,110.42,107.26,103.49,100.4,97.948,94.053,91.256,87.139,77.796,76.967,76.155,75.359,74.579,73.814,73.063,72.326,71.602,70.89,70.191,69.503,68.826,68.16,67.505,66.86
558.49,544.44,532.21,521.44,511.97,503.48,485.87,470.86,458.44,447.27,436.97,427.31,417.83,408.87,401.13,393.09,384.68,377.68,370.22,362.84,354.88,348.05,340.4,325.17,303.66,280.42,258.94,243.72,226.95,202.69,190.08,177.09,163.89,143.8,128.97,122.27,110.42,107.26,103.12,100.4,97.948,94.053,91.256,87.139,77.796,76.967,76.155,75.359,74.579,73.814,73.063,72.326,71.602,70.89,70.191,69.503,68.826,68.16,67.505,66.86
558.49,544.44,532.21,521.44,511.97,503.48,485.87,470.86,457.81,447.27,436.97,427.31,418.18,408.87,401.13,392.48,385.28,377.68,370.22,362.84,355.48,348.05,339.8,325.41,303.41,280.19,258.94,243.71,226.33,203.32,190.08,177.09,163.89,143.43,128.31,122.27,110.42,107.26,103.49,100.4,97.278,94.053,90.578,87.139,77.796,76.967,76.155,75.359,74.579,73.814,73.063,72.326,71.602,70.89,70.191,69.503,68.826,68.16,67.505,66.86
558.49,544.44,532.21,521.44,511.97,503.13,485.87,470.86,458.44,447.27,436.97,427.31,418.18,409.48,401.13,393.09,385.28,377.68,369.61,362.84,355.48,348.05,339.8,325.41,304.02,280.79,258.94,243.49,226.95,203.32,190.08,176.45,163.85,143.8,128.6,122.27,110.42,107.26,103.12,100.4,97.948,94.053,91.256,87.139,77.796,76.967,76.155,75.359,74.579,73.814,73.063,72.326,71.602,70.89,70.191,69.503,68.826,68.16,67.505,66.86
558.49,544.44,532.21,521.44,511.97,503.48,485.87,470.86,457.81,447.27,436.97,427.31,417.83,408.87,401.13,392.48,385.28,377.68,369.86,362.84,355.48,348.05,340.4,325.41,303.64,280.79,258.32,242.87,226.33,203.95,188.8,176.45,163.89,143.81,128.97,121.61,110.42,107.26,103.12,100.69,97.948,94.053,90.578,86.458,77.796,76.967,76.155,75.359,74.579,73.814,73.063,72.326,71.602,70.89,70.191,69.503,68.826,68.16,67.505,66.86
558.49,544.44,532.21,521.45,511.97,503.48,485.87,470.86,458.44,446.65,436.97,427.31,417.83,408.87,401.13,392.73,385.28,377.68,369.61,362.84,355.48,347.45,340.4,325.41,303.84,280.79,258.94,243.71,226.33,203.95,190.08,175.8,163.89,143.15,128.97,122.27,110.42,107.26,103.49,101.07,97.948,94.053,90.578,87.139,77.796,76.967,76.155,75.359,74.579,73.814,73.063,72.326,71.602,70.89,70.191,69.503,68.826,68.16,67.505,66.86
558.49,544.44,532.21,521.44,511.97,503.13,485.87,470.86,458.44,447.27,436.97,427.31,418.18,409.12,401.13,393.09,385.28,377.68,369.61,362.84,355.48,347.45,340.4,325.41,303.64,280.79,258.94,243.09,226.33,203.32,190.08,177.09,163.89,143.43,128.97,121.62,110.42,107.26,103.49,100.4,97.948,94.053,91.256,87.139,77.796,76.967,76.155,75.359,74.579,73.814,73.063,72.326,71.602,70.89,69.804,69.503,68.826,68.16,67.505,66.469
558.5,544.44,532.21,521.44,511.97,503.48,485.87,470.86,458.44,447.27,436.97,426.7,418.18,409.48,401.13,393.09,385.28,377.68,370.22,362.84,354.88,348.05,340.4,325.41,303.64,280.79,258.94,244.11,226.33,203.95,190.08,177.09,163.89,143.8,128.97,122.27,110.42,107.26,103.49,100.4,97.948,94.053,90.578,86.458,77.796,76.967,76.155,75.359,74.579,73.814,73.063,72.326,71.602,70.89,70.191,69.503,68.826,68.16,67.505,66.86
558.49,544.44,532.21,521.44,511.97,503.48,485.87,470.86,458.44,446.65,436.97,427.31,417.57,408.51,401.13,392.48,385.28,377.68,370.22,362.84,355.48,347.09,340.04,325.41,304.61,280.79,258.32,244.33,226.33,203.95,189.44,176.45,163.89,143.43,128.97,122.27,110.42,107.26,103.49,100.03,97.948,94.053,90.578,86.458,77.796,76.967,76.155,75.359,74.579,73.814,73.063,72.326,71.602,70.89,70.191,69.503,68.826,68.16,67.505,66.86
558.5,544.44,532.21,521.44,511.62,503.48,485.87,470.86,458.44,447.27,436.97,427.31,417.57,408.87,401.13,393.09,385.28,377.68,370.22,362.84,355.48,347.45,339.8,325.17,303.84,280.79,258.32,242.48,226.33,203.95,190.08,177.09,163.89,143.81,128.97,122.27,110.42,107.26,104.15,100.4,97.574,94.053,90.578,86.458,77.796,76.967,76.155,75.359,74.579,73.814,73.063,72.326,71.602,70.89,70.191,69.503,68.826,68.16,67.505,66.86
558.5,544.44,532.21,521.44,511.97,503.48,485.87,470.86,458.44,447.27,436.97,427.31,418.18,408.87,400.52,392.48,385.28,377.68,370.22,362.84,354.88,347.45,340.4,325.41,304.61,280.79,258.94,243.35,226.33,203.95,189.44,176.45,163.89,143.8,128.97,122.27,110.42,107.26,103.49,101.07,97.278,94.053,90.578,86.458,77.796,76.967,76.155,75.359,74.579,73.814,73.063,72.326,71.602,70.89,70.191,69.503,68.826,68.16,67.505,66.86
558.5,544.44,532.21,521.1,511.97,503.48,485.87,470.86,458.44,446.65,436.97,427.31,418.18,409.48,401.13,392.12,385.28,377.68,370.22,362.48,355.48,348.05,340.4,325.41,304.61,280.79,258.33,244.33,226.33,203.95,190.08,177.09,163.89,142.5,128.97,122.27,110.42,107.26,103.49,101.07,97.948,93.678,91.256,87.139,77.796,76.967,76.155,75.359,74.579,73.814,73.063,72.326,71.602,70.89,70.191,69.503,68.826,68.16,67.505,66.86
558.49,544.44,532.21,521.44,511.62,503.48,485.87,470.86,457.81,447.27,436.97,427.31,418.18,409.48,401.13,392.48,384.68,377.68,369.61,362.84,354.88,347.45,340.4,325.41,304.61,280.19,258.94,243.49,226.33,203.32,190.08,175.8,163.89,142.5,128.97,122.27,110.42,107.26,103.49,101.07,97.278,94.053,91.256,87.139,77.796,76.967,76.155,75.359,74.579,73.814,73.063,72.326,71.602,70.89,70.191,69.503,68.826,68.16,67.505,66.86
558.49,544.44,532.21,521.44,511.97,503.48,485.87,470.86,458.44,447.27,436.97,427.31,417.57,408.87,401.13,393.09,385.28,377.68,370.22,362.84,354.88,348.05,339.8,325.41,304.02,280.79,258.94,242.26,226.33,203.95,190.08,176.45,163.89,143.81,128.97,122.27,110.42,107.26,103.12,100.69,97.948,94.053,90.578,87.139,77.796,76.967,76.155,75.359,74.579,73.432,73.063,72.326,71.602,70.89,70.191,69.503,68.438,68.16,67.505,66.86
558.5,544.44,532.21,521.44,511.97,503.13,485.87,470.86,457.81,446.65,436.97,427.31,418.18,408.87,401.13,393.09,385.28,377.68,370.22,362.84,355.48,347.45,340.4,325.41,303.84,280.79,258.32,242.87,226.33,203.95,190.08,176.45,163.89,144.46,128.32,121.61,110.42,107.26,103.49,100.69,97.278,94.351,90.578,86.458,77.796,76.967,76.155,75.359,74.198,73.814,72.68,72.326,71.602,70.89,70.191,69.503,68.826,68.16,67.505,66.86
558.49,544.44,532.21,521.1,511.97,503.48,485.87,470.86,458.44,447.27,436.97,427.31,417.83,408.87,401.13,393.09,385.28,377.68,369.61,362.84,355.12,348.05,340.4,325.41,304.02,280.19,258.32,243.49,226.33,203.32,190.08,176.45,163.85,143.8,128.97,121.61,110.42,107.26,103.49,101.07,97.948,94.053,90.578,86.458,77.796,76.967,76.155,75.359,74.579,73.814,73.063,72.326,71.217,70.89,70.191,69.503,68.438,68.16,67.505,66.86
558.49,544.44,532.21,521.44,511.97,503.48,485.87,470.86,457.81,447.27,436.97,426.7,418.18,409.48,401.13,393.09,385.28,377.68,370.22,362.84,355.48,348.05,340.4,325.17,304.43,280.19,258.94,243.49,226.33,203.95,189.44,175.8,163.85,143.81,128.31,121.62,110.42,107.26,104.15,101.07,97.278,94.053,91.256,86.458,77.796,76.967,76.155,75.359,74.579,73.814,73.063,71.942,71.602,70.89,70.191,69.115,68.826,68.16,67.505,66.86
558.49,544.44,532.21,521.44,511.62,503.48,485.87,470.86,458.44,447.27,436.97,427.31,417.83,409.48,401.13,392.12,385.28,377.68,370.22,362.84,354.88,348.05,340.4,325.17,304.02,280.79,258.94,242.87,226.33,203.32,190.08,175.81,163.89,142.5,128.97,122.27,110.42,107.26,103.49,101.07,97.278,94.053,90.578,87.139,77.796,76.967,76.155,75.359,74.579,73.814,73.063,72.326,71.602,70.89,70.191,69.503,68.826,68.16,67.505,66.86
558.5,544.44,532.21,521.44,511.62,503.48,485.87,470.86,458.44,447.27,436.97,427.31,418.18,409.48,401.13,393.09,385.28,377.68,369.61,362.84,355.48,348.05,339.8,325.41,304.61,280.19,258.94,242.26,226.33,203.32,190.08,177.09,163.89,143.16,128.97,122.27,110.42,107.26,103.49,101.07,97.278,94.053,90.578,86.458,77.796,76.967,75.776,75.359,74.579,73.432,73.063,72.326,71.602,70.89,70.191,69.503,68.826,68.16,67.505,66.86
558.49,544.44,532.21,521.45,511.97,503.48,485.87,470.86,458.44,446.65,436.97,427.31,418.18,409.48,401.13,393.09,385.28,377.68,369.61,362.84,355.12,348.05,340.4,325.41,304.02,280.19,258.94,243.09,226.33,203.95,190.08,177.09,163.89,143.8,127.66,122.27,110.42,107.26,103.49,101.07,97.948,94.053,90.578,86.458,77.796,76.967,76.155,75.359,74.579,73.814,73.063,72.326,71.602,70.89,70.191,69.503,68.826,68.16,67.115,66.86
558.5,544.44,532.21,521.44,511.97,503.48,485.87,470.86,457.81,447.27,436.97,427.31,417.57,409.12,401.13,392.12,385.28,377.68,369.86,362.84,354.88,348.05,340.4,325.41,304.61,280.79,258.94,242.87,226.33,203.32,190.08,177.09,163.89,143.81,128.31,122.27,110.42,107.26,103.49,101.07,97.278,94.053,91.256,86.458,77.796,76.967,75.776,75.359,74.579,73.432,73.063,72.326,71.602,70.89,70.191,69.503,68.438,68.16,67.505,66.86
558.49,544.44,532.21,521.44,511.62,503.13,485.87,470.86,458.44,447.27,436.97,427.31,418.18,409.48,401.13,393.09,385.28,377.68,370.22,362.84,355.48,348.05,340.4,325.41,303.84,280.79,258.32,244.11,226.95,203.32,190.08,177.09,163.89,143.15,128.97,121.62,110.42,107.26,104.15,101.07,97.948,94.053,91.256,87.139,77.796,76.967,76.155,75.359,74.579,73.814,73.063,72.326,71.217,70.89,70.191,69.503,68.826,68.16,67.505,66.86
558.49,544.44,532.21,521.45,511.97,503.48,485.87,470.86,458.44,447.27,436.97,427.31,417.83,409.48,401.13,393.09,385.28,377.68,370.22,362.84,355.48,348.05,339.8,325.41,304.02,280.79,258.94,243.49,226.33,203.95,190.08,175.8,163.89,143.15,127.94,122.27,110.42,107.26,103.49,101.07,97.948,94.053,90.578,86.458,77.796,76.967,76.155,75.359,74.579,73.432,73.063,72.326,71.602,70.89,70.191,69.503,68.826,68.16,67.115,66.86
558.49,544.44,531.86,521.44,511.97,503.48,485.87,470.86,458.08,446.65,436.97,427.31,417.57,408.87,401.13,392.48,385.28,377.68,370.22,362.84,355.48,348.05,340.4,325.41,303.64,280.19,258.33,243.1,226.95,203.95,190.08,177.09,163.23,143.43,128.31,122.27,110.42,107.26,103.49,100.4,97.278,94.053,91.256,86.458,77.796,76.967,75.776,75.359,74.579,73.814,73.063,72.326,71.602,70.89,70.191,69.115,68.826,68.16,67.505,66.86
558.49,544.44,532.21,521.44,511.97,503.48,485.87,470.86,458.44,446.92,436.97,427.31,418.18,408.87,401.13,392.48,385.28,377.68,370.22,362.84,354.88,347.45,340.4,325.17,304.02,280.79,258.94,243.35,226.95,203.95,189.44,175.81,163.89,143.15,128.97,122.27,110.42,107.26,103.49,100.4,97.948,94.053,90.578,86.458,77.796,76.967,75.776,75.359,74.198,73.814,73.063,72.326,71.602,70.89,70.191,69.503,68.826,68.16,67.505,66.86
558.49,544.44,532.21,521.45,511.97,503.48,485.87,470.86,458.08,447.27,436.97,427.31,418.18,409.48,401.13,392.12,385.28,377.68,369.61,362.84,354.88,348.05,340.4,325.41,303.41,280.79,258.94,243.1,226.33,203.95,190.08,175.8,163.25,144.46,127.66,121.9,110.42,107.26,103.49,101.07,97.948,94.053,90.578,87.139,77.796,76.967,76.155,75.359,74.579,73.814,73.063,72.326,71.602,70.89,70.191,69.503,68.826,68.16,67.505,66.86
558.49,544.44,532.21,521.45,511.62,503.48,485.87,470.86,458.44,446.65,436.97,427.31,417.57,409.48,401.13,393.09,385.28,377.68,370.22,362.84,355.48,348.05,339.8,325.41,304.61,280.79,258.33,242.87,226.95,203.95,190.08,177.09,163.89,143.15,128.97,121.61,110.42,107.26,103.12,101.07,97.278,94.053,90.578,87.139,77.796,76.967,76.155,75.359,74.579,73.814,73.063,72.326,71.602,70.89,70.191,69.503,68.826,68.16,67.505,66.86
558.5,544.44,532.21,521.44,511.97,503.48,485.87,470.86,458.44,447.27,436.97,427.31,418.18,408.87,401.13,393.09,385.28,377.68,370.22,362.84,355.48,348.05,340.4,325.17,304.61,280.79,258.32,242.87,226.33,203.95,190.08,177.09,163.89,142.5,127.94,122.27,110.42,107.26,103.49,101.07,97.278,94.053,90.578,86.458,77.418,76.967,76.155,75.359,74.579,73.814,73.063,72.326,71.217,70.89,70.191,69.503,68.826,68.16,67.505,66.86
558.5,544.44,532.21,521.44,511.97,503.48,485.87,470.86,458.08,447.27,436.97,426.7,418.18,409.48,401.13,393.09,385.28,377.68,369.61,362.84,355.48,348.05,340.4,325.41,304.02,280.79,258.32,242.51,225.7,203.95,190.08,175.8,163.89,143.16,127.94,122.27,110.42,107.26,104.15,100.4,97.948,94.053,90.202,87.139,77.796,76.967,76.155,75.359,74.579,73.814,73.063,72.326,71.602,70.89,70.191,69.503,68.826,68.16,67.505,66.86
558.5,544.44,532.21,521.44,511.97,503.48,485.87,470.86,458.44,447.27,436.97,427.31,418.18,408.87,401.13,392.48,385.28,377.68,369.61,362.84,355.48,347.45,340.4,325.41,304.03,280.79,258.33,243.72,226.33,203.95,190.08,176.45,163.89,142.5,128.97,122.27,110.42,107.26,103.12,100.4,97.948,94.053,90.578,86.458,77.796,76.967,76.155,75.359,74.579,73.814,73.063,72.326,71.602,70.89,70.191,69.115,68.438,68.16,67.115,66.86
558.5,544.44,531.86,521.44,511.97,503.48,485.87,470.23,458.44,447.27,436.97,427.31,417.57,409.48,401.13,392.48,385.28,377.68,370.21,362.84,355.48,348.05,339.8,325.41,304.43,280.79,258.32,243.49,226.95,203.95,190.08,177.09,163.89,143.81,127.66,122.27,110.42,107.26,103.49,100.4,97.948,94.053,90.578,86.458,77.796,76.967,76.155,75.359,74.579,73.814,72.68,71.942,71.602,70.89,70.191,69.503,68.826,68.16,67.505,66.86
558.49,544.44,532.21,521.44,511.97,503.48,485.87,470.86,458.44,446.65,436.97,427.31,418.18,408.87,401.13,393.09,385.28,377.68,369.61,362.84,355.48,348.05,340.4,325.17,304.61,280.79,258.94,243.49,226.95,203.95,190.08,176.45,163.23,143.81,128.31,122.27,110.42,107.26,103.49,100.69,97.278,94.053,90.202,86.458,77.418,76.967,76.155,75.359,74.579,73.814,73.063,72.326,71.602,70.89,70.191,69.503,68.826,68.16,67.505,66.86
558.5,544.44,532.21,521.44,511.97,503.48,485.87,470.86,458.44,446.65,436.97,427.31,418.18,408.87,401.13,392.48,384.68,377.68,369.61,362.84,354.88,348.05,340.4,325.17,303.41,280.19,258.33,242.26,226.33,203.95,190.08,175.8,163.89,143.8,128.31,122.27,110.42,107.26,104.15,101.07,97.948,94.053,91.256,86.458,77.796,76.967,76.155,75.359,74.579,73.814,73.063,72.326,71.602,70.89,70.191,69.503,68.826,68.16,67.505,66.86
558.49,544.44,532.21,521.44,511.97,503.48,485.87,470.86,458.08,446.65,436.97,427.31,418.18,409.12,401.13,393.09,385.28,377.68,370.22,362.84,355.48,348.05,340.4,325.41,304.02,280.79,258.94,243.71,226.33,203.95,190.08,176.45,163.89,143.81,127.66,122.27,110.42,106.89,103.49,100.4,97.278,94.053,91.256,87.139,77.796,76.967,76.155,75.359,74.579,73.432,73.063,72.326,71.602,70.89,70.191,69.503,68.826,68.16,67.505,66.86
558.49,544.44,532.21,521.45,511.97,503.48,485.87,470.86,458.44,446.65,436.97,427.31,418.18,408.87,400.52,393.09,384.93,377.68,369.61,362.84,354.88,348.05,340.4,325.41,304.02,280.79,258.94,243.35,226.33,203.32,190.08,175.8,163.89,143.81,128.97,122.27,110.42,107.26,104.15,100.69,97.278,94.053,90.578,86.458,77.796,76.967,76.155,75.359,74.579,73.814,73.063,72.326,71.602,70.89,70.191,69.115,68.826,68.16,67.115,66.86
558.5,544.44,532.21,521.45,511.97,503.48,485.87,470.86,458.44,447.27,436.97,427.31,417.57,409.12,400.52,392.48,385.28,377.68,370.22,362.84,355.48,348.05,340.4,325.41,304.61,280.79,258.94,243.49,226.95,203.95,190.08,177.09,163.23,143.8,128.97,122.27,110.42,107.26,103.49,101.07,97.948,94.053,90.578,86.458,77.796,76.967,76.155,75.359,74.579,73.814,73.063,72.326,71.602,70.89,70.191,69.503,68.438,68.16,67.505,66.86
558.49,544.44,532.21,521.45,511.97,503.48,485.87,470.86,458.44,447.27,436.97,427.31,417.83,409.48,400.52,393.09,385.28,377.68,369.61,362.84,355.48,348.05,340.4,325.41,304.61,280.79,258.94,242.87,226.95,203.95,189.44,177.09,163.89,143.81,127.94,122.27,110.42,107.26,104.15,101.07,97.948,94.053,90.578,86.458,77.796,76.967,76.155,75.359,74.579,73.814,73.063,72.326,71.602,70.89,69.804,69.503,68.438,68.16,67.505,66.86
558.49,544.44,532.21,521.45,511.62,503.48,485.87,470.86,457.81,447.27,436.97,427.31,417.57,408.51,400.52,393.09,385.28,377.68,370.21,362.84,355.48,348.05,340.4,325.41,303.41,280.79,258.94,243.1,226.95,203.95,190.08,176.45,163.89,143.81,128.97,122.27,110.42,106.89,103.49,100.4,97.278,94.053,90.202,86.458,77.796,76.967,76.155,75.359,74.579,73.814,73.063,71.942,71.602,70.89,70.191,69.503,68.826,68.16,67.505,66.86
558.5,544.44,532.21,521.44,511.97,503.48,485.87,470.86,458.44,447.27,436.97,426.7,418.18,409.48,401.13,393.09,385.28,377.68,370.22,362.84,355.12,348.05,340.4,325.17,303.84,280.79,258.33,243.09,226.95,203.32,190.08,177.09,163.89,143.8,127.94,122.27,110.42,107.26,103.49,101.07,97.278,94.351,90.578,87.139,77.796,76.967,76.155,75.359,74.579,73.814,72.68,72.326,71.602,70.89,70.191,69.115,68.826,68.16,67.505,66.86
558.5,544.44,532.21,521.44,511.62,503.48,485.87,470.86,458.44,446.65,436.97,427.31,417.83,408.87,400.52,393.09,384.93,377.68,369.61,362.84,355.48,348.05,340.4,325.17,304.61,280.79,258.94,242.87,226.33,202.69,189.44,177.09,163.85,143.43,128.32,122.27,110.42,107.26,103.49,101.07,97.948,94.053,91.256,87.139,77.796,76.967,75.776,75.359,74.579,73.814,73.063,72.326,71.602,70.89,70.191,69.503,68.826,68.16,67.505,66.86
558.5,544.44,532.21,521.44,511.97,503.48,485.87,470.86,458.44,447.27,436.97,426.7,418.18,409.48,400.78,393.09,385.28,377.68,370.22,362.84,354.88,348.05,340.4,325.41,304.61,280.19,258.94,242.87,226.33,203.32,189.44,176.45,163.89,143.8,128.97,121.61,110.42,107.26,103.49,101.07,97.278,94.053,90.578,87.139,77.796,76.967,76.155,75.359,74.579,73.814,73.063,72.326,71.602,70.89,70.191,69.503,68.826,68.16,67.505,66.86
558.5,544.44,532.21,521.44,511.62,503.48,485.87,470.86,457.81,446.92,436.97,427.31,418.18,408.87,401.13,393.09,385.28,377.68,370.21,362.84,355.12,348.05,339.8,325.41,303.84,280.79,258.94,243.09,226.95,203.95,190.08,177.09,163.89,144.46,128.31,122.27,110.42,107.26,103.49,101.07,97.278,94.053,91.256,87.139,77.796,76.967,76.155,75.359,74.579,73.432,73.063,71.942,71.602,70.89,70.191,69.503,68.826,68.16,67.505,66.86
558.49,544.44,532.21,521.45,511.62,503.48,485.87,470.86,458.44,447.27,436.97,427.31,418.18,409.48,401.13,392.73,385.28,377.68,370.22,362.48,355.48,348.05,340.4,325.41,303.41,280.79,258.94,243.1,226.33,203.32,189.44,175.8,163.89,142.78,127.94,122.27,110.42,107.26,103.49,100.4,97.948,94.053,90.578,87.139,77.796,76.967,76.155,75.359,74.579,73.814,73.063,72.326,71.602,70.89,70.191,69.503,68.826,68.16,67.505,66.86
558.49,544.44,532.21,521.44,511.62,503.48,485.87,470.86,457.81,446.65,436.97,427.31,418.18,408.87,401.13,393.09,385.28,377.68,370.22,362.84,355.12,348.05,340.4,325.41,303.84,280.79,258.33,243.49,225.7,203.95,189.44,177.09,163.89,143.16,128.31,122.27,110.42,107.26,103.49,100.4,97.948,94.053,90.578,87.139,77.796,76.967,76.155,75.359,74.579,73.432,73.063,72.326,71.217,70.89,70.191,69.503,68.826,68.16,67.115,66.86
558.49,544.44,532.21,521.44,511.62,503.48,485.87,470.86,458.44,447.27,436.97,427.31,417.57,408.87,400.78,392.12,385.28,377.68,370.22,362.84,355.12,347.45,340.4,325.41,304.02,280.79,258.94,243.49,226.95,202.69,190.08,175.81,163.23,142.5,128.6,122.27,110.42,107.26,103.49,100.4,97.948,94.053,90.578,86.458,77.796,76.967,76.155,75.359,74.579,73.814,73.063,72.326,71.602,70.89,70.191,69.503,68.438,68.16,67.505,66.86
558.5,544.44,532.21,521.45,511.97,503.48,485.87,470.86,458.44,447.27,436.97,427.31,417.83,408.51,401.13,392.48,385.28,377.68,369.61,362.84,355.48,348.05,340.4,325.41,304.61,280.79,258.32,243.1,226.33,203.95,189.44,175.8,163.89,143.15,128.97,122.27,110.42,107.26,103.12,101.07,97.278,94.053,90.578,86.458,77.796,76.967,76.155,75.359,74.579,73.814,73.063,72.326,71.602,70.89,69.804,69.503,68.826,68.16,67.505,66.86
558.49,544.44,532.21,521.45,511.97,503.48,485.87,470.86,458.44,446.65,436.97,426.7,418.18,408.87,401.13,393.09,385.28,377.68,370.22,362.84,355.48,348.05,339.8,325.41,303.41,280.79,258.94,242.87,226.95,203.95,190.08,177.09,163.89,142.78,128.31,122.27,110.42,107.26,104.15,101.07,97.948,94.053,90.202,87.139,77.796,76.967,75.776,75.359,74.579,73.814,72.68,72.326,71.602,70.89,70.191,69.503,68.826,68.16,67.505,66.469
558.49,544.44,532.21,521.44,511.97,503.13,485.87,470.86,457.81,447.27,436.97,427.31,417.57,408.87,400.78,393.09,385.28,377.68,370.22,362.84,355.48,348.05,339.8,325.41,304.61,280.19,258.94,244.33,226.33,203.95,190.08,177.09,163.89,143.43,128.31,121.61,110.42,107.26,103.49,101.07,97.278,94.053,90.578,86.458,77.796,76.967,76.155,75.359,74.579,73.814,73.063,72.326,71.602,70.89,70.191,69.503,68.826,68.16,67.505,66.86
558.5,544.44,532.21,521.44,511.97,503.48,485.87,470.86,457.81,447.27,436.97,427.31,417.57,409.48,401.13,393.09,385.28,377.68,369.61,362.84,355.48,348.05,340.4,325.41,304.02,280.19,258.33,242.26,226.95,203.95,190.08,175.8,163.89,143.43,128.97,122.27,110.42,107.26,103.49,101.07,97.278,94.053,91.256,86.458,77.796,76.967,76.155,75.359,74.198,73.814,73.063,72.326,71.602,70.89,69.804,69.503,68.826,68.16,67.505,66.86
558.5,544.44,532.21,521.44,511.97,503.48,485.87,470.86,458.44,447.27,436.97,427.31,418.18,408.87,401.13,393.09,385.28,377.68,369.61,362.84,354.88,347.45,339.8,325.41,304.02,280.79,258.94,243.35,226.95,203.32,190.08,175.8,163.85,144.46,128.97,122.27,110.42,107.26,104.15,101.07,97.278,94.053,90.202,86.458,77.796,76.967,76.155,75.359,74.579,73.814,73.063,71.942,71.602,70.89,70.191,69.115,68.438,68.16,67.115,66.86
558.49,544.44,532.21,521.1,511.62,503.48,485.87,470.86,458.44,447.27,436.97,427.31,418.18,408.87,400.78,393.09,385.28,377.68,370.22,362.84,355.48,348.05,339.8,325.41,304.02,280.19,258.94,242.87,226.95,203.95,190.08,176.45,163.89,143.81,128.97,122.27,110.42,107.26,104.15,101.07,97.278,94.053,91.256,87.139,77.796,76.967,76.155,75.359,74.579,73.814,73.063,72.326,71.217,70.89,70.191,69.503,68.826,68.16,67.505,66.86
558.49,544.44,532.21,521.45,511.97,503.48,485.87,470.86,458.44,447.27,436.97,427.31,418.18,409.48,401.13,393.09,385.28,377.68,369.61,362.84,355.48,348.05,340.04,325.17,304.02,280.19,258.94,243.71,226.33,203.95,190.08,176.45,163.89,143.8,128.31,121.61,110.42,107.26,103.49,101.07,97.948,94.053,90.202,87.139,77.796,76.967,76.155,75.359,74.579,73.814,73.063,72.326,71.217,70.89,70.191,69.503,68.438,68.16,67.505,66.86
558.5,544.44,532.21,521.44,511.62,503.48,485.87,470.86,458.08,446.65,436.97,427.31,418.18,408.87,400.52,392.48,384.93,377.68,370.22,362.84,355.48,348.05,340.4,325.17,304.03,280.19,258.33,243.97,226.84,203.32,189.44,175.8,163.89,143.43,127.66,122.27,110.42,107.26,103.49,100.4,97.948,94.053,90.578,86.458,77.796,76.967,76.155,75.359,74.579,73.814,73.063,72.326,71.602,70.89,70.191,69.503,68.826,68.16,67.505,66.86
558.49,544.44,532.21,521.45,511.97,503.48,485.87,470.86,458.44,447.27,436.97,427.31,418.18,409.48,400.78,392.48,385.28,377.68,370.22,362.84,355.48,347.45,340.4,325.17,304.61,280.19,258.94,242.87,226.33,203.95,190.08,177.09,163.89,143.8,127.66,122.27,110.42,107.26,103.49,100.4,97.278,93.678,90.578,86.458,77.796,76.967,76.155,75.359,74.579,73.814,73.063,72.326,71.602,70.89,70.191,69.115,68.826,68.16,67.505,66.86
558.49,544.44,532.21,521.44,511.62,503.48,485.87,470.86,458.44,446.65,436.97,427.31,418.18,409.48,401.13,392.48,385.28,377.68,370.22,362.84,355.48,348.05,340.4,325.41,304.02,280.19,258.94,243.49,226.95,203.32,190.08,175.8,163.89,143.8,127.94,122.27,110.42,107.26,103.49,101.07,97.278,94.053,90.578,86.458,77.796,76.967,76.155,75.359,74.579,73.814,73.063,72.326,71.602,70.89,70.191,69.503,68.438,68.16,67.505,66.86
558.49,544.44,532.21,521.44,511.62,503.48,485.87,470.86,458.44,446.65,436.97,427.31,417.83,408.87,401.13,393.09,385.28,377.68,369.61,362.84,355.48,348.05,340.4,325.41,304.61,280.79,258.94,243.49,226.95,203.32,190.08,177.09,163.89,143.15,128.31,121.61,110.42,107.26,103.49,100.4,97.948,94.726,91.256,86.458,77.796,76.967,76.155,75.359,74.579,73.814,73.063,72.326,71.602,70.89,70.191,69.503,68.826,68.16,67.505,66.86
558.49,544.44,532.21,521.44,511.62,503.13,485.87,470.86,458.44,447.27,436.97,427.31,417.57,408.87,400.52,392.48,385.28,377.68,370.21,362.84,355.48,348.05,339.8,325.41,304.02,280.79,258.94,243.49,226.95,203.95,190.08,175.81,163.89,142.5,128.31,122.27,110.42,107.26,104.15,100.03,97.948,94.053,90.202,86.458,77.796,76.967,76.155,75.359,74.579,73.432,73.063,72.326,71.602,70.89,70.191,69.503,68.826,68.16,67.505,66.86
558.49,544.44,532.21,521.44,511.62,503.13,485.87,470.86,458.08,447.27,436.97,427.31,418.18,408.51,401.13,392.48,385.28,377.68,369.61,362.84,355.48,348.05,340.4,325.41,304.02,280.79,258.94,242.87,226.33,203.95,190.08,177.09,163.89,143.43,127.66,122.27,110.42,107.26,103.78,101.07,97.948,94.053,90.578,87.139,77.796,76.967,76.155,75.359,74.579,73.814,73.063,72.326,71.602,70.89,70.191,69.503,68.826,68.16,67.505,66.86
