-10,-9.322,-8.6441,-7.9661,-7.2881,-6.6102,-5.9322,-5.2542,-4.5763,-3.8983,-3.2203,-2.5424,-1.8644,-1.1864,-0.50847,0.16949,0.84746,1.5254,2.2034,2.8814,3.5593,4.2373,4.9153,5.5932,6.2712,6.9492,7.6271,8.3051,8.9831,9.661,10.339,11.017,11.695,12.373,13.051,13.729,14.407,15.085,15.763,16.441,17.119,17.797,18.475,19.153,19.831,20.508,21.186,21.864,22.542,23.22,23.898,24.576,25.254,25.932,26.61,27.288,27.966,28.644,29.322,30
0,0.00042373,0.00084746,0.0012712,0.0016949,0.0021186,0.0025424,0.0029661,0.0033898,0.0038136,0.0042373,0.004661,0.0050847,0.0055085,0.0059322,0.0063559,0.0067797,0.0072034,0.0076271,0.0080508,0.0084746,0.0088983,0.009322,0.0097458,0.010169,0.010593,0.011017,0.011441,0.011864,0.012288,0.012712,0.013136,0.013559,0.013983,0.014407,0.014831,0.015254,0.015678,0.016102,0.016525,0.016949,0.017373,0.017797,0.01822,0.018644,0.019068,0.019492,0.019915,0.020339,0.020763,0.021186,0.02161,0.022034,0.022458,0.022881,0.023305,0.023729,0.024153,0.024576,0.025
13.767,13.761,13.754,13.748,13.742,13.736,13.73,13.724,13.718,13.712,13.706,13.7,13.694,13.688,13.682,13.676,13.67,13.665,13.659,13.653,13.647,13.641,13.635,13.63,13.624,13.618,13.612,13.606,13.601,13.595,13.589,13.583,13.578,13.572,13.566,13.56,13.555,13.549,13.543,13.538,13.532,13.526,13.521,13.515,13.509,13.504,13.498,13.493,13.487,13.482,13.476,13.47,13.465,13.46,13.454,13.449,13.443,13.438,13.432,13.427
13.794,13.788,13.782,13.775,13.769,13.763,13.757,13.751,13.745,13.739,13.733,13.727,13.722,13.716,13.71,13.704,13.698,13.692,13.686,13.681,13.675,13.669,13.663,13.657,13.652,13.646,13.64,13.634,13.629,13.623,13.617,13.612,13.606,13.6,13.595,13.589,13.583,13.578,13.572,13.566,13.56,13.555,13.549,13.544,13.538,13.533,13.527,13.521,13.516,13.51,13.505,13.499,13.494,13.488,13.483,13.477,13.472,13.467,13.461,13.456
13.815,13.809,13.803,13.797,13.791,13.784,13.779,13.773,13.767,13.761,13.755,13.749,13.743,13.737,13.731,13.726,13.72,13.714,13.708,13.702,13.697,13.691,13.685,13.679,13.674,13.668,13.662,13.656,13.651,13.645,13.639,13.634,13.628,13.622,13.617,13.611,13.605,13.6,13.594,13.589,13.583,13.578,13.572,13.566,13.561,13.555,13.55,13.544,13.539,13.533,13.528,13.522,13.517,13.511,13.506,13.501,13.495,13.49,13.485,13.479
13.831,13.825,13.819,13.813,13.807,13.801,13.795,13.789,13.783,13.777,13.772,13.766,13.76,13.754,13.748,13.742,13.737,13.731,13.725,13.72,13.714,13.708,13.702,13.697,13.691,13.685,13.68,13.674,13.668,13.663,13.657,13.651,13.646,13.64,13.634,13.629,13.623,13.618,13.612,13.607,13.601,13.595,13.59,13.584,13.579,13.573,13.568,13.562,13.557,13.551,13.546,13.541,13.535,13.53,13.524,13.519,13.514,13.508,13.503,13.498
13.844,13.838,13.832,13.826,13.82,13.814,13.808,13.802,13.796,13.79,13.785,13.779,13.773,13.767,13.762,13.756,13.75,13.744,13.739,13.733,13.727,13.722,13.716,13.71,13.705,13.699,13.693,13.688,13.682,13.677,13.671,13.665,13.66,13.654,13.649,13.643,13.637,13.632,13.626,13.621,13.615,13.61,13.604,13.599,13.593,13.588,13.582,13.577,13.572,13.566,13.561,13.555,13.55,13.544,13.539,13.534,13.528,13.523,13.518,13.513
13.854,13.848,13.842,13.836,13.83,13.824,13.818,13.812,13.806,13.8,13.795,13.789,13.783,13.777,13.772,13.766,13.76,13.755,13.749,13.743,13.738,13.732,13.726,13.721,13.715,13.709,13.704,13.698,13.693,13.687,13.681,13.676,13.67,13.665,13.659,13.654,13.648,13.643,13.637,13.632,13.626,13.621,13.615,13.61,13.604,13.599,13.594,13.588,13.583,13.577,13.572,13.567,13.561,13.556,13.551,13.545,13.54,13.535,13.53,13.524
13.86,13.854,13.848,13.842,13.836,13.831,13.825,13.819,13.813,13.807,13.802,13.796,13.79,13.784,13.779,13.773,13.767,13.762,13.756,13.751,13.745,13.739,13.734,13.728,13.723,13.717,13.711,13.706,13.7,13.695,13.689,13.684,13.678,13.673,13.667,13.662,13.656,13.651,13.645,13.64,13.634,13.629,13.623,13.618,13.613,13.607,13.602,13.596,13.591,13.586,13.58,13.575,13.57,13.564,13.559,13.554,13.549,13.543,13.538,13.533
13.864,13.858,13.852,13.846,13.841,13.835,13.829,13.823,13.817,13.812,13.806,13.8,13.794,13.789,13.783,13.777,13.772,13.766,13.761,13.755,13.749,13.744,13.738,13.733,13.727,13.722,13.716,13.711,13.705,13.7,13.694,13.689,13.683,13.678,13.672,13.667,13.661,13.656,13.65,13.645,13.639,13.634,13.629,13.623,13.618,13.612,13.607,13.602,13.596,13.591,13.586,13.58,13.575,13.57,13.564,13.559,13.554,13.549,13.543,13.538
13.866,13.86,13.854,13.848,13.842,13.836,13.83,13.825,13.819,13.813,13.807,13.802,13.796,13.79,13.785,13.779,13.774,13.768,13.762,13.757,13.751,13.746,13.74,13.735,13.729,13.724,13.718,13.713,13.707,13.702,13.696,13.691,13.685,13.68,13.674,13.669,13.663,13.658,13.653,13.647,13.642,13.636,13.631,13.626,13.62,13.615,13.609,13.604,13.599,13.593,13.588,13.583,13.577,13.572,13.567,13.562,13.556,13.551,13.546,13.541
13.864,13.858,13.853,13.847,13.841,13.835,13.829,13.824,13.818,13.812,13.806,13.801,13.795,13.79,13.784,13.778,13.773,13.767,13.762,13.756,13.751,13.745,13.739,13.734,13.728,13.723,13.717,13.712,13.707,13.701,13.695,13.69,13.685,13.679,13.674,13.668,13.663,13.657,13.652,13.647,13.641,13.636,13.63,13.625,13.62,13.614,13.609,13.604,13.598,13.593,13.588,13.582,13.577,13.572,13.567,13.561,13.556,13.551,13.546,13.54
13.861,13.855,13.849,13.843,13.837,13.831,13.826,13.82,13.814,13.809,13.803,13.797,13.792,13.786,13.78,13.775,13.769,13.764,13.758,13.753,13.747,13.742,13.736,13.73,13.725,13.72,13.714,13.709,13.703,13.698,13.692,13.687,13.681,13.676,13.67,13.665,13.659,13.654,13.649,13.643,13.638,13.633,13.627,13.622,13.617,13.611,13.606,13.6,13.595,13.59,13.584,13.579,13.574,13.569,13.563,13.558,13.553,13.548,13.543,13.537
13.854,13.848,13.843,13.837,13.831,13.825,13.819,13.814,13.808,13.803,13.797,13.791,13.786,13.78,13.774,13.769,13.763,13.758,13.752,13.746,13.741,13.735,13.73,13.724,13.719,13.713,13.708,13.703,13.697,13.692,13.686,13.681,13.675,13.67,13.665,13.659,13.654,13.648,13.643,13.637,13.632,13.627,13.621,13.616,13.61,13.605,13.6,13.595,13.589,13.584,13.579,13.573,13.568,13.563,13.558,13.553,13.547,13.542,13.537,13.532
13.846,13.84,13.834,13.828,13.822,13.817,13.811,13.805,13.799,13.794,13.788,13.783,13.777,13.771,13.766,13.76,13.755,13.749,13.743,13.738,13.732,13.727,13.721,13.716,13.71,13.705,13.7,13.694,13.689,13.684,13.678,13.672,13.667,13.661,13.656,13.65,13.645,13.64,13.634,13.629,13.624,13.618,13.613,13.608,13.602,13.597,13.592,13.586,13.581,13.576,13.57,13.565,13.56,13.555,13.55,13.545,13.54,13.534,13.529,13.524
13.834,13.829,13.823,13.817,13.812,13.806,13.8,13.794,13.789,13.783,13.777,13.772,13.766,13.761,13.755,13.749,13.744,13.738,13.733,13.727,13.722,13.716,13.711,13.705,13.7,13.695,13.689,13.683,13.678,13.672,13.667,13.661,13.656,13.651,13.645,13.64,13.634,13.629,13.624,13.618,13.613,13.608,13.602,13.597,13.592,13.586,13.581,13.576,13.571,13.566,13.56,13.555,13.55,13.545,13.54,13.535,13.53,13.524,13.519,13.514
13.821,13.816,13.81,13.804,13.799,13.793,13.787,13.781,13.776,13.77,13.764,13.759,13.753,13.748,13.742,13.736,13.731,13.725,13.72,13.714,13.709,13.703,13.698,13.693,13.687,13.681,13.675,13.67,13.665,13.659,13.654,13.649,13.643,13.638,13.633,13.627,13.622,13.617,13.611,13.606,13.601,13.595,13.59,13.585,13.579,13.574,13.569,13.564,13.559,13.553,13.548,13.543,13.538,13.533,13.528,13.523,13.518,13.513,13.508,13.503
13.807,13.8,13.795,13.789,13.783,13.777,13.772,13.766,13.761,13.755,13.749,13.744,13.738,13.733,13.727,13.721,13.716,13.71,13.704,13.699,13.693,13.688,13.682,13.677,13.671,13.666,13.661,13.655,13.65,13.645,13.639,13.634,13.629,13.623,13.618,13.613,13.607,13.602,13.597,13.592,13.586,13.581,13.576,13.571,13.566,13.56,13.555,13.55,13.545,13.54,13.534,13.529,13.524,13.519,13.514,13.509,13.504,13.499,13.494,13.489
13.791,13.783,13.779,13.772,13.765,13.76,13.755,13.75,13.744,13.739,13.733,13.727,13.722,13.716,13.71,13.704,13.699,13.692,13.686,13.681,13.675,13.67,13.665,13.659,13.655,13.649,13.644,13.639,13.634,13.629,13.623,13.618,13.613,13.608,13.602,13.597,13.592,13.586,13.581,13.576,13.571,13.566,13.56,13.555,13.55,13.545,13.54,13.534,13.529,13.524,13.519,13.514,13.509,13.504,13.499,13.494,13.489,13.484,13.479,13.474
13.772,13.765,13.76,13.754,13.748,13.742,13.737,13.732,13.726,13.72,13.714,13.709,13.703,13.697,13.691,13.686,13.681,13.675,13.669,13.664,13.659,13.65,13.646,13.642,13.637,13.632,13.627,13.622,13.617,13.612,13.606,13.601,13.596,13.591,13.585,13.58,13.575,13.569,13.564,13.559,13.554,13.548,13.543,13.538,13.533,13.527,13.522,13.517,13.512,13.507,13.502,13.497,13.492,13.487,13.482,13.477,13.473,13.468,13.463,13.459
13.752,13.745,13.74,13.734,13.729,13.722,13.718,13.713,13.707,13.701,13.695,13.689,13.683,13.678,13.672,13.667,13.662,13.656,13.651,13.646,13.64,13.635,13.63,13.625,13.618,13.614,13.609,13.604,13.599,13.594,13.588,13.583,13.578,13.572,13.567,13.562,13.556,13.551,13.546,13.54,13.535,13.53,13.525,13.52,13.514,13.509,13.505,13.5,13.495,13.49,13.485,13.48,13.475,13.471,13.466,13.461,13.457,13.452,13.447,13.443
13.732,13.726,13.719,13.714,13.709,13.704,13.699,13.692,13.686,13.68,13.674,13.669,13.663,13.658,13.653,13.648,13.642,13.637,13.632,13.626,13.621,13.616,13.61,13.605,13.6,13.594,13.591,13.586,13.58,13.575,13.569,13.564,13.558,13.553,13.547,13.542,13.536,13.531,13.526,13.521,13.516,13.511,13.506,13.501,13.496,13.491,13.487,13.482,13.477,13.472,13.468,13.463,13.458,13.454,13.449,13.444,13.44,13.435,13.431,13.426
13.71,13.704,13.698,13.693,13.687,13.681,13.679,13.671,13.664,13.658,13.653,13.648,13.643,13.637,13.632,13.627,13.621,13.616,13.61,13.605,13.599,13.594,13.588,13.583,13.578,13.573,13.567,13.562,13.557,13.555,13.549,13.543,13.537,13.532,13.527,13.521,13.516,13.511,13.507,13.502,13.497,13.492,13.487,13.482,13.478,13.473,13.468,13.463,13.459,13.454,13.449,13.444,13.44,13.435,13.43,13.426,13.421,13.417,13.412,13.408
13.687,13.681,13.676,13.67,13.664,13.658,13.652,13.648,13.642,13.637,13.632,13.626,13.621,13.615,13.609,13.603,13.597,13.591,13.587,13.582,13.577,13.572,13.566,13.561,13.556,13.551,13.546,13.541,13.536,13.531,13.526,13.521,13.516,13.511,13.506,13.501,13.496,13.492,13.487,13.482,13.477,13.472,13.468,13.463,13.458,13.453,13.448,13.444,13.439,13.434,13.43,13.425,13.42,13.416,13.411,13.407,13.402,13.398,13.394,13.39
13.664,13.658,13.653,13.646,13.638,13.636,13.631,13.625,13.62,13.614,13.609,13.603,13.597,13.592,13.586,13.58,13.575,13.569,13.564,13.559,13.553,13.551,13.546,13.541,13.536,13.531,13.526,13.521,13.516,13.511,13.506,13.501,13.496,13.491,13.486,13.481,13.476,13.471,13.466,13.461,13.457,13.452,13.447,13.442,13.438,13.433,13.428,13.424,13.419,13.415,13.411,13.406,13.402,13.398,13.393,13.389,13.385,13.381,13.377,13.373
13.641,13.636,13.629,13.623,13.618,13.613,13.608,13.602,13.597,13.591,13.585,13.58,13.575,13.569,13.564,13.559,13.554,13.549,13.544,13.54,13.535,13.53,13.525,13.519,13.513,13.508,13.503,13.498,13.493,13.488,13.483,13.478,13.473,13.469,13.464,13.459,13.454,13.45,13.445,13.441,13.436,13.432,13.427,13.422,13.418,13.414,13.409,13.405,13.401,13.396,13.392,13.388,13.384,13.38,13.376,13.371,13.367,13.364,13.36,13.356
13.616,13.614,13.605,13.601,13.596,13.592,13.583,13.578,13.572,13.568,13.562,13.557,13.552,13.547,13.542,13.537,13.532,13.527,13.521,13.517,13.511,13.506,13.501,13.496,13.492,13.487,13.48,13.476,13.471,13.466,13.461,13.457,13.452,13.447,13.443,13.438,13.434,13.43,13.425,13.421,13.416,13.412,13.408,13.403,13.399,13.394,13.39,13.386,13.382,13.377,13.373,13.369,13.365,13.361,13.357,13.353,13.349,13.346,13.342,13.338
13.592,13.586,13.582,13.576,13.57,13.563,13.559,13.554,13.549,13.544,13.539,13.534,13.528,13.523,13.518,13.513,13.507,13.502,13.497,13.492,13.487,13.481,13.476,13.471,13.466,13.461,13.459,13.455,13.45,13.446,13.441,13.437,13.432,13.428,13.423,13.419,13.414,13.41,13.405,13.401,13.396,13.392,13.388,13.383,13.379,13.375,13.37,13.367,13.363,13.359,13.355,13.351,13.347,13.343,13.34,13.336,13.333,13.329,13.326,13.322
13.569,13.561,13.558,13.552,13.546,13.54,13.537,13.532,13.527,13.521,13.515,13.51,13.505,13.5,13.495,13.49,13.485,13.48,13.475,13.47,13.466,13.461,13.457,13.452,13.447,13.443,13.439,13.434,13.43,13.425,13.42,13.416,13.411,13.406,13.402,13.397,13.393,13.389,13.384,13.38,13.376,13.372,13.367,13.364,13.36,13.356,13.352,13.348,13.344,13.341,13.337,13.334,13.331,13.327,13.324,13.32,13.317,13.314,13.311,13.308
13.545,13.54,13.533,13.528,13.524,13.519,13.515,13.508,13.502,13.497,13.492,13.487,13.482,13.477,13.473,13.468,13.463,13.459,13.454,13.45,13.445,13.441,13.436,13.432,13.427,13.423,13.418,13.414,13.409,13.405,13.4,13.396,13.39,13.386,13.382,13.377,13.373,13.369,13.365,13.361,13.357,13.353,13.35,13.346,13.342,13.339,13.335,13.332,13.329,13.325,13.322,13.319,13.316,13.312,13.309,13.306,13.303,13.3,13.297,13.294
13.52,13.517,13.509,13.505,13.501,13.495,13.49,13.485,13.479,13.474,13.469,13.465,13.46,13.456,13.451,13.446,13.441,13.437,13.432,13.427,13.422,13.418,13.413,13.408,13.404,13.399,13.395,13.391,13.387,13.383,13.378,13.374,13.37,13.367,13.363,13.359,13.355,13.352,13.348,13.345,13.341,13.337,13.334,13.33,13.327,13.323,13.32,13.317,13.313,13.31,13.307,13.304,13.301,13.298,13.295,13.292,13.289,13.286,13.284,13.281
13.497,13.491,13.488,13.482,13.476,13.47,13.466,13.461,13.457,13.453,13.448,13.444,13.439,13.434,13.429,13.423,13.418,13.413,13.409,13.404,13.399,13.395,13.391,13.387,13.383,13.379,13.376,13.372,13.368,13.364,13.361,13.357,13.353,13.35,13.346,13.342,13.338,13.335,13.331,13.327,13.323,13.32,13.316,13.313,13.31,13.307,13.303,13.3,13.297,13.294,13.291,13.289,13.286,13.283,13.281,13.279,13.276,13.274,13.272,13.271
13.476,13.468,13.465,13.458,13.452,13.448,13.445,13.441,13.436,13.43,13.426,13.421,13.416,13.411,13.406,13.402,13.396,13.392,13.387,13.383,13.38,13.376,13.373,13.369,13.366,13.362,13.359,13.355,13.351,13.348,13.344,13.34,13.336,13.332,13.328,13.325,13.321,13.318,13.314,13.311,13.308,13.305,13.302,13.299,13.296,13.293,13.291,13.287,13.284,13.282,13.28,13.278,13.276,13.274,13.272,13.27,13.269,13.267,13.266,13.265
13.452,13.447,13.442,13.436,13.431,13.429,13.425,13.419,13.414,13.409,13.405,13.399,13.395,13.39,13.386,13.382,13.379,13.373,13.369,13.366,13.363,13.36,13.356,13.353,13.349,13.345,13.341,13.337,13.333,13.329,13.325,13.321,13.318,13.315,13.311,13.308,13.305,13.302,13.3,13.297,13.294,13.291,13.289,13.287,13.284,13.282,13.279,13.277,13.275,13.273,13.271,13.269,13.269,13.267,13.266,13.73,13.723,13.262,13.709,13.702
13.43,13.428,13.421,13.416,13.412,13.409,13.403,13.397,13.393,13.389,13.385,13.381,13.377,13.373,13.369,13.365,13.361,13.358,13.354,13.35,13.347,13.343,13.34,13.336,13.332,13.327,13.323,13.318,13.314,13.311,13.308,13.305,13.303,13.3,13.297,13.295,13.293,13.29,13.288,13.285,13.283,13.28,13.278,13.276,13.274,13.272,13.27,13.268,13.266,13.265,13.263,13.717,13.26,13.703,13.695,13.689,13.682,13.676,13.669,13.663
13.411,13.407,13.401,13.397,13.392,13.389,13.38,13.377,13.374,13.37,13.366,13.362,13.357,13.355,13.351,13.346,13.342,13.338,13.334,13.33,13.326,13.326,13.322,13.318,13.314,13.311,13.307,13.304,13.302,13.296,13.294,13.293,13.291,13.289,13.287,13.285,13.282,13.28,13.277,13.275,13.273,13.271,13.269,13.267,13.265,13.721,13.714,13.262,13.261,13.693,13.686,13.679,13.672,13.666,13.66,13.653,13.646,13.64,13.634,13.629
13.39,13.386,13.381,13.376,13.371,13.368,13.364,13.359,13.357,13.352,13.348,13.344,13.34,13.335,13.331,13.328,13.325,13.321,13.318,13.314,13.311,13.308,13.305,13.303,13.3,13.297,13.295,13.292,13.29,13.288,13.285,13.283,13.283,13.28,13.278,13.275,13.272,13.27,13.268,13.266,13.265,13.71,13.703,13.696,13.689,13.682,13.675,13.669,13.662,13.656,13.65,13.643,13.637,13.632,13.626,13.62,13.615,13.609,13.604,13.599
13.37,13.366,13.362,13.357,13.354,13.35,13.347,13.343,13.34,13.335,13.331,13.327,13.324,13.321,13.318,13.313,13.311,13.308,13.305,13.303,13.3,13.297,13.295,13.292,13.29,13.286,13.284,13.282,13.279,13.277,13.275,13.273,13.271,13.269,13.268,13.714,13.707,13.699,13.692,13.685,13.678,13.672,13.665,13.659,13.652,13.646,13.64,13.634,13.628,13.622,13.616,13.611,13.605,13.6,13.595,13.589,13.585,13.58,13.576,13.572
13.354,13.351,13.345,13.342,13.339,13.335,13.331,13.327,13.323,13.319,13.316,13.313,13.31,13.307,13.304,13.301,13.299,13.297,13.293,13.29,13.288,13.285,13.283,13.28,13.278,13.276,13.274,13.273,13.725,13.269,13.711,13.704,13.696,13.689,13.682,13.676,13.669,13.662,13.655,13.649,13.643,13.637,13.631,13.625,13.619,13.613,13.607,13.601,13.596,13.591,13.586,13.581,13.576,13.572,13.568,13.564,13.56,13.557,13.554,13.551
13.338,13.333,13.33,13.326,13.322,13.319,13.316,13.312,13.309,13.306,13.304,13.301,13.297,13.294,13.291,13.288,13.285,13.283,13.282,13.279,13.277,13.737,13.729,13.271,13.27,13.707,13.7,13.693,13.686,13.679,13.672,13.666,13.659,13.652,13.646,13.639,13.633,13.627,13.621,13.615,13.609,13.603,13.599,13.593,13.588,13.582,13.578,13.573,13.568,13.564,13.56,13.557,13.553,13.55,13.547,13.545,13.543,13.541,13.54,13.54
13.322,13.318,13.317,13.311,13.309,13.305,13.302,13.3,13.297,13.294,13.293,13.289,13.286,13.283,13.281,13.279,13.277,13.275,13.273,13.712,13.704,13.698,13.691,13.684,13.677,13.67,13.663,13.656,13.65,13.643,13.637,13.63,13.624,13.618,13.612,13.606,13.6,13.595,13.589,13.584,13.579,13.574,13.569,13.565,13.561,13.557,13.553,13.55,13.547,13.544,13.541,13.539,13.538,13.536,13.535,13.535,13.535,13.536,13.537,13.54
13.309,13.307,13.303,13.3,13.297,13.295,13.293,13.29,13.287,13.747,13.739,13.732,13.278,13.717,13.709,13.273,13.695,13.688,13.681,13.674,13.668,13.661,13.654,13.647,13.64,13.634,13.627,13.621,13.615,13.609,13.603,13.597,13.592,13.586,13.581,13.576,13.571,13.566,13.562,13.558,13.554,13.55,13.547,13.543,13.541,13.538,13.536,13.534,13.532,13.531,13.531,13.53,13.531,13.533,13.535,13.539,13.544,13.551,13.562,13.577
13.3,13.297,13.293,13.291,13.289,13.287,13.284,13.722,13.279,13.707,13.7,13.693,13.686,13.679,13.672,13.665,13.658,13.651,13.644,13.638,13.631,13.624,13.619,13.612,13.606,13.6,13.594,13.589,13.583,13.578,13.573,13.568,13.564,13.559,13.555,13.551,13.547,13.544,13.54,13.537,13.535,13.532,13.53,13.529,13.527,13.527,13.527,13.527,13.528,13.53,13.534,13.539,13.547,13.558,13.577,13.606,13.694,14.227,14.175,14.124
13.289,13.729,13.285,13.284,13.706,13.698,13.69,13.683,13.676,13.669,13.662,13.656,13.649,13.642,13.635,13.629,13.622,13.615,13.609,13.602,13.596,13.59,13.584,13.578,13.575,13.571,13.566,13.561,13.557,13.553,13.549,13.545,13.541,13.538,13.535,13.532,13.529,13.527,13.525,13.524,13.523,13.523,13.523,13.525,13.527,13.53,13.536,13.544,13.556,13.575,13.609,14.256,14.204,14.153,14.102,14.052,14.002,13.952,13.902,13.852
13.697,13.688,13.683,13.675,13.667,13.658,13.654,13.647,13.641,13.634,13.627,13.621,13.614,13.607,13.602,13.596,13.59,13.584,13.578,13.573,13.568,13.563,13.558,13.553,13.549,13.545,13.542,13.538,13.534,13.531,13.529,13.526,13.523,13.521,13.52,13.519,13.519,13.52,13.521,13.524,13.528,13.535,13.545,13.56,13.584,13.625,14.23,14.18,14.129,14.079,14.029,13.979,13.93,13.881,13.832,13.784,13.737,13.689,13.642,13.596
13.661,13.653,13.646,13.639,13.632,13.626,13.62,13.613,13.607,13.6,13.594,13.587,13.581,13.575,13.57,13.567,13.562,13.557,13.552,13.548,13.544,13.54,13.537,13.534,13.531,13.528,13.526,13.524,13.519,13.517,13.516,13.516,13.517,13.518,13.521,13.526,13.534,13.545,13.563,13.593,14.251,14.2,14.15,14.1,14.05,14.001,13.953,13.904,13.856,13.811,13.764,13.716,13.669,13.623,13.577,13.531,13.487,13.442,13.399,13.355
13.626,13.619,13.611,13.605,13.6,13.595,13.59,13.581,13.575,13.569,13.564,13.56,13.553,13.549,13.545,13.541,13.537,13.533,13.529,13.526,13.523,13.52,13.517,13.515,13.514,13.513,13.513,13.513,13.515,13.518,13.524,13.535,13.548,13.569,13.612,14.224,14.174,14.124,14.075,14.025,13.977,13.929,13.882,13.834,13.788,13.742,13.696,13.651,13.606,13.562,13.518,13.473,13.43,13.386,13.339,13.296,13.255,13.213,13.172,13.131
13.592,13.586,13.58,13.575,13.569,13.563,13.558,13.553,13.548,13.544,13.539,13.536,13.532,13.527,13.525,13.522,13.52,13.517,13.513,13.511,13.51,13.51,13.511,13.514,13.518,13.524,13.534,13.549,13.575,13.643,14.2,14.15,14.101,14.052,14.003,13.955,13.908,13.861,13.815,13.768,13.723,13.677,13.632,13.588,13.543,13.5,13.456,13.413,13.37,13.327,13.285,13.243,13.201,13.16,13.119,13.078,13.037,12.997,12.958,12.919
13.563,13.559,13.553,13.549,13.541,13.537,13.532,13.528,13.526,13.523,13.52,13.517,13.514,13.511,13.513,13.512,13.511,13.512,13.514,13.518,13.526,13.538,13.557,13.595,14.222,14.172,14.123,14.074,14.025,13.977,13.93,13.883,13.837,13.791,13.745,13.7,13.655,13.614,13.569,13.527,13.484,13.44,13.397,13.354,13.311,13.269,13.227,13.186,13.145,13.104,13.064,13.024,12.985,12.945,12.906,12.868,12.829,12.791,12.754,12.717
13.539,13.533,13.529,13.527,13.521,13.518,13.516,13.515,13.513,13.509,13.508,13.508,13.51,13.513,13.519,13.529,13.542,13.565,13.621,14.198,14.149,14.099,14.051,14.003,13.956,13.91,13.864,13.818,13.773,13.728,13.684,13.64,13.595,13.551,13.508,13.464,13.421,13.379,13.336,13.295,13.253,13.212,13.172,13.131,13.091,13.051,13.011,12.972,12.933,12.895,12.856,12.819,12.782,12.745,12.708,12.672,12.636,12.6,12.565,12.53
13.517,13.515,13.512,13.51,13.509,13.511,13.512,13.513,13.517,13.522,13.53,13.548,13.581,14.221,14.172,14.123,14.077,14.03,13.982,13.935,13.888,13.843,13.798,13.755,13.711,13.667,13.623,13.579,13.536,13.493,13.449,13.406,13.364,13.322,13.28,13.239,13.197,13.157,13.117,13.077,13.038,12.999,12.96,12.922,12.885,12.847,12.808,12.771,12.735,12.699,12.664,12.628,12.593,12.558,12.523,12.489,12.454,12.42,12.386,12.353
13.509,13.512,13.514,13.521,13.529,13.541,13.559,13.611,14.195,14.147,14.099,14.052,14.004,13.957,13.911,13.866,13.822,13.778,13.732,13.688,13.645,13.602,13.559,13.516,13.473,13.436,13.394,13.351,13.308,13.266,13.225,13.184,13.143,13.103,13.064,13.025,12.987,12.949,12.911,12.874,12.837,12.8,12.763,12.727,12.691,12.655,12.619,12.585,12.55,12.516,12.482,12.449,12.415,12.382,12.348,12.313,12.281,12.248,12.216,12.185
13.556,13.584,14.213,14.165,14.119,14.074,14.033,13.983,13.935,13.89,13.845,13.802,13.755,13.713,13.671,13.628,13.585,13.544,13.501,13.457,13.415,13.374,13.332,13.291,13.251,13.211,13.171,13.132,13.091,13.051,13.012,12.974,12.936,12.9,12.863,12.826,12.79,12.754,12.718,12.682,12.647,12.611,12.576,12.542,12.507,12.473,12.44,12.406,12.373,12.34,12.307,12.275,12.243,12.211,12.181,12.149,12.118,12.087,12.057,12.027
14.046,14.005,13.954,13.914,13.872,13.824,13.783,13.735,13.691,13.65,13.608,13.566,13.526,13.485,13.442,13.401,13.36,13.318,13.278,13.237,13.197,13.158,13.118,13.08,13.041,13.003,12.965,12.928,12.891,12.854,12.815,12.779,12.744,12.709,12.674,12.639,12.604,12.57,12.535,12.501,12.467,12.433,12.4,12.367,12.335,12.302,12.27,12.239,12.207,12.177,12.146,12.115,12.085,12.055,12.025,11.995,11.966,11.937,11.908,11.879
13.803,13.757,13.711,13.678,13.631,13.588,13.547,13.501,13.463,13.425,13.383,13.342,13.302,13.264,13.226,13.183,13.144,13.105,13.066,13.028,12.99,12.953,12.916,12.88,12.844,12.808,12.772,12.736,12.701,12.666,12.631,12.597,12.562,12.53,12.496,12.462,12.428,12.395,12.362,12.329,12.297,12.265,12.234,12.203,12.172,12.142,12.112,12.082,12.052,12.022,11.993,11.964,11.935,11.906,11.878,11.85,11.822,11.794,11.767,11.74
13.569,13.527,13.488,13.446,13.404,13.366,13.327,13.288,13.25,13.21,13.17,13.131,13.093,13.056,13.017,12.979,12.941,12.907,12.87,12.835,12.799,12.764,12.729,12.694,12.659,12.624,12.59,12.555,12.522,12.488,12.455,12.422,12.389,12.357,12.325,12.293,12.261,12.23,12.199,12.168,12.138,12.108,12.079,12.049,12.02,11.991,11.962,11.933,11.905,11.877,11.849,11.821,11.794,11.767,11.74,11.713,11.687,11.661,11.635,11.609
13.348,13.311,13.271,13.233,13.194,13.158,13.12,13.082,13.047,13.007,12.969,12.933,12.897,12.862,12.825,12.791,12.756,12.719,12.686,12.651,12.617,12.583,12.549,12.516,12.483,12.45,12.417,12.384,12.353,12.321,12.289,12.258,12.227,12.197,12.166,12.136,12.106,12.077,12.048,12.017,11.989,11.96,11.932,11.904,11.876,11.848,11.821,11.793,11.766,11.74,11.713,11.687,11.661,11.635,11.61,11.585,11.56,11.535,11.51,11.486
13.143,13.106,13.067,13.032,12.995,12.959,12.923,12.886,12.851,12.814,12.78,12.746,12.712,12.678,12.643,12.61,12.576,12.544,12.511,12.478,12.444,12.412,12.379,12.347,12.316,12.285,12.254,12.223,12.193,12.163,12.133,12.104,12.075,12.046,12.017,11.988,11.96,11.931,11.904,11.876,11.848,11.821,11.793,11.767,11.74,11.714,11.688,11.662,11.636,11.611,11.586,11.561,11.536,11.512,11.488,11.464,11.44,11.416,11.393,11.37
12.947,12.912,12.876,12.841,12.808,12.771,12.736,12.703,12.67,12.637,12.602,12.57,12.537,12.504,12.471,12.439,12.407,12.375,12.343,12.312,12.281,12.25,12.221,12.191,12.161,12.131,12.102,12.073,12.044,12.015,11.987,11.958,11.931,11.903,11.876,11.848,11.821,11.794,11.767,11.741,11.715,11.689,11.663,11.638,11.612,11.587,11.563,11.538,11.514,11.49,11.466,11.443,11.419,11.396,11.373,11.35,11.328,11.305,11.283,11.261
12.761,12.729,12.696,12.662,12.628,12.595,12.563,12.531,12.499,12.468,12.435,12.403,12.371,12.34,12.309,12.279,12.249,12.219,12.189,12.16,12.129,12.1,12.071,12.043,12.014,11.986,11.958,11.93,11.902,11.875,11.848,11.821,11.794,11.768,11.742,11.716,11.691,11.665,11.639,11.614,11.589,11.565,11.541,11.517,11.493,11.469,11.445,11.422,11.399,11.376,11.354,11.331,11.309,11.287,11.265,11.243,11.222,11.201,11.18,11.159
12.589,12.556,12.524,12.492,12.461,12.429,12.399,12.368,12.338,12.307,12.276,12.245,12.216,12.186,12.157,12.128,12.099,12.071,12.043,12.014,11.986,11.958,11.931,11.903,11.876,11.849,11.822,11.796,11.769,11.743,11.718,11.692,11.667,11.642,11.617,11.592,11.568,11.544,11.519,11.496,11.472,11.449,11.426,11.403,11.38,11.357,11.335,11.313,11.291,11.269,11.248,11.226,11.205,11.184,11.164,11.143,11.123,11.102,11.082,11.063
12.425,12.392,12.362,12.332,12.303,12.274,12.243,12.213,12.184,12.155,12.126,12.097,12.069,12.041,12.013,11.986,11.958,11.931,11.903,11.876,11.85,11.823,11.797,11.771,11.745,11.72,11.695,11.669,11.645,11.62,11.595,11.571,11.547,11.523,11.499,11.476,11.453,11.43,11.407,11.384,11.362,11.339,11.317,11.295,11.274,11.252,11.231,11.21,11.189,11.169,11.148,11.128,11.108,11.088,11.069,11.049,11.03,11.011,10.992,10.972
400.85,400.51,400.17,399.83,399.49,399.15,398.82,398.48,398.14,397.81,397.47,397.14,396.8,396.47,396.13,395.8,395.46,395.13,394.8,394.46,394.13,393.8,393.47,393.13,392.8,392.47,392.14,391.81,391.48,391.15,390.82,390.49,390.16,389.83,389.5,389.17,388.84,388.51,388.18,387.85,387.52,387.2,386.87,386.54,386.21,385.89,385.56,385.23,384.91,384.58,384.25,383.93,383.6,383.28,382.95,382.63,382.3,381.98,381.65,381.33
400.34,400,399.66,399.32,398.98,398.64,398.3,397.96,397.62,397.29,396.95,396.61,396.28,395.94,395.6,395.27,394.93,394.6,394.26,393.93,393.59,393.26,392.93,392.59,392.26,391.93,391.59,391.26,390.93,390.59,390.26,389.93,389.6,389.27,388.94,388.6,388.27,387.94,387.61,387.28,386.95,386.62,386.29,385.96,385.63,385.3,384.97,384.65,384.32,383.99,383.66,383.33,383,382.68,382.35,382.02,381.7,381.37,381.04,380.72
399.83,399.48,399.14,398.8,398.46,398.11,397.77,397.43,397.09,396.76,396.42,396.08,395.74,395.4,395.06,394.73,394.39,394.05,393.72,393.38,393.04,392.71,392.37,392.04,391.7,391.37,391.03,390.7,390.37,390.03,389.7,389.36,389.03,388.7,388.36,388.03,387.7,387.37,387.03,386.7,386.37,386.04,385.71,385.38,385.04,384.71,384.38,384.05,383.72,383.39,383.06,382.73,382.4,382.07,381.74,381.41,381.08,380.76,380.43,380.1
399.3,398.96,398.62,398.27,397.93,397.59,397.25,396.9,396.56,396.22,395.88,395.54,395.2,394.86,394.52,394.18,393.85,393.51,393.17,392.83,392.5,392.16,391.82,391.48,391.15,390.81,390.48,390.14,389.8,389.47,389.13,388.8,388.46,388.13,387.79,387.46,387.12,386.79,386.46,386.12,385.79,385.45,385.12,384.79,384.45,384.12,383.79,383.46,383.12,382.79,382.46,382.13,381.8,381.47,381.14,380.8,380.47,380.14,379.81,379.48
398.79,398.44,398.09,397.75,397.41,397.06,396.72,396.38,396.03,395.69,395.35,395.01,394.67,394.33,393.99,393.65,393.31,392.97,392.63,392.29,391.95,391.61,391.27,390.93,390.6,390.26,389.92,389.58,389.25,388.91,388.57,388.23,387.9,387.56,387.23,386.89,386.55,386.22,385.88,385.55,385.21,384.88,384.54,384.21,383.87,383.54,383.2,382.87,382.53,382.2,381.87,381.53,381.2,380.87,380.53,380.2,379.87,379.54,379.2,378.87
398.27,397.92,397.58,397.23,396.88,396.54,396.19,395.85,395.51,395.16,394.82,394.48,394.14,393.79,393.45,393.11,392.77,392.43,392.09,391.75,391.41,391.07,390.73,390.39,390.05,389.71,389.37,389.03,388.69,388.35,388.01,387.68,387.34,387,386.66,386.32,385.99,385.65,385.31,384.97,384.64,384.3,383.96,383.63,383.29,382.95,382.62,382.28,381.95,381.61,381.27,380.94,380.6,380.27,379.93,379.6,379.26,378.93,378.6,378.26
397.76,397.41,397.06,396.71,396.37,396.02,395.67,395.33,394.98,394.64,394.29,393.95,393.61,393.26,392.92,392.58,392.23,391.89,391.55,391.21,390.87,390.52,390.18,389.84,389.5,389.16,388.82,388.48,388.14,387.8,387.46,387.12,386.78,386.44,386.1,385.76,385.42,385.08,384.74,384.4,384.07,383.73,383.39,383.05,382.71,382.37,382.04,381.7,381.36,381.02,380.69,380.35,380.01,379.67,379.34,379,378.66,378.33,377.99,377.66
397.24,396.89,396.54,396.2,395.85,395.5,395.15,394.81,394.46,394.11,393.77,393.42,393.08,392.73,392.39,392.04,391.7,391.36,391.01,390.67,390.33,389.98,389.64,389.3,388.96,388.61,388.27,387.93,387.59,387.25,386.9,386.56,386.22,385.88,385.54,385.2,384.86,384.52,384.18,383.83,383.49,383.15,382.81,382.47,382.13,381.79,381.45,381.11,380.77,380.44,380.1,379.76,379.42,379.08,378.74,378.4,378.06,377.72,377.39,377.05
396.73,396.38,396.03,395.68,395.33,394.98,394.63,394.28,393.93,393.59,393.24,392.89,392.55,392.2,391.85,391.51,391.16,390.82,390.47,390.13,389.78,389.44,389.09,388.75,388.41,388.06,387.72,387.38,387.03,386.69,386.35,386,385.66,385.32,384.97,384.63,384.29,383.95,383.6,383.26,382.92,382.58,382.23,381.89,381.55,381.21,380.87,380.53,380.18,379.84,379.5,379.16,378.82,378.48,378.14,377.8,377.46,377.11,376.77,376.43
396.2,395.85,395.5,395.15,394.8,394.45,394.1,393.75,393.4,393.05,392.71,392.36,392.01,391.66,391.31,390.97,390.62,390.27,389.93,389.58,389.24,388.89,388.54,388.2,387.85,387.51,387.16,386.82,386.47,386.13,385.78,385.44,385.09,384.75,384.4,384.06,383.71,383.37,383.03,382.68,382.34,381.99,381.65,381.3,380.96,380.62,380.27,379.93,379.59,379.24,378.9,378.55,378.21,377.87,377.52,377.18,376.84,376.5,376.15,375.81
395.68,395.32,394.97,394.62,394.27,393.92,393.57,393.21,392.86,392.51,392.16,391.81,391.47,391.12,390.77,390.42,390.07,389.72,389.37,389.03,388.68,388.33,387.98,387.64,387.29,386.94,386.6,386.25,385.9,385.55,385.21,384.86,384.51,384.17,383.82,383.48,383.13,382.78,382.44,382.09,381.74,381.4,381.05,380.71,380.36,380.01,379.67,379.32,378.98,378.63,378.28,377.94,377.59,377.25,376.9,376.56,376.21,375.87,375.52,375.18
395.14,394.79,394.43,394.08,393.72,393.37,393.02,392.67,392.32,391.96,391.61,391.26,390.91,390.56,390.21,389.86,389.51,389.16,388.81,388.46,388.11,387.76,387.41,387.06,386.71,386.37,386.02,385.67,385.32,384.97,384.62,384.27,383.92,383.58,383.23,382.88,382.53,382.18,381.83,381.49,381.14,380.79,380.44,380.09,379.74,379.4,379.05,378.7,378.35,378,377.66,377.31,376.96,376.61,376.27,375.92,375.57,375.22,374.88,374.53
394.59,394.23,393.88,393.52,393.17,392.82,392.46,392.11,391.75,391.4,391.05,390.7,390.34,389.99,389.64,389.29,388.93,388.58,388.23,387.88,387.53,387.18,386.83,386.48,386.13,385.77,385.42,385.07,384.72,384.37,384.02,383.67,383.32,382.97,382.62,382.27,381.92,381.57,381.22,380.87,380.52,380.17,379.82,379.47,379.12,378.77,378.42,378.07,377.72,377.37,377.02,376.67,376.32,375.97,375.62,375.27,374.92,374.57,374.22,373.87
394.02,393.67,393.31,392.96,392.6,392.24,391.89,391.53,391.18,390.82,390.47,390.11,389.76,389.41,389.05,388.7,388.35,387.99,387.64,387.29,386.93,386.58,386.23,385.87,385.52,385.17,384.82,384.46,384.11,383.76,383.41,383.05,382.7,382.35,382,381.64,381.29,380.94,380.59,380.23,379.88,379.53,379.18,378.82,378.47,378.12,377.77,377.42,377.06,376.71,376.36,376.01,375.65,375.3,374.95,374.6,374.25,373.89,373.54,373.19
393.44,393.09,392.73,392.37,392.01,391.66,391.3,390.94,390.59,390.23,389.87,389.52,389.16,388.81,388.45,388.1,387.74,387.39,387.03,386.67,386.32,385.96,385.61,385.25,384.9,384.55,384.19,383.84,383.48,383.13,382.77,382.42,382.07,381.71,381.36,381,380.65,380.29,379.94,379.59,379.23,378.88,378.52,378.17,377.81,377.46,377.11,376.75,376.4,376.04,375.69,375.33,374.98,374.62,374.27,373.92,373.56,373.21,372.85,372.5
392.85,392.49,392.13,391.77,391.41,391.05,390.69,390.34,389.98,389.62,389.26,388.91,388.55,388.19,387.83,387.47,387.12,386.76,386.4,386.04,385.68,385.33,384.97,384.62,384.26,383.91,383.55,383.19,382.84,382.48,382.13,381.77,381.42,381.06,380.7,380.35,379.99,379.64,379.28,378.92,378.57,378.21,377.85,377.5,377.14,376.78,376.43,376.07,375.71,375.36,375,374.64,374.29,373.93,373.57,373.21,372.86,372.5,372.14,371.79
392.25,391.87,391.52,391.16,390.78,390.43,390.08,389.72,389.36,389,388.64,388.28,387.92,387.56,387.2,386.84,386.48,386.1,385.74,385.38,385.03,384.67,384.32,383.96,383.61,383.25,382.89,382.54,382.18,381.82,381.47,381.11,380.75,380.39,380.04,379.68,379.32,378.96,378.6,378.24,377.88,377.53,377.17,376.81,376.45,376.09,375.73,375.37,375.01,374.65,374.29,373.93,373.57,373.21,372.85,372.49,372.14,371.78,371.42,371.06
391.62,391.24,390.89,390.52,390.16,389.79,389.44,389.08,388.72,388.36,388,387.63,387.27,386.91,386.54,386.18,385.82,385.46,385.1,384.74,384.38,384,383.65,383.29,382.94,382.58,382.23,381.87,381.51,381.15,380.79,380.43,380.07,379.71,379.35,378.99,378.63,378.27,377.91,377.55,377.19,376.82,376.46,376.1,375.74,375.38,375.02,374.65,374.29,373.93,373.57,373.21,372.85,372.48,372.12,371.76,371.4,371.04,370.68,370.32
390.97,390.6,390.25,389.88,389.52,389.15,388.8,388.44,388.07,387.7,387.33,386.97,386.61,386.25,385.88,385.52,385.16,384.8,384.44,384.08,383.72,383.36,383,382.63,382.26,381.91,381.55,381.19,380.83,380.47,380.11,379.74,379.38,379.02,378.65,378.29,377.92,377.56,377.2,376.83,376.47,376.1,375.74,375.38,375.01,374.65,374.29,373.92,373.56,373.2,372.84,372.47,372.11,371.75,371.38,371.02,370.66,370.29,369.93,369.57
390.33,389.96,389.58,389.23,388.86,388.5,388.14,387.77,387.4,387.03,386.66,386.3,385.94,385.58,385.21,384.85,384.49,384.12,383.76,383.4,383.03,382.67,382.31,381.94,381.58,381.21,380.87,380.5,380.14,379.77,379.4,379.04,378.67,378.3,377.93,377.57,377.2,376.83,376.47,376.1,375.74,375.37,375.01,374.64,374.28,373.91,373.55,373.18,372.82,372.45,372.09,371.72,371.36,370.99,370.63,370.26,369.89,369.53,369.16,368.79
389.66,389.29,388.92,388.56,388.19,387.82,387.48,387.09,386.71,386.35,385.98,385.62,385.25,384.89,384.52,384.16,383.79,383.43,383.06,382.69,382.32,381.96,381.59,381.22,380.86,380.49,380.12,379.76,379.39,379.05,378.68,378.31,377.93,377.57,377.2,376.83,376.46,376.1,375.73,375.36,375,374.63,374.26,373.9,373.53,373.16,372.8,372.43,372.06,371.69,371.32,370.95,370.58,370.21,369.84,369.47,369.1,368.73,368.36,367.99
388.96,388.6,388.24,387.86,387.49,387.12,386.75,386.39,386.02,385.65,385.29,384.92,384.55,384.18,383.81,383.43,383.06,382.69,382.33,381.97,381.6,381.23,380.86,380.5,380.13,379.76,379.39,379.03,378.66,378.29,377.92,377.56,377.19,376.82,376.45,376.08,375.72,375.35,374.98,374.61,374.24,373.87,373.5,373.13,372.76,372.39,372.02,371.65,371.27,370.9,370.53,370.16,369.79,369.41,369.04,368.67,368.3,367.92,367.55,367.18
388.27,387.9,387.53,387.15,386.76,386.42,386.05,385.68,385.31,384.94,384.57,384.2,383.82,383.45,383.08,382.71,382.34,381.97,381.59,381.22,380.85,380.5,380.14,379.77,379.4,379.03,378.66,378.29,377.92,377.55,377.18,376.81,376.43,376.06,375.69,375.32,374.95,374.58,374.21,373.83,373.46,373.09,372.71,372.34,371.97,371.6,371.22,370.85,370.47,370.1,369.73,369.35,368.98,368.6,368.23,367.86,367.48,367.11,366.73,366.35
387.57,387.2,386.82,386.44,386.07,385.71,385.33,384.96,384.59,384.21,383.84,383.47,383.1,382.72,382.35,381.98,381.61,381.24,380.87,380.51,380.14,379.77,379.4,379.01,378.64,378.27,377.89,377.52,377.15,376.77,376.4,376.03,375.65,375.28,374.91,374.53,374.16,373.78,373.41,373.04,372.67,372.29,371.92,371.54,371.16,370.79,370.41,370.04,369.66,369.28,368.91,368.53,368.15,367.78,367.4,367.02,366.64,366.26,365.88,365.5
386.83,386.49,386.09,385.72,385.35,384.99,384.59,384.21,383.84,383.47,383.1,382.73,382.35,381.98,381.61,381.24,380.86,380.49,380.12,379.74,379.37,378.99,378.62,378.24,377.87,377.5,377.11,376.74,376.36,375.99,375.61,375.24,374.86,374.49,374.11,373.74,373.36,372.99,372.61,372.23,371.86,371.48,371.1,370.72,370.34,369.96,369.58,369.2,368.82,368.44,368.06,367.68,367.3,366.92,366.54,366.16,365.77,365.39,365.01,364.62
386.1,385.71,385.35,384.97,384.59,384.21,383.84,383.47,383.09,382.72,382.34,381.97,381.59,381.21,380.84,380.46,380.08,379.71,379.33,378.95,378.57,378.19,377.82,377.44,377.06,376.68,376.32,375.95,375.57,375.2,374.82,374.44,374.06,373.69,373.31,372.93,372.55,372.17,371.79,371.41,371.03,370.64,370.26,369.88,369.5,369.11,368.73,368.35,367.97,367.58,367.2,366.81,366.43,366.04,365.66,365.27,364.89,364.5,364.11,363.72
385.36,384.96,384.6,384.21,383.83,383.45,383.09,382.71,382.33,381.95,381.57,381.19,380.81,380.44,380.06,379.68,379.3,378.92,378.54,378.17,377.79,377.41,377.03,376.66,376.28,375.9,375.52,375.15,374.77,374.38,374,373.62,373.24,372.85,372.47,372.09,371.7,371.32,370.94,370.55,370.17,369.78,369.4,369.01,368.63,368.24,367.86,367.47,367.08,366.7,366.31,365.92,365.54,365.15,364.76,364.37,363.98,363.58,363.19,362.8
384.59,384.21,383.82,383.45,383.07,382.7,382.32,381.93,381.54,381.16,380.78,380.4,380.03,379.65,379.27,378.89,378.51,378.13,377.75,377.37,376.99,376.61,376.23,375.85,375.47,375.08,374.7,374.32,373.93,373.55,373.17,372.78,372.39,372.01,371.62,371.23,370.84,370.46,370.07,369.68,369.3,368.91,368.52,368.13,367.75,367.36,366.97,366.58,366.19,365.8,365.4,365.01,364.62,364.22,363.83,363.43,363.04,362.64,362.24,361.84
383.8,383.43,383.04,382.66,382.29,381.9,381.52,381.14,380.74,380.36,379.98,379.6,379.22,378.84,378.46,378.08,377.69,377.31,376.92,376.54,376.15,375.77,375.38,375,374.61,374.23,373.84,373.45,373.07,372.68,372.3,371.91,371.52,371.13,370.75,370.36,369.97,369.58,369.19,368.8,368.41,368.02,367.63,367.23,366.84,366.45,366.05,365.65,365.26,364.86,364.46,364.06,363.66,363.26,362.86,362.46,362.05,361.65,361.24,360.84
383.01,382.62,382.25,381.86,381.47,381.08,380.7,380.32,379.94,379.56,379.18,378.79,378.41,378.02,377.63,377.24,376.85,376.46,376.07,375.68,375.3,374.91,374.52,374.14,373.75,373.36,372.98,372.59,372.2,371.81,371.42,371.03,370.64,370.25,369.86,369.47,369.07,368.68,368.28,367.88,367.48,367.09,366.69,366.29,365.89,365.49,365.09,364.69,364.29,363.88,363.48,363.07,362.67,362.26,361.85,361.44,361.03,360.62,360.21,359.8
382.22,381.81,381.44,381.04,380.64,380.26,379.89,379.5,379.12,378.72,378.34,377.95,377.56,377.17,376.77,376.38,375.99,375.6,375.21,374.82,374.43,374.05,373.66,373.27,372.88,372.49,372.1,371.71,371.32,370.92,370.53,370.13,369.73,369.33,368.93,368.54,368.14,367.74,367.34,366.93,366.53,366.13,365.73,365.32,364.92,364.51,364.11,363.69,363.29,362.88,362.47,362.06,361.64,361.23,360.81,360.4,359.98,359.56,359.14,358.72
381.38,381,380.6,380.21,379.81,379.44,379.06,378.66,378.27,377.87,377.48,377.08,376.69,376.3,375.91,375.52,375.13,374.73,374.34,373.95,373.56,373.17,372.78,372.38,371.99,371.59,371.19,370.79,370.39,369.99,369.59,369.18,368.78,368.38,367.98,367.58,367.17,366.77,366.36,365.96,365.55,365.14,364.73,364.32,363.91,363.5,363.08,362.67,362.25,361.83,361.41,360.99,360.57,360.15,359.72,362.25,361.75,358.44,360.74,360.23
380.54,380.16,379.76,379.37,378.97,378.59,378.19,377.79,377.4,377,376.61,376.22,375.82,375.43,375.04,374.64,374.24,373.85,373.45,373.05,372.66,372.26,371.86,371.46,371.05,370.65,370.24,369.83,369.43,369.02,368.62,368.21,367.81,367.4,367,366.59,366.18,365.77,365.36,364.94,364.53,364.11,363.69,363.27,362.85,362.43,362.01,361.58,361.16,360.73,360.3,362.7,359.43,361.69,361.18,360.67,360.15,359.63,359.1,358.58
379.69,379.3,378.89,378.5,378.1,377.71,377.29,376.9,376.51,376.12,375.72,375.32,374.92,374.52,374.12,373.72,373.32,372.92,372.51,372.11,371.7,371.31,370.9,370.5,370.09,369.68,369.27,368.86,368.45,368.03,367.62,367.21,366.81,366.39,365.98,365.56,365.14,364.72,364.3,363.88,363.45,363.03,362.6,362.17,361.74,364.16,363.65,360.44,360,362.12,361.61,361.09,360.56,360.04,359.51,358.98,358.45,357.91,357.36,356.81
378.8,378.4,378,377.6,377.19,376.8,376.4,376,375.61,375.2,374.79,374.39,373.99,373.57,373.17,372.77,372.36,371.96,371.55,371.14,370.73,370.32,369.91,369.5,369.09,368.68,368.26,367.85,367.43,367.02,366.6,366.18,365.76,365.34,364.91,364.48,364.05,363.62,363.19,362.76,362.32,364.61,364.1,363.59,363.07,362.55,362.03,361.51,360.98,360.45,359.91,359.38,358.83,358.29,357.73,357.18,356.62,356.05,355.48,354.91
377.89,377.49,377.09,376.68,376.28,375.88,375.47,375.07,374.67,374.25,373.84,373.43,373.03,372.62,372.21,371.79,371.38,370.97,370.56,370.15,369.73,369.32,368.9,368.48,368.06,367.64,367.22,366.79,366.37,365.94,365.51,365.08,364.65,364.22,363.78,366.08,365.57,365.06,364.54,364.03,363.51,362.98,362.46,361.92,361.39,360.85,360.31,359.77,359.22,358.66,358.11,357.54,356.98,356.4,355.83,355.24,354.65,354.06,353.45,352.84
376.97,376.56,376.15,375.74,375.34,374.93,374.51,374.1,373.69,373.27,372.86,372.45,372.04,371.62,371.2,370.78,370.37,369.95,369.53,369.11,368.68,368.26,367.83,367.4,366.97,366.54,366.11,365.68,368.06,364.81,367.05,366.53,366.02,365.5,364.98,364.46,363.93,363.4,362.87,362.34,361.8,361.25,360.7,360.15,359.6,359.04,358.47,357.9,357.33,356.75,356.16,355.57,354.97,354.36,353.75,353.12,352.49,351.85,351.2,350.53
376.01,375.59,375.18,374.76,374.35,373.93,373.52,373.1,372.68,372.26,371.85,371.43,371,370.58,370.15,369.73,369.3,368.87,368.45,368.01,367.58,370.05,369.54,366.27,365.83,368.02,367.5,366.99,366.47,365.94,365.42,364.89,364.36,363.82,363.29,362.74,362.2,361.65,361.1,360.54,359.97,359.41,358.83,358.25,357.67,357.08,356.48,355.88,355.27,354.65,354.02,353.38,352.74,352.08,351.41,350.73,350.03,349.31,348.58,347.83
375.01,374.59,374.18,373.75,373.33,372.91,372.49,372.06,371.64,371.21,370.79,370.35,369.92,369.49,369.06,368.62,368.18,367.75,367.31,369.5,368.99,368.47,367.95,367.43,366.91,366.38,365.85,365.31,364.78,364.24,363.69,363.14,362.59,362.04,361.48,360.91,360.34,359.76,359.18,358.59,358,357.4,356.79,356.18,355.55,354.92,354.28,353.63,352.97,352.29,351.6,350.9,350.17,349.44,348.68,347.89,347.08,346.25,345.38,344.47
373.98,373.56,373.13,372.7,372.27,371.84,371.41,370.98,370.54,373.01,372.51,372.01,368.79,370.99,370.48,367.46,369.44,368.92,368.4,367.87,367.34,366.81,366.27,365.74,365.19,364.65,364.1,363.54,362.98,362.42,361.85,361.28,360.7,360.11,359.52,358.93,358.32,357.71,357.09,356.46,355.83,355.18,354.52,353.86,353.17,352.48,351.77,351.04,350.29,349.52,348.74,347.92,347.08,346.2,345.28,344.31,343.28,342.17,340.95,339.59
372.91,372.47,372.03,371.6,371.16,370.72,370.28,372.48,369.39,371.46,370.94,370.42,369.9,369.37,368.84,368.31,367.78,367.24,366.7,366.15,365.6,365.05,364.49,363.93,363.36,362.8,362.22,361.64,361.05,360.45,359.85,359.24,358.63,358.01,357.37,356.73,356.08,355.41,354.74,354.06,353.35,352.64,351.9,351.15,350.37,349.58,348.75,347.9,347.01,346.08,345.1,344.05,342.93,341.68,340.18,338.38,335.05,261,260.78,260.56
371.77,373.98,370.88,370.44,372.44,371.92,371.4,370.88,370.35,369.82,369.28,368.74,368.2,367.66,367.11,366.56,366.01,365.45,364.89,364.32,363.75,363.18,362.6,362.01,361.39,360.78,360.17,359.55,358.92,358.28,357.63,356.98,356.31,355.63,354.93,354.23,353.5,352.76,352,351.22,350.42,349.58,348.71,347.81,346.86,345.86,344.79,343.64,342.34,340.84,338.91,262.29,262.07,261.85,261.64,261.42,261.21,260.99,260.78,260.58
372.9,372.38,371.85,371.32,370.79,370.27,369.71,369.17,368.62,368.07,367.52,366.96,366.4,365.84,365.26,364.69,364.11,363.52,362.92,362.32,361.72,361.1,360.48,359.85,359.21,358.55,357.88,357.21,356.52,355.83,355.11,354.38,353.63,352.86,352.07,351.26,350.41,349.53,348.6,347.63,346.6,345.48,344.26,342.87,341.2,339.1,263.4,263.18,262.96,262.74,262.52,262.31,262.09,261.88,261.66,261.45,261.24,261.03,260.81,260.6
371.22,370.68,370.14,369.59,369.04,368.48,367.91,367.35,366.78,366.21,365.63,365.05,364.47,363.87,363.27,362.64,362.02,361.39,360.75,360.1,359.44,358.77,358.09,357.39,356.68,355.95,355.2,354.43,353.71,352.91,352.09,351.22,350.32,349.39,348.4,347.33,346.18,344.9,343.43,341.58,264.78,264.56,264.34,264.12,263.9,263.68,263.45,263.23,263.01,262.77,262.55,262.34,262.13,261.91,261.7,261.48,261.27,261.05,260.83,260.62
369.43,368.87,368.31,367.74,367.15,366.56,365.96,365.4,364.8,364.19,363.58,362.95,362.34,361.69,361.03,360.36,359.69,359,358.31,357.6,356.87,356.13,355.36,354.57,353.76,352.92,352.05,351.14,350.18,349.17,348.09,346.82,345.48,343.88,341.7,265.92,265.7,265.47,265.25,265.03,264.8,264.58,264.36,264.13,263.91,263.68,263.45,263.23,263,262.77,262.55,262.33,262.1,261.88,261.71,261.49,261.27,261.04,260.82,260.6
367.53,366.93,366.33,365.72,365.12,364.5,363.88,363.24,362.6,361.94,361.26,360.58,359.89,359.19,358.45,357.7,356.94,356.17,355.42,354.6,353.75,352.86,351.93,350.95,349.9,348.77,347.53,346.12,344.39,341.52,267.05,266.82,266.6,266.38,266.15,265.93,265.7,265.47,265.24,265.02,264.79,264.56,264.34,264.11,263.88,263.66,263.43,263.21,262.99,262.77,262.55,262.33,262.11,261.89,261.67,261.46,261.24,261.03,260.81,260.59
365.42,364.77,364.13,363.47,362.85,362.18,361.5,360.8,360.06,359.32,358.58,357.82,357.05,356.25,355.33,354.47,353.58,352.65,351.65,350.58,349.41,348.1,346.55,344.51,268.44,268.22,267.99,267.77,267.54,267.32,267.09,266.86,266.63,266.4,266.17,265.95,265.72,265.46,265.24,264.99,264.77,264.54,264.32,264.11,263.89,263.66,263.44,263.23,263.01,262.79,262.57,262.35,262.13,261.92,261.7,261.48,261.27,261.05,260.84,260.62
363.02,362.36,361.64,360.9,360.21,359.44,358.64,357.83,356.99,356.21,355.32,354.41,353.44,352.41,351.29,350.01,348.66,347,344.46,269.58,269.36,269.14,268.91,268.68,268.45,268.22,267.99,267.75,267.52,267.29,267.06,266.83,266.6,266.37,266.15,265.92,265.69,265.47,265.25,265.02,264.8,264.58,264.35,264.13,263.91,263.69,263.48,263.25,263.03,262.81,262.59,262.37,262.15,261.92,261.7,261.48,261.26,261.04,260.81,260.59
360.28,359.49,358.69,357.86,356.98,356.03,355.08,354.09,353.03,351.92,350.71,349.18,347.25,270.98,270.76,270.53,270.28,270.05,269.83,269.6,269.37,269.14,268.9,268.65,268.41,268.18,267.94,267.71,267.49,267.26,267.04,266.82,266.6,266.38,266.15,265.93,265.71,265.49,265.26,265.04,264.81,264.59,264.36,264.14,263.91,263.68,263.48,263.26,263.04,262.81,262.57,262.34,262.12,261.9,261.67,261.45,261.23,261.01,260.8,260.58
356.83,355.81,354.81,353.65,352.43,351.1,349.58,347.14,272.16,271.93,271.7,271.46,271.24,271.01,270.78,270.54,270.3,270.06,269.84,269.6,269.36,269.13,268.89,268.66,268.43,268.15,267.93,267.71,267.49,267.28,267.06,266.85,266.63,266.4,266.18,265.95,265.72,265.49,265.26,265.03,264.8,264.58,264.35,264.13,263.9,263.68,263.46,263.21,262.99,262.77,262.53,262.3,262.08,261.86,261.64,261.47,261.25,261.04,260.82,260.61
351.37,349.61,273.61,273.39,273.14,272.88,272.6,272.4,272.18,271.95,271.71,271.47,271.25,270.99,270.75,270.51,270.27,270.03,269.79,269.59,269.36,269.13,268.9,268.67,268.44,268.21,267.99,267.74,267.54,267.32,267.1,266.88,266.64,266.41,266.17,265.93,265.7,265.47,265.25,265.02,264.8,264.57,264.35,264.13,263.91,263.69,263.46,263.24,263.02,262.8,262.58,262.36,262.14,261.92,261.69,261.48,261.26,261.05,260.84,260.61
274.11,273.83,273.64,273.36,273.09,272.89,272.62,272.43,272.2,271.94,271.7,271.46,271.2,270.96,270.74,270.51,270.27,270.04,269.82,269.59,269.37,269.13,268.9,268.68,268.45,268.22,267.98,267.75,267.52,267.29,267.11,266.86,266.62,266.38,266.14,265.91,265.69,265.46,265.24,265.02,264.8,264.58,264.36,264.14,263.91,263.69,263.47,263.24,263.02,262.79,262.57,262.35,262.12,261.9,261.68,261.46,261.25,261.02,260.8,260.62
274.08,273.86,273.65,273.32,273.12,272.89,272.66,272.46,272.18,271.93,271.69,271.46,271.23,270.98,270.72,270.53,270.31,270.08,269.85,269.62,269.39,269.16,268.92,268.67,268.44,268.2,267.97,267.74,267.51,267.28,267.06,266.83,266.61,266.34,266.12,265.91,265.69,265.48,265.26,265.04,264.82,264.59,264.36,264.13,263.91,263.68,263.45,263.23,263,262.78,262.56,262.34,262.12,261.9,261.68,261.46,261.24,261.02,260.81,260.59
274.1,273.86,273.6,273.38,273.15,272.9,272.65,272.4,272.15,271.92,271.7,271.47,271.23,271,270.78,270.56,270.33,270.06,269.83,269.59,269.35,269.12,268.88,268.65,268.41,268.2,267.97,267.74,267.51,267.29,267.06,266.84,266.61,266.39,266.16,265.93,265.72,265.5,265.28,265.05,264.81,264.58,264.35,264.12,263.89,263.67,263.44,263.22,263,262.78,262.56,262.34,262.12,261.9,261.68,261.46,261.25,261.03,260.81,260.59
274.12,273.85,273.61,273.37,273.13,272.87,272.64,272.4,272.13,271.94,271.72,271.47,271.22,270.98,270.75,270.51,270.27,270.07,269.81,269.57,269.34,269.11,268.88,268.66,268.43,268.2,267.98,267.75,267.52,267.29,267.07,266.84,266.61,266.38,266.15,265.91,265.68,265.45,265.22,265.03,264.8,264.56,264.34,264.11,263.89,263.67,263.45,263.22,263,262.78,262.56,262.34,262.12,261.9,261.68,261.45,261.23,261.01,260.79,260.56
274.09,273.84,273.62,273.36,273.13,272.87,272.64,272.41,272.18,271.97,271.71,271.45,271.21,270.98,270.75,270.51,270.28,270.02,269.8,269.57,269.36,269.13,268.91,268.68,268.45,268.22,267.99,267.75,267.52,267.29,267.05,266.82,266.58,266.35,266.12,265.89,265.66,265.43,265.21,264.99,264.76,264.55,264.33,264.11,263.89,263.67,263.45,263.22,263,262.77,262.55,262.32,262.1,261.88,261.65,261.43,261.21,260.99,260.77,260.55
274.08,273.84,273.61,273.36,273.1,272.89,272.67,272.41,272.16,271.91,271.69,271.45,271.21,270.98,270.75,270.52,270.29,270.06,269.83,269.61,269.37,269.14,268.89,268.65,268.42,268.19,267.95,267.72,267.49,267.26,267.04,266.81,266.56,266.33,266.1,265.88,265.66,265.44,265.22,265,264.78,264.56,264.34,264.12,263.9,263.67,263.43,263.21,262.98,262.76,262.53,262.31,262.09,261.86,261.64,261.42,261.2,260.99,260.77,260.55
274.1,273.84,273.59,273.35,273.13,272.88,272.64,272.39,272.13,271.89,271.66,271.45,271.22,270.99,270.75,270.51,270.27,270.03,269.78,269.54,269.34,269.11,268.88,268.65,268.4,268.18,267.95,267.72,267.49,267.27,267.04,266.82,266.59,266.36,266.14,265.89,265.67,265.45,265.23,265.01,264.79,264.57,264.34,264.11,263.87,263.64,263.4,263.17,262.93,262.71,262.52,262.3,262.08,261.86,261.64,261.42,261.2,260.98,260.76,260.54
274.08,273.85,273.59,273.36,273.1,272.88,272.62,272.38,272.12,271.9,271.68,271.46,271.21,270.97,270.73,270.49,270.25,270.01,269.77,269.53,269.3,269.07,268.85,268.64,268.41,268.18,267.96,267.73,267.5,267.27,267.04,266.81,266.58,266.34,266.11,265.88,265.65,265.43,265.23,265,264.76,264.52,264.29,264.05,263.81,263.58,263.35,263.12,262.9,262.69,262.47,262.26,262.05,261.84,261.62,261.4,261.18,260.95,260.73,260.51
274.06,273.86,273.6,273.37,273.09,272.83,272.62,272.39,272.16,271.91,271.69,271.46,271.2,270.96,270.72,270.48,270.25,270.02,269.79,269.56,269.33,269.1,268.88,268.65,268.42,268.17,267.94,267.71,267.47,267.24,267,266.77,266.54,266.32,266.09,265.86,265.64,265.41,265.19,264.96,264.74,264.46,264.23,264,263.78,263.56,263.34,263.12,262.91,262.7,262.49,262.28,262.07,261.86,261.64,261.42,261.19,260.96,260.73,260.49
