0.6,0.59661,0.59322,0.58983,0.58644,0.58305,0.57966,0.57627,0.57288,0.56949,0.5661,0.56271,0.55932,0.55593,0.55254,0.54915,0.54576,0.54237,0.53898,0.53559,0.5322,0.52881,0.52542,0.52203,0.51864,0.51525,0.51186,0.50847,0.50508,0.50169,0.49831,0.49492,0.49153,0.48814,0.48475,0.48136,0.47797,0.47458,0.47119,0.4678,0.46441,0.46102,0.45763,0.45424,0.45085,0.44746,0.44407,0.44068,0.43729,0.4339,0.43051,0.42712,0.42373,0.42034,0.41695,0.41356,0.41017,0.40678,0.40339,0.4
12,16.068,20.136,24.203,28.271,32.339,36.407,40.475,44.542,48.61,52.678,56.746,60.814,64.881,68.949,73.017,77.085,81.153,85.22,89.288,93.356,97.424,101.49,105.56,109.63,113.69,117.76,121.83,125.9,129.97,134.03,138.1,142.17,146.24,150.31,154.37,158.44,162.51,166.58,170.64,174.71,178.78,182.85,186.92,190.98,195.05,199.12,203.19,207.25,211.32,215.39,219.46,223.53,227.59,231.66,235.73,239.8,243.86,247.93,252
5.736,7.6286,9.5032,11.366,13.222,15.074,16.923,18.773,20.631,23.067,24.902,26.738,28.575,30.426,32.309,34.388,37.153,38.55,39.949,41.346,42.745,44.144,45.544,46.943,48.342,49.739,51.137,52.534,53.93,55.327,56.724,58.12,59.515,60.908,62.301,63.692,65.083,66.473,67.861,69.249,70.638,72.024,73.41,74.795,76.179,77.561,78.941,80.32,81.697,83.075,84.45,85.825,87.199,88.573,89.946,91.318,92.688,94.058,95.424,96.79
5.7031,7.5862,9.4499,11.301,13.143,14.979,16.811,18.643,20.48,22.322,24.8,26.617,28.432,30.253,32.083,33.93,35.823,39.257,40.632,42.008,43.385,44.763,46.14,47.519,48.895,50.271,51.647,53.022,54.398,55.775,57.151,58.528,59.903,61.278,62.651,64.022,65.394,66.764,68.133,69.502,70.871,72.238,73.607,74.972,76.338,77.702,79.065,80.427,81.788,83.148,84.506,85.864,87.221,88.577,89.935,91.288,92.642,93.995,95.345,96.695
5.6699,7.5442,9.3976,11.237,13.066,14.889,16.706,18.521,20.34,22.162,24.708,26.509,28.308,30.108,31.914,33.724,35.544,37.387,39.308,42.714,44.07,45.426,46.783,48.139,49.495,50.851,52.206,53.562,54.918,56.273,57.631,58.987,60.345,61.699,63.053,64.407,65.758,67.108,68.458,69.808,71.157,72.506,73.854,75.202,76.55,77.897,79.243,80.587,81.93,83.273,84.616,85.957,87.296,88.636,89.974,91.312,92.65,93.984,95.321,96.653
5.6364,7.5022,9.3461,11.175,12.993,14.803,16.607,18.407,20.21,22.014,23.82,26.41,28.195,29.979,31.766,33.556,35.347,37.147,38.962,40.811,42.789,46.128,47.464,48.8,50.136,51.472,52.807,54.142,55.478,56.814,58.152,59.49,60.828,62.164,63.499,64.833,66.166,67.498,68.83,70.159,71.49,72.819,74.149,75.479,76.808,78.137,79.465,80.793,82.121,83.446,84.77,86.094,87.418,88.74,90.063,91.384,92.704,94.023,95.342,96.66
5.6026,7.4602,9.295,11.114,12.921,14.72,16.511,18.298,20.087,21.875,23.664,25.453,28.09,29.861,31.633,33.405,35.178,36.954,38.737,40.531,42.343,44.203,46.35,49.492,50.808,52.124,53.44,54.756,56.072,57.39,58.708,60.028,61.347,62.666,63.983,65.298,66.611,67.925,69.236,70.548,71.861,73.171,74.482,75.795,77.106,78.419,79.73,81.041,82.35,83.659,84.968,86.276,87.582,88.887,90.192,91.497,92.801,94.103,95.406,96.708
5.5686,7.4182,9.2443,11.054,12.851,14.639,16.418,18.193,19.969,21.744,23.517,25.289,27.061,28.837,31.509,33.267,35.023,36.782,38.544,40.312,42.087,43.874,45.687,47.572,51.506,52.802,54.099,55.396,56.693,57.991,59.292,60.596,61.895,63.197,64.496,65.794,67.089,68.383,69.677,70.97,72.263,73.556,74.85,76.144,77.438,78.734,80.028,81.322,82.616,83.908,85.2,86.49,87.78,89.07,90.359,91.647,92.934,94.22,95.507,96.792
5.5345,7.376,9.1939,10.994,12.782,14.559,16.328,18.091,19.855,21.616,23.377,25.134,26.89,28.65,30.415,33.136,34.879,36.623,38.368,40.117,41.87,43.628,45.396,47.181,49.003,50.943,54.78,56.058,57.338,58.618,59.9,61.185,62.469,63.754,65.035,66.313,67.592,68.87,70.144,71.421,72.695,73.97,75.245,76.522,77.8,79.078,80.357,81.636,82.912,84.189,85.464,86.737,88.011,89.284,90.556,91.828,93.099,94.371,95.642,96.91
5.5004,7.3337,9.1435,10.935,12.713,14.481,16.24,17.992,19.744,21.494,23.241,24.985,26.727,28.472,30.221,33.01,34.742,36.472,38.204,39.937,41.672,43.41,45.154,46.906,48.67,50.459,52.302,54.388,58.001,59.263,60.528,61.796,63.062,64.33,65.595,66.857,68.116,69.376,70.634,71.892,73.149,74.407,75.666,76.925,78.187,79.448,80.71,81.973,83.233,84.494,85.753,87.011,88.269,89.526,90.781,92.036,93.293,94.547,95.802,97.058
5.4663,7.2913,9.093,10.876,12.646,14.404,16.153,17.895,19.636,21.374,23.11,24.841,26.57,28.301,30.036,31.772,33.51,36.329,38.048,39.768,41.488,43.21,44.935,46.665,48.403,50.151,51.916,53.714,55.595,59.921,61.171,62.419,63.672,64.921,66.168,67.414,68.657,69.9,71.14,72.379,73.62,74.86,76.103,77.346,78.59,79.836,81.082,82.329,83.574,84.819,86.062,87.305,88.546,89.788,91.027,92.266,93.506,94.746,95.987,97.226
5.4324,7.2487,9.0425,10.818,12.578,14.327,16.067,17.799,19.53,21.257,22.982,24.702,26.419,28.137,29.858,31.58,33.303,36.189,36.761,39.605,41.313,43.021,44.731,46.444,48.162,49.887,51.621,53.367,55.136,56.952,58.916,63.053,64.288,65.52,66.751,67.978,69.207,70.431,71.654,72.878,74.101,75.326,76.551,77.776,79.005,80.235,81.467,82.698,83.928,85.157,86.385,87.612,88.837,90.063,91.288,92.513,93.736,94.961,96.186,97.41
5.3986,7.2061,8.992,10.759,12.511,14.251,15.982,17.704,19.425,21.143,22.857,24.566,26.271,27.978,29.686,31.396,33.105,34.817,37.751,39.449,41.145,42.841,44.538,46.236,47.938,49.645,51.358,53.078,54.809,56.557,58.334,60.183,64.901,66.118,67.331,68.543,69.758,70.966,72.173,73.379,74.586,75.793,77.003,78.213,79.426,80.641,81.856,83.072,84.287,85.501,86.714,87.927,89.136,90.347,91.558,92.768,93.975,95.184,96.394,97.604
5.3652,7.1638,8.9416,10.7,12.444,14.176,15.898,17.611,19.323,21.03,22.734,24.433,26.127,27.823,29.52,31.217,32.913,34.612,36.314,38.02,40.981,42.666,44.352,46.038,47.726,49.418,51.114,52.815,54.523,56.24,57.97,59.72,61.518,63.456,67.913,69.109,70.305,71.495,72.686,73.875,75.066,76.257,77.448,78.644,79.841,81.04,82.242,83.444,84.646,85.843,87.04,88.238,89.435,90.63,91.824,93.024,94.218,95.412,96.609,97.806
5.3321,7.1218,8.8914,10.643,12.378,14.102,15.814,17.519,19.221,20.92,22.614,24.303,25.987,27.672,29.358,31.044,32.729,34.416,36.105,37.797,39.492,42.498,44.172,45.847,47.524,49.203,50.884,52.57,54.26,55.957,57.66,59.374,61.106,62.875,64.727,69.672,70.848,72.026,73.198,74.372,75.546,76.721,77.898,79.077,80.258,81.443,82.63,83.817,85.002,86.188,87.372,88.554,89.736,90.918,92.098,93.277,94.458,95.639,96.821,98.002
5.2993,7.0801,8.8415,10.585,12.313,14.028,15.732,17.429,19.122,20.811,22.496,24.175,25.85,27.525,29.201,30.876,32.55,34.225,35.903,37.583,39.265,42.333,43.998,45.663,47.329,48.996,50.666,52.338,54.014,55.694,57.379,59.07,60.771,62.491,64.24,66.051,68.069,72.542,73.7,74.861,76.019,77.177,78.338,79.504,80.668,81.84,83.011,84.185,85.358,86.528,87.699,88.866,90.032,91.201,92.367,93.533,94.7,95.866,97.035,98.206
5.2671,7.0389,8.7921,10.528,12.248,13.955,15.651,17.339,19.024,20.705,22.38,24.051,25.716,27.382,29.048,30.713,32.377,34.042,35.708,37.377,39.047,40.719,42.395,45.484,47.14,48.797,50.456,52.117,53.78,55.446,57.116,58.79,60.472,62.164,63.873,65.609,67.396,69.32,74.192,75.334,76.477,77.621,78.768,79.917,81.072,82.227,83.386,84.544,85.702,86.858,88.015,89.17,90.324,91.479,92.63,93.784,94.937,96.091,97.248,98.402
5.2354,6.9983,8.7432,10.471,12.184,13.883,15.572,17.251,18.928,20.6,22.267,23.929,25.586,27.242,28.899,30.555,32.209,33.864,35.52,37.178,38.838,40.499,42.163,45.31,46.957,48.605,50.254,51.904,53.556,55.21,56.867,58.526,60.192,61.866,63.551,65.252,66.978,68.749,70.629,75.79,76.919,78.049,79.182,80.316,81.456,82.599,83.745,84.891,86.037,87.18,88.322,89.463,90.606,91.745,92.885,94.022,95.164,96.305,97.446,98.59
5.2043,6.9583,8.6949,10.415,12.12,13.812,15.493,17.165,18.834,20.498,22.157,23.81,25.458,27.106,28.754,30.401,32.046,33.691,35.338,36.986,38.635,40.286,41.939,43.596,46.777,48.416,50.056,51.696,53.338,54.982,56.627,58.274,59.925,61.584,63.251,64.93,66.624,68.343,70.104,71.96,77.343,78.46,79.578,80.699,81.826,82.954,84.088,85.22,86.354,87.484,88.616,89.743,90.871,91.998,93.125,94.253,95.379,96.509,97.638,98.769
5.1738,6.919,8.6474,10.36,12.057,13.742,15.415,17.079,18.741,20.396,22.048,23.693,25.333,26.973,28.612,30.25,31.886,33.523,35.16,36.798,38.438,40.078,41.721,43.367,45.017,46.672,49.861,51.493,53.125,54.759,56.393,58.029,59.669,61.314,62.966,64.628,66.301,67.991,69.704,71.458,73.301,75.685,79.956,81.066,82.177,83.293,84.414,85.536,86.656,87.774,88.894,90.007,91.124,92.239,93.353,94.469,95.582,96.7,97.816,98.935
5.1438,6.8802,8.6005,10.305,11.995,13.673,15.338,16.995,18.648,20.297,21.94,23.577,25.21,26.841,28.472,30.102,31.73,33.357,34.986,36.615,38.245,39.876,41.509,43.145,44.784,46.428,49.669,51.292,52.916,54.54,56.165,57.791,59.419,61.053,62.692,64.34,65.997,67.666,69.351,71.059,72.809,74.648,76.94,81.408,82.508,83.613,84.72,85.829,86.937,88.043,89.149,90.254,91.358,92.459,93.562,94.666,95.77,96.87,97.978,99.086
5.1142,6.842,8.554,10.251,11.934,13.604,15.262,16.912,18.557,20.198,21.834,23.463,25.088,26.711,28.334,29.956,31.575,33.195,34.815,36.435,38.056,39.678,41.302,42.928,44.558,46.191,49.479,51.094,52.71,54.325,55.941,57.557,59.176,60.799,62.427,64.061,65.704,67.358,69.023,70.704,72.411,74.159,75.999,78.367,82.817,83.911,85.008,86.105,87.2,88.295,89.389,90.481,91.573,92.664,93.755,94.844,95.936,97.028,98.123,99.22
5.0852,6.8042,8.5082,10.197,11.873,13.536,15.187,16.829,18.467,20.101,21.729,23.351,24.967,26.583,28.198,29.812,31.423,33.035,34.646,36.259,37.871,39.484,41.099,42.716,44.336,45.96,47.587,50.898,52.506,54.113,55.721,57.328,58.938,60.551,62.168,63.792,65.422,67.062,68.711,70.373,72.052,73.757,75.507,77.357,83.105,84.185,85.269,86.358,87.441,88.525,89.605,90.69,91.769,92.847,93.926,95.005,96.083,97.167,98.249,99.335
5.0565,6.767,8.4628,10.144,11.813,13.468,15.112,16.747,18.378,20.004,21.624,23.239,24.848,26.456,28.064,29.67,31.274,32.877,34.481,36.085,37.689,39.294,40.9,42.508,44.119,45.734,47.351,50.703,52.304,53.904,55.503,57.102,58.703,60.307,61.915,63.529,65.148,66.775,68.412,70.058,71.718,73.395,75.101,76.856,78.727,84.435,85.509,86.584,87.659,88.731,89.803,90.872,91.942,93.007,94.076,95.145,96.212,97.282,98.353,99.428
5.0282,6.7302,8.4179,10.092,11.753,13.401,15.038,16.666,18.289,19.908,21.521,23.129,24.731,26.331,27.932,29.53,31.126,32.722,34.318,35.914,37.51,39.107,40.705,42.305,43.907,45.513,47.121,48.734,50.35,53.697,55.288,56.88,58.473,60.068,61.667,63.271,64.881,66.497,68.122,69.756,71.4,73.058,74.736,76.444,78.209,80.118,85.726,86.788,87.852,88.913,89.973,91.032,92.092,93.146,94.203,95.26,96.317,97.376,98.438,99.502
5.0004,6.6939,8.3736,10.04,11.693,13.335,14.964,16.585,18.202,19.813,21.419,23.02,24.614,26.208,27.801,29.392,30.98,32.569,34.157,35.746,37.334,38.923,40.513,42.105,43.699,45.296,46.897,48.5,51.906,53.492,55.076,56.661,58.246,59.833,61.424,63.02,64.62,66.227,67.841,69.463,71.094,72.737,74.395,76.074,77.789,79.572,81.562,86.965,88.02,89.069,90.118,91.165,92.213,93.26,94.307,95.35,96.397,97.445,98.496,99.55
4.973,6.6581,8.3299,9.9885,11.635,13.269,14.892,16.505,18.115,19.72,21.319,22.912,24.5,26.086,27.672,29.256,30.837,32.418,33.999,35.58,37.162,38.743,40.325,41.91,43.496,45.085,46.677,48.273,49.871,51.473,53.078,56.444,58.022,59.603,61.186,62.773,64.365,65.963,67.567,69.179,70.8,72.43,74.072,75.731,77.414,79.14,80.958,83.198,88.153,89.195,90.234,91.271,92.307,93.342,94.378,95.415,96.45,97.49,98.527,99.572
4.9461,6.6229,8.2867,9.9378,11.577,13.204,14.82,16.427,18.03,19.627,21.219,22.805,24.386,25.966,27.545,29.122,30.696,32.27,33.844,35.418,36.992,38.566,40.141,41.718,43.297,44.879,46.463,48.051,49.641,51.235,54.66,56.231,57.802,59.376,60.952,62.531,64.116,65.705,67.301,68.904,70.514,72.134,73.763,75.407,77.069,78.76,80.509,82.397,88.259,89.288,90.318,91.346,92.372,93.398,94.425,95.448,96.478,97.506,98.535,99.57
4.9196,6.5882,8.2442,9.8878,11.52,13.14,14.749,16.349,17.945,19.536,21.121,22.701,24.275,25.847,27.42,28.99,30.557,32.124,33.691,35.259,36.826,38.393,39.961,41.531,43.103,44.677,46.254,47.834,49.417,51.004,52.593,56.021,57.586,59.153,60.722,62.294,63.872,65.454,67.041,68.635,70.237,71.847,73.466,75.096,76.742,78.41,80.118,81.907,83.976,89.352,90.374,91.39,92.409,93.427,94.442,95.458,96.476,97.498,98.516,99.541
4.8936,6.554,8.2023,9.8386,11.463,13.077,14.679,16.272,17.862,19.446,21.025,22.597,24.165,25.731,27.297,28.86,30.421,31.982,33.542,35.103,36.663,38.224,39.785,41.348,42.913,44.481,46.051,47.624,49.2,50.779,52.36,55.813,57.372,58.932,60.495,62.061,63.632,65.206,66.787,68.373,69.966,71.567,73.176,74.796,76.428,78.079,79.759,81.497,83.37,89.389,90.399,91.41,92.417,93.425,94.434,95.443,96.45,97.463,98.476,99.492
4.8679,6.5206,8.1613,9.7902,11.408,13.014,14.61,16.197,17.78,19.357,20.93,22.496,24.057,25.616,27.176,28.733,30.287,31.841,33.395,34.95,36.504,38.058,39.612,41.169,42.727,44.288,45.851,47.417,48.986,50.559,52.133,53.709,57.16,58.715,60.271,61.831,63.395,64.963,66.536,68.115,69.7,71.293,72.894,74.503,76.124,77.761,79.421,81.125,82.918,85.033,90.4,91.402,92.401,93.401,94.402,95.401,96.401,97.402,98.408,99.415
4.8429,6.4877,8.1208,9.7426,11.353,12.953,14.542,16.122,17.699,19.27,20.836,22.396,23.95,25.503,27.056,28.607,30.155,31.703,33.251,34.799,36.347,37.894,39.443,40.993,42.545,44.099,45.656,47.215,48.778,50.343,51.91,53.48,56.95,58.499,60.049,61.603,63.16,64.722,66.289,67.861,69.439,71.024,72.616,74.218,75.829,77.453,79.098,80.778,82.525,84.441,90.374,91.366,92.361,93.35,94.342,95.332,96.325,97.321,98.317,99.315
4.8183,6.4553,8.0811,9.6957,11.3,12.893,14.475,16.049,17.619,19.184,20.743,22.297,23.845,25.392,26.939,28.483,30.025,31.567,33.108,34.65,36.192,37.733,39.275,40.819,42.365,43.913,45.463,47.017,48.572,50.131,51.692,55.2,56.741,58.284,59.829,61.377,62.928,64.484,66.044,67.61,69.181,70.759,72.344,73.937,75.54,77.154,78.787,80.449,82.164,83.996,90.319,91.303,92.288,93.274,94.255,95.24,96.223,97.212,98.2,99.193
4.7941,6.4234,8.0418,9.6494,11.246,12.833,14.409,15.976,17.54,19.098,20.651,22.199,23.741,25.282,26.822,28.361,29.897,31.432,32.968,34.503,36.039,37.574,39.111,40.648,42.188,43.73,45.274,46.821,48.371,49.923,51.478,54.998,56.534,58.072,59.611,61.153,62.699,64.248,65.803,67.362,68.927,70.498,72.076,73.663,75.257,76.863,78.485,80.133,81.825,83.608,85.702,91.214,92.191,93.17,94.147,95.122,96.099,97.079,98.059,99.045
4.7702,6.3919,8.0032,9.6037,11.194,12.774,14.343,15.904,17.462,19.014,20.561,22.102,23.638,25.173,26.707,28.24,29.77,31.299,32.829,34.358,35.888,37.418,38.948,40.48,42.013,43.549,45.088,46.629,48.173,49.719,51.267,54.798,54.373,57.861,59.394,60.931,62.471,64.015,65.564,67.117,68.676,70.241,71.813,73.392,74.98,76.578,78.191,79.827,81.503,83.253,85.208,91.097,92.072,93.042,94.011,94.978,95.946,96.92,97.892,98.872
4.7466,6.3609,7.965,9.5586,11.142,12.716,14.279,15.833,17.384,18.93,20.471,22.006,23.537,25.065,26.594,28.12,29.644,31.168,32.692,34.216,35.739,37.263,38.788,40.314,41.842,43.372,44.904,46.44,47.978,49.518,51.061,52.605,54.154,57.651,59.18,60.711,62.246,63.785,65.328,66.876,68.429,69.988,71.554,73.127,74.709,76.3,77.904,79.531,81.194,82.921,84.806,90.958,91.924,92.886,93.846,94.807,95.771,96.735,97.702,98.673
4.7233,6.3303,7.9273,9.5141,11.091,12.658,14.215,15.763,17.308,18.848,20.383,21.912,23.436,24.959,26.482,28.002,29.52,31.038,32.556,34.075,35.593,37.111,38.63,40.15,41.672,43.197,44.724,46.254,47.786,49.321,50.858,52.397,53.94,57.444,58.967,60.494,62.023,63.557,65.094,66.637,68.185,69.739,71.299,72.867,74.442,76.027,77.625,79.244,80.896,82.606,84.45,90.793,91.75,92.703,93.657,94.613,95.568,96.528,97.489,98.45
4.7003,6.3,7.8901,9.4701,11.04,12.601,14.152,15.694,17.232,18.766,20.295,21.819,23.337,24.854,26.371,27.886,29.398,30.91,32.423,33.935,35.448,36.961,38.474,39.989,41.505,43.025,44.546,46.071,47.598,49.127,50.659,52.193,53.73,57.238,58.757,60.278,61.803,63.331,64.864,66.402,67.945,69.494,71.049,72.611,74.181,75.761,77.353,78.965,80.609,82.308,84.126,90.598,91.549,92.494,93.445,94.392,95.34,96.293,97.245,98.203
4.6776,6.2702,7.8534,9.4267,10.99,12.545,14.089,15.625,17.158,18.686,20.209,21.726,23.238,24.75,26.261,27.77,29.277,30.784,32.291,33.798,35.305,36.812,38.321,39.83,41.342,42.855,44.372,45.891,47.413,48.937,50.464,51.992,55.523,57.035,58.549,60.065,61.585,63.109,64.637,66.17,67.709,69.253,70.803,72.361,73.926,75.501,77.088,78.695,80.333,82.024,83.829,86.402,91.319,92.265,93.203,94.143,95.087,96.034,96.977,97.93
4.6552,6.2408,7.8172,9.3838,10.941,12.489,14.027,15.557,17.084,18.606,20.123,21.635,23.142,24.647,26.153,27.657,29.158,30.66,32.161,33.663,35.165,36.667,38.17,39.674,41.181,42.689,44.201,45.715,47.232,48.752,50.273,51.797,53.325,54.859,58.343,59.855,61.371,62.89,64.414,65.943,67.477,69.016,70.563,72.116,73.678,75.248,76.831,78.434,80.068,81.755,83.554,86,91.064,91.998,92.934,93.87,94.805,95.748,96.686,97.632
4.6331,6.2118,7.7814,9.3416,10.893,12.434,13.966,15.49,17.011,18.527,20.039,21.545,23.046,24.546,26.046,27.545,29.041,30.537,32.033,33.53,35.027,36.524,38.022,39.521,41.023,42.527,44.033,45.543,47.055,48.57,50.087,51.606,53.13,56.635,58.14,59.648,61.159,62.675,64.194,65.719,67.249,68.785,70.328,71.877,73.435,75.002,76.582,78.182,79.814,81.5,83.302,89.851,90.782,91.709,92.64,93.569,94.5,95.434,96.37,97.308
4.6113,6.1833,7.7463,9.3,10.845,12.38,13.906,15.424,16.939,18.45,19.956,21.456,22.952,24.447,25.942,27.435,28.926,30.417,31.908,33.399,34.891,36.383,37.876,39.371,40.868,42.367,43.87,45.374,46.882,48.393,49.906,51.42,52.94,56.439,57.94,59.444,60.951,62.462,63.978,65.499,67.026,68.558,70.097,71.644,73.198,74.762,76.34,77.938,79.569,81.257,83.071,89.549,90.474,91.397,92.32,93.246,94.171,95.101,96.034,96.968
4.5898,6.1552,7.7117,9.2591,10.798,12.327,13.847,15.359,16.869,18.374,19.874,21.369,22.859,24.349,25.838,27.326,28.812,30.298,31.785,33.272,34.759,36.246,37.734,39.224,40.717,42.212,43.709,45.21,46.713,48.22,49.729,51.239,52.755,56.245,57.742,59.242,60.746,62.253,63.766,65.283,66.806,68.335,69.871,71.415,72.966,74.528,76.104,77.701,79.334,81.027,82.862,89.226,90.145,91.066,91.982,92.903,93.825,94.748,95.674,96.604
4.5688,6.1276,7.6777,9.2189,10.751,12.275,13.789,15.295,16.799,18.299,19.793,21.283,22.768,24.253,25.737,27.22,28.701,30.182,31.664,33.146,34.628,36.111,37.595,39.081,40.569,42.059,43.553,45.049,46.548,48.051,49.556,51.063,52.574,56.054,57.547,59.043,60.543,62.047,63.556,65.07,66.589,68.115,69.648,71.189,72.739,74.299,75.873,77.471,79.106,80.809,82.678,88.878,89.797,90.709,91.624,92.54,93.457,94.375,95.297,96.223
4.5481,6.1004,7.6443,9.1794,10.706,12.223,13.732,15.233,16.731,18.225,19.714,21.199,22.679,24.158,25.638,27.116,28.592,30.068,31.545,33.022,34.5,35.978,37.458,38.939,40.423,41.909,43.398,44.891,46.386,47.885,49.386,50.889,52.397,55.864,57.353,58.846,60.342,61.843,63.348,64.859,66.375,67.899,69.429,70.968,72.515,74.074,75.648,77.247,78.887,80.604,82.53,88.517,89.428,90.341,91.248,92.159,93.073,93.989,94.903,95.826
4.5277,6.0737,7.6114,9.1404,10.661,12.173,13.675,15.171,16.663,18.152,19.636,21.115,22.59,24.065,25.539,27.012,28.484,29.955,31.427,32.9,34.374,35.847,37.323,38.8,40.279,41.761,43.247,44.735,46.227,47.721,49.219,50.719,52.224,55.676,57.161,58.65,60.143,61.64,63.142,64.65,66.164,67.685,69.213,70.75,72.296,73.854,75.428,77.03,78.678,80.415,82.446,88.135,89.044,89.951,90.855,91.76,92.673,93.581,94.495,95.413
4.5076,6.0473,7.579,9.102,10.617,12.123,13.62,15.109,16.597,18.08,19.559,21.033,22.503,23.972,25.442,26.91,28.377,29.844,31.312,32.78,34.249,35.718,37.189,38.662,40.138,41.616,43.097,44.582,46.07,47.561,49.055,50.551,54.009,55.489,56.971,58.457,59.946,61.44,62.939,64.444,65.956,67.474,69.001,70.535,72.081,73.638,75.215,76.821,78.479,80.248,82.566,87.739,88.64,89.543,90.444,91.347,92.252,93.16,94.069,94.981
4.4876,6.0212,7.5469,9.064,10.573,12.073,13.565,15.049,16.531,18.009,19.482,20.951,22.416,23.881,25.346,26.81,28.272,29.734,31.197,32.661,34.126,35.591,37.058,38.526,39.998,41.472,42.95,44.431,45.915,47.403,48.893,52.353,53.828,55.304,56.782,58.265,59.751,61.242,62.738,64.241,65.75,67.266,68.791,70.325,71.87,73.428,75.007,76.62,78.294,80.111,86.422,87.323,88.223,89.122,90.023,90.921,91.82,92.722,93.629,94.539
4.4679,5.9954,7.5151,9.0264,10.529,12.024,13.51,14.989,16.465,17.938,19.407,20.871,22.331,23.791,25.251,26.71,28.167,29.625,31.084,32.544,34.004,35.465,36.928,38.393,39.86,41.331,42.805,44.282,45.763,47.248,48.735,52.177,53.647,55.12,56.596,58.074,59.558,61.046,62.54,64.04,65.547,67.062,68.585,70.118,71.663,73.224,74.807,76.43,78.127,80.026,85.995,86.893,87.789,88.683,89.578,90.474,91.373,92.27,93.173,94.078
4.4483,5.9699,7.4837,8.9892,10.486,11.976,13.456,14.929,16.401,17.868,19.332,20.791,22.246,23.701,25.157,26.611,28.064,29.518,30.972,32.428,33.884,35.341,36.8,38.261,39.724,41.191,42.662,44.136,45.613,47.095,48.579,50.066,53.469,54.938,56.41,57.886,59.367,60.853,62.344,63.842,65.348,66.861,68.384,69.917,71.463,73.026,74.616,76.252,77.985,80.067,85.551,86.446,87.337,88.232,89.122,90.013,90.906,91.801,92.702,93.603
4.429,5.9446,7.4526,8.9524,10.444,11.927,13.402,14.87,16.336,17.799,19.258,20.712,22.162,23.613,25.064,26.514,27.962,29.411,30.861,32.313,33.765,35.218,36.673,38.13,39.591,41.054,42.521,43.992,45.466,46.945,48.426,49.911,53.292,54.758,56.228,57.701,59.179,60.662,62.152,63.648,65.152,66.665,68.187,69.721,71.269,72.837,74.436,76.093,77.882,84.202,85.092,85.982,86.87,87.76,88.647,89.535,90.425,91.319,92.214,93.111
4.4098,5.9196,7.4218,8.9159,10.402,11.88,13.349,14.812,16.273,17.73,19.184,20.634,22.079,23.525,24.971,26.417,27.861,29.306,30.752,32.2,33.648,35.097,36.549,38.002,39.459,40.919,42.383,43.851,45.322,46.798,48.277,49.76,53.117,54.581,56.047,57.518,58.993,60.475,61.962,63.458,64.961,66.473,67.996,69.531,71.083,72.657,74.27,75.957,77.853,83.728,84.618,85.504,86.388,87.272,88.157,89.042,89.928,90.818,91.708,92.603
4.3908,5.8949,7.3914,8.8799,10.36,11.833,13.297,14.754,16.21,17.663,19.111,20.556,21.997,23.439,24.881,26.322,27.762,29.203,30.645,32.088,33.533,34.979,36.426,37.877,39.33,40.787,42.248,43.713,45.182,46.655,48.132,51.487,52.945,54.406,55.87,57.338,58.812,60.291,61.778,63.272,64.775,66.287,67.811,69.349,70.906,72.49,74.123,75.86,78.08,83.235,84.121,85.004,85.884,86.767,87.648,88.53,89.412,90.3,91.186,92.079
4.3721,5.8705,7.3614,8.8443,10.319,11.786,13.245,14.697,16.148,17.596,19.04,20.48,21.917,23.353,24.791,26.228,27.664,29.101,30.539,31.979,33.42,34.862,36.306,37.753,39.204,40.658,42.116,43.578,45.045,46.516,47.991,51.321,52.776,54.234,55.696,57.162,58.633,60.112,61.597,63.091,64.594,66.108,67.634,69.176,70.74,72.34,74.003,75.833,81.844,82.728,83.607,84.488,85.365,86.243,87.122,88,88.882,89.762,90.647,91.535
4.3536,5.8463,7.3317,8.8092,10.279,11.74,13.194,14.641,16.087,17.53,18.969,20.405,21.837,23.27,24.703,26.136,27.568,29.001,30.436,31.872,33.309,34.748,36.189,37.633,39.081,40.532,41.988,43.447,44.912,46.381,47.854,51.157,52.61,54.066,55.525,56.99,58.46,59.938,61.422,62.917,64.421,65.936,67.466,69.014,70.59,72.211,73.926,76.007,81.318,82.198,83.076,83.954,84.828,85.704,86.58,87.455,88.332,89.211,90.094,90.981
4.3354,5.8226,7.3025,8.7746,10.239,11.695,13.144,14.586,16.027,17.465,18.9,20.331,21.759,23.187,24.617,26.046,27.474,28.903,30.334,31.767,33.201,34.637,36.075,37.516,38.961,40.41,41.863,43.321,44.784,46.252,47.724,50.997,52.447,53.901,55.359,56.822,58.292,59.769,61.254,62.749,64.255,65.774,67.308,68.866,70.459,72.114,73.927,79.896,80.777,81.654,82.528,83.404,84.274,85.15,86.023,86.897,87.771,88.65,89.529,90.412
4.3174,5.7993,7.2739,8.7406,10.2,11.651,13.094,14.531,15.968,17.401,18.832,20.259,21.682,23.107,24.532,25.957,27.382,28.808,30.236,31.665,33.096,34.529,35.964,37.403,38.846,40.292,41.744,43.2,44.661,46.128,49.395,50.841,52.289,53.741,55.198,56.66,58.129,59.606,61.092,62.589,64.097,65.619,67.162,68.732,70.349,72.062,74.166,79.347,80.22,81.096,81.971,82.843,83.715,84.586,85.457,86.331,87.203,88.078,88.959,89.837
4.2998,5.7764,7.2457,8.7073,10.161,11.607,13.046,14.478,15.91,17.339,18.765,20.188,21.608,23.028,24.45,25.872,27.293,28.715,30.14,31.566,32.994,34.425,35.857,37.294,38.734,40.179,41.629,43.083,44.543,47.801,49.244,50.688,52.134,53.585,55.04,56.502,57.971,59.448,60.935,62.433,63.945,65.473,67.025,68.614,70.269,72.096,77.91,78.783,79.659,80.531,81.405,82.276,83.146,84.016,84.885,85.755,86.627,87.502,88.377,89.258
4.2826,5.754,7.2182,8.6747,10.123,11.565,12.998,14.426,15.853,17.278,18.7,20.119,21.535,22.951,24.369,25.788,27.206,28.625,30.046,31.47,32.895,34.323,35.753,37.187,38.626,40.069,41.517,42.97,44.429,45.894,49.096,50.537,51.982,53.431,54.886,56.347,57.816,59.294,60.782,62.283,63.8,65.336,66.902,68.517,70.237,72.517,77.346,78.218,79.092,79.966,80.836,81.703,82.572,83.44,84.312,85.178,86.05,86.924,87.797,88.677
4.2657,5.7321,7.1913,8.6427,10.086,11.523,12.951,14.375,15.798,17.218,18.636,20.051,21.463,22.876,24.291,25.706,27.12,28.536,29.955,31.375,32.798,34.223,35.651,37.083,38.52,39.961,41.407,42.86,46.072,47.51,48.949,50.389,51.832,53.28,54.734,56.195,57.664,59.144,60.634,62.139,63.661,65.208,66.793,68.451,70.309,75.906,76.777,77.649,78.52,79.391,80.261,81.13,81.997,82.863,83.731,84.601,85.467,86.34,87.214,88.091
4.2491,5.7105,7.1647,8.6112,10.05,11.481,12.906,14.325,15.743,17.159,18.573,19.984,21.392,22.802,24.213,25.624,27.036,28.449,29.864,31.282,32.703,34.125,35.551,36.981,38.415,39.855,41.3,42.752,45.931,47.367,48.804,50.242,51.684,53.131,54.584,56.045,57.516,58.997,60.49,61.999,63.53,65.091,66.707,68.44,74.473,75.339,76.207,77.077,77.949,78.817,79.685,80.552,81.421,82.285,83.15,84.017,84.882,85.754,86.626,87.5
4.2326,5.6891,7.1384,8.58,10.014,11.44,12.86,14.274,15.689,17.101,18.511,19.918,21.322,22.728,24.136,25.544,26.952,28.363,29.775,31.19,32.608,34.028,35.452,36.88,38.313,39.751,41.195,42.645,45.791,47.225,48.66,50.097,51.538,52.984,54.437,55.899,57.37,58.854,60.351,61.867,63.408,64.991,66.654,68.561,73.904,74.769,75.635,76.505,77.374,78.24,79.107,79.974,80.84,81.701,82.568,83.43,84.298,85.167,86.036,86.911
473.74,468.18,463.61,459.66,456.13,452.87,449.81,446.87,444.01,442.39,438.93,435.41,431.73,427.68,422.85,414.9,337.49,337.24,336.98,336.73,336.48,336.21,335.95,335.68,335.42,335.16,334.9,334.63,334.37,334.1,333.82,333.54,333.26,332.98,332.7,332.43,332.17,331.91,331.66,331.4,331.15,330.9,330.64,330.38,330.12,329.85,329.57,329.29,329.02,328.74,328.47,328.21,327.95,327.69,327.43,327.17,326.91,326.65,326.39,326.13
468.86,463.53,459.17,455.39,452.03,448.94,446.06,443.32,440.69,438.1,436.89,433.77,430.62,427.34,423.82,419.88,415.03,331.93,331.7,331.46,331.23,330.98,330.74,330.49,330.25,330,329.76,329.52,329.27,329.02,328.76,328.5,328.23,327.97,327.72,327.47,327.22,326.98,326.74,326.51,326.28,326.04,325.8,325.56,325.31,325.06,324.8,324.54,324.28,324.02,323.77,323.52,323.28,323.03,322.79,322.55,322.31,322.06,321.82,321.57
464.01,458.93,454.75,451.14,447.92,444.98,442.24,439.67,437.21,434.82,434.47,431.63,428.8,425.93,422.97,419.86,416.49,412.64,407.59,326.42,326.2,325.97,325.74,325.52,325.29,325.06,324.84,324.61,324.38,324.15,323.91,323.66,323.41,323.16,322.92,322.69,322.46,322.24,322.02,321.8,321.58,321.36,321.14,320.91,320.68,320.44,320.19,319.95,319.71,319.46,319.23,318.99,318.76,318.53,318.31,318.08,317.85,317.62,317.39,317.16
459.22,454.37,450.36,446.9,443.82,441.01,438.4,435.95,433.63,431.4,429.22,429.17,426.57,423.96,421.33,418.64,415.86,412.89,409.61,405.76,400.26,321.18,320.96,320.75,320.54,320.32,320.11,319.9,319.69,319.47,319.24,319.01,318.77,318.54,318.32,318.1,317.88,317.67,317.46,317.26,317.05,316.85,316.64,316.43,316.21,315.98,315.75,315.52,315.29,315.06,314.84,314.62,314.4,314.19,313.97,313.76,313.54,313.33,313.11,312.89
454.49,449.86,446.02,442.7,439.74,437.05,434.55,432.22,430.02,427.9,425.86,423.85,424.08,421.67,419.26,416.83,414.37,411.84,409.17,406.29,403.06,399.17,392.27,316.17,315.97,315.78,315.58,315.38,315.18,314.97,314.76,314.53,314.31,314.1,313.88,313.67,313.47,313.27,313.08,312.89,312.69,312.5,312.3,312.1,311.9,311.68,311.47,311.25,311.03,310.82,310.6,310.4,310.19,309.99,309.78,309.58,309.38,309.18,308.97,308.76
449.83,445.4,441.73,438.54,435.7,433.11,430.72,428.48,426.38,424.37,422.44,420.55,418.7,416.87,416.92,414.68,412.44,410.16,407.83,405.4,402.82,400.01,396.81,392.76,311.59,311.4,311.22,311.03,310.84,310.64,310.44,310.23,310.02,309.82,309.61,309.42,309.23,309.04,308.86,308.67,308.49,308.31,308.13,307.94,307.74,307.54,307.33,307.12,306.92,306.72,306.52,306.32,306.12,305.93,305.74,305.55,305.36,305.17,304.97,304.77
445.24,441.01,437.49,434.43,431.7,429.21,426.91,424.76,422.75,420.83,418.99,417.2,415.45,413.73,412.04,412.31,410.23,408.14,406.03,403.86,401.64,399.3,396.78,394.01,390.76,386.32,307.02,306.84,306.66,306.48,306.29,306.09,305.89,305.69,305.5,305.32,305.13,304.96,304.79,304.61,304.44,304.27,304.09,303.91,303.73,303.54,303.34,303.14,302.95,302.76,302.57,302.38,302.19,302.01,301.83,301.65,301.47,301.29,301.1,300.91
440.72,436.68,433.32,430.37,427.74,425.35,423.13,421.06,419.13,417.29,415.53,413.82,412.16,410.54,408.95,409.8,407.85,405.9,403.94,401.96,399.95,397.89,395.73,393.45,390.98,388.18,384.81,379.34,302.64,302.47,302.28,302.09,301.9,301.72,301.54,301.36,301.19,301.02,300.86,300.69,300.53,300.37,300.2,300.03,299.86,299.68,299.49,299.3,299.11,298.93,298.75,298.57,298.4,298.22,298.05,297.88,297.71,297.54,297.36,297.18
436.28,432.41,429.19,426.37,423.84,421.53,419.39,417.4,415.54,413.78,412.08,410.45,408.86,407.32,405.81,404.32,402.85,403.5,401.67,399.83,397.97,396.09,394.16,392.17,390.07,387.82,385.34,382.49,378.86,298.6,298.42,298.24,298.06,297.88,297.71,297.54,297.38,297.22,297.07,296.91,296.76,296.61,296.45,296.29,296.12,295.95,295.77,295.59,295.41,295.24,295.07,294.9,294.73,294.57,294.4,294.24,294.08,293.91,293.75,293.58
431.92,428.21,425.13,422.42,419.98,417.76,415.69,413.77,411.98,410.28,408.65,407.08,405.56,404.09,402.65,401.24,399.84,401,397.07,397.54,395.81,394.06,392.29,390.48,388.61,386.66,384.59,382.34,379.83,376.86,372.7,294.53,294.35,294.18,294.02,293.86,293.71,293.56,293.41,293.26,293.12,292.97,292.82,292.67,292.51,292.35,292.18,292.01,291.84,291.67,291.51,291.35,291.19,291.03,290.88,290.72,290.57,290.41,290.26,290.1
427.63,424.08,421.13,418.53,416.18,414.03,412.04,410.19,408.45,406.82,405.25,403.74,402.27,400.86,399.48,398.14,396.81,395.49,396.78,395.15,393.51,391.87,390.21,388.54,386.83,385.07,383.24,381.31,379.25,376.98,374.4,371.22,290.78,290.62,290.46,290.31,290.16,290.02,289.88,289.74,289.6,289.46,289.32,289.18,289.03,288.87,288.71,288.55,288.39,288.23,288.07,287.92,287.77,287.62,287.47,287.33,287.18,287.03,286.88,286.73
423.42,420.02,417.2,414.7,412.44,410.37,408.44,406.64,404.97,403.39,401.88,400.42,399.01,397.65,396.33,395.04,393.77,392.51,391.28,390.05,391.12,389.57,388.01,386.44,384.84,383.22,381.56,379.83,378.03,376.11,374.03,371.72,369.01,365.29,287.02,286.88,286.74,286.6,286.47,286.34,286.21,286.08,285.95,285.81,285.67,285.52,285.36,285.21,285.06,284.9,284.76,284.61,284.47,284.33,284.19,284.05,283.91,283.77,283.63,283.48
419.29,416.04,413.33,410.93,408.75,406.75,404.89,403.15,401.54,400.01,398.55,397.14,395.77,394.46,393.19,391.95,390.73,389.54,388.35,387.18,386.02,387.19,385.71,384.23,382.73,381.21,379.67,378.08,376.45,374.75,372.95,371.03,368.91,366.48,363.44,283.57,283.43,283.31,283.18,283.06,282.93,282.81,282.68,282.55,282.42,282.28,282.13,281.98,281.84,281.69,281.55,281.41,281.28,281.15,281.01,280.88,280.75,280.62,280.48,280.34
415.24,412.12,409.52,407.22,405.13,403.2,401.39,399.71,398.15,396.67,395.26,393.89,392.58,391.31,390.08,388.89,387.72,386.57,385.44,384.32,383.2,384.77,383.36,381.95,380.52,379.09,377.64,376.16,374.65,373.1,371.48,369.79,367.98,366.01,363.77,361.08,357.07,280.12,280,279.89,279.77,279.65,279.53,279.41,279.28,279.15,279.01,278.87,278.73,278.59,278.46,278.32,278.19,278.07,277.94,277.82,277.69,277.56,277.43,277.3
411.27,408.28,405.79,403.58,401.56,399.7,397.95,396.33,394.81,393.38,392.01,390.69,389.42,388.19,387.01,385.85,384.72,383.62,382.53,381.46,380.39,379.33,378.28,379.61,378.25,376.89,375.51,374.12,372.7,371.26,369.77,368.24,366.62,364.9,363.03,360.93,358.45,355.1,276.93,276.82,276.71,276.6,276.49,276.37,276.25,276.12,275.98,275.85,275.72,275.59,275.46,275.33,275.21,275.09,274.96,274.85,274.72,274.6,274.48,274.35
407.38,404.52,402.12,400,398.06,396.26,394.57,393,391.53,390.14,388.81,387.53,386.3,385.11,383.96,382.85,381.76,380.69,379.64,378.61,377.59,376.57,375.56,377.24,375.94,374.63,373.32,372,370.66,369.29,367.9,366.48,365.01,363.46,361.8,360.01,358.02,355.69,352.66,273.86,273.76,273.65,273.54,273.43,273.31,273.19,273.06,272.93,272.8,272.67,272.55,272.43,272.31,272.19,272.08,271.96,271.85,271.73,271.61,271.49
403.57,400.83,398.53,396.49,394.62,392.88,391.25,389.72,388.3,386.95,385.67,384.42,383.22,382.07,380.96,379.88,378.83,377.79,376.78,375.79,374.8,373.83,372.86,371.89,373.59,372.34,371.08,369.82,368.54,367.25,365.93,364.6,363.23,361.8,360.3,358.71,356.98,355.05,352.82,350,270.89,270.79,270.68,270.57,270.46,270.34,270.22,270.09,269.97,269.85,269.73,269.61,269.5,269.39,269.28,269.17,269.06,268.94,268.83,268.71
399.84,397.22,395.01,393.05,391.25,389.57,387.98,386.51,385.12,383.82,382.57,381.36,380.19,379.08,378,376.95,375.93,374.93,373.95,372.99,372.04,371.1,370.16,369.24,368.31,367.38,368.81,367.6,366.38,365.14,363.89,362.62,361.33,360,358.62,357.16,355.61,353.93,352.06,349.91,347.21,341.78,267.91,267.81,267.7,267.58,267.46,267.34,267.22,267.11,266.99,266.88,266.77,266.66,266.56,266.45,266.35,266.24,266.13,266.02
396.19,393.68,391.56,389.67,387.93,386.31,384.78,383.34,382,380.73,379.52,378.34,377.21,376.12,375.08,374.06,373.07,372.1,371.15,370.22,369.3,368.39,367.49,366.6,365.71,364.82,366.53,365.36,364.18,363,361.8,360.59,359.36,358.11,356.81,355.46,354.04,352.52,350.87,349.04,346.94,344.32,339.43,265.12,265.01,264.9,264.79,264.67,264.56,264.45,264.34,264.23,264.12,264.02,263.92,263.81,263.71,263.61,263.5,263.39
392.62,390.21,388.17,386.35,384.68,383.11,381.62,380.23,378.93,377.7,376.52,375.37,374.27,373.21,372.2,371.21,370.24,369.3,368.38,367.48,366.59,365.71,364.84,363.98,363.12,362.26,364.23,363.1,361.97,360.83,359.68,358.52,357.35,356.15,354.92,353.65,352.33,350.93,349.44,347.82,346.02,343.94,341.34,336.23,262.41,262.3,262.19,262.08,261.97,261.86,261.75,261.65,261.55,261.45,261.35,261.25,261.15,261.05,260.95,260.85
389.12,386.81,384.85,383.1,381.49,379.97,378.53,377.18,375.91,374.71,373.56,372.45,371.38,370.35,369.36,368.4,367.46,366.54,365.65,364.77,363.91,363.06,362.21,361.38,360.55,359.72,358.9,360.84,359.74,358.64,357.54,356.42,355.29,354.15,352.97,351.77,350.53,349.23,347.85,346.37,344.77,342.98,340.92,338.3,259.87,259.77,259.66,259.56,259.45,259.34,259.24,259.14,259.04,258.95,258.85,258.76,258.67,258.57,258.47,258.37
385.68,383.48,381.59,379.9,378.35,376.88,375.48,374.17,372.94,371.78,370.66,369.58,368.53,367.52,366.56,365.63,364.71,363.82,362.95,362.1,361.26,360.43,359.62,358.81,358,357.21,356.41,358.58,357.52,356.45,355.38,354.3,353.21,352.11,350.99,349.84,348.66,347.43,346.15,344.78,343.32,341.72,339.94,337.86,335.17,257.31,257.21,257.1,257,256.9,256.8,256.71,256.61,256.52,256.43,256.34,256.25,256.16,256.06,255.97
382.32,380.21,378.4,376.77,375.27,373.85,372.49,371.22,370.02,368.89,367.8,366.75,365.72,364.75,363.81,362.9,362.01,361.14,360.29,359.46,358.65,357.84,357.05,356.26,355.49,354.71,353.94,353.17,352.4,354.26,353.22,352.18,351.13,350.06,348.98,347.88,346.75,345.58,344.37,343.09,341.73,340.27,338.68,336.88,334.75,331.91,254.82,254.72,254.62,254.53,254.43,254.34,254.25,254.16,254.07,253.99,253.9,253.81,253.72,253.63
379.03,377,375.26,373.69,372.24,370.87,369.56,368.32,367.16,366.05,364.99,363.96,362.97,362.01,361.1,360.21,359.34,358.5,357.67,356.86,356.07,355.29,354.52,353.75,353,352.25,351.5,350.76,353.07,352.07,351.06,350.05,349.03,348,346.96,345.89,344.81,343.69,342.53,341.33,340.05,338.7,337.23,335.62,333.78,331.58,328.43,252.41,252.31,252.22,252.13,252.04,251.95,251.87,251.78,251.7,251.62,251.53,251.45,251.36
375.8,373.86,372.19,370.68,369.27,367.95,366.67,365.47,364.34,363.26,362.23,361.23,360.25,359.32,358.43,357.56,356.72,355.89,355.09,354.3,353.53,352.77,352.02,351.28,350.54,349.81,349.09,348.36,347.64,346.91,346.18,347.92,346.93,345.93,344.92,343.89,342.84,341.77,340.66,339.51,338.3,337.03,335.66,334.18,332.53,330.65,328.3,324.16,250.07,249.98,249.89,249.8,249.72,249.64,249.56,249.48,249.4,249.32,249.24,249.15
372.65,370.79,369.18,367.72,366.36,365.08,363.84,362.67,361.57,360.52,359.52,358.54,357.59,356.68,355.81,354.96,354.14,353.33,352.55,351.78,351.03,350.28,349.55,348.83,348.12,347.41,346.7,346,345.3,344.59,346.75,345.8,344.83,343.86,342.88,341.88,340.87,339.83,338.76,337.66,336.5,335.29,334.01,332.63,331.11,329.42,327.43,324.78,247.88,247.8,247.71,247.63,247.55,247.47,247.4,247.32,247.24,247.17,247.09,247
369.56,367.77,366.22,364.81,363.5,362.26,361.06,359.92,358.85,357.83,356.85,355.89,354.97,354.08,353.23,352.4,351.59,350.81,350.04,349.3,348.56,347.84,347.12,346.42,345.72,345.03,344.35,343.67,342.98,342.3,341.61,343.68,342.74,341.79,340.84,339.87,338.88,337.87,336.84,335.78,334.67,333.51,332.29,330.99,329.57,328.02,326.24,324.06,320.7,245.68,245.6,245.52,245.44,245.37,245.29,245.22,245.14,245.07,244.99,244.91
366.53,364.82,363.33,361.97,360.7,359.5,358.33,357.22,356.18,355.19,354.23,353.3,352.39,351.52,350.69,349.89,349.1,348.33,347.58,346.85,346.13,345.43,344.73,344.04,343.37,342.69,342.03,341.36,340.7,340.03,339.36,341.58,340.66,339.73,338.8,337.86,336.9,335.91,334.91,333.88,332.81,331.7,330.53,329.29,327.96,326.5,324.87,322.95,320.42,243.61,243.53,243.46,243.38,243.31,243.24,243.17,243.1,243.02,242.95,242.87
363.57,361.94,360.5,359.18,357.95,356.79,355.65,354.58,353.56,352.59,351.66,350.75,349.86,349.01,348.2,347.41,346.64,345.89,345.16,344.45,343.74,343.05,342.37,341.7,341.04,340.39,339.73,339.09,338.44,337.79,337.14,336.49,338.58,337.68,336.77,335.85,334.91,333.96,332.98,331.98,330.94,329.87,328.75,327.56,326.29,324.91,323.39,321.65,319.48,316.01,241.52,241.45,241.38,241.31,241.24,241.17,241.1,241.03,240.96,240.88
360.68,359.11,357.72,356.45,355.26,354.13,353.03,351.98,350.99,350.04,349.13,348.24,347.37,346.55,345.75,344.98,344.22,343.49,342.78,342.08,341.39,340.72,340.05,339.4,338.75,338.11,337.47,336.84,336.21,335.58,334.94,334.31,336.52,335.64,334.75,333.84,332.93,332,331.04,330.07,329.07,328.03,326.94,325.8,324.58,323.27,321.83,320.21,318.27,315.6,239.56,239.49,239.42,239.35,239.28,239.22,239.15,239.08,239.01,238.94
357.85,356.34,355.01,353.78,352.62,351.52,350.45,349.43,348.46,347.54,346.65,345.78,344.93,344.12,343.34,342.59,341.85,341.13,340.43,339.75,339.07,338.41,337.76,337.12,336.49,335.86,335.24,334.63,334.01,333.39,332.77,335.34,334.48,333.61,332.73,331.85,330.96,330.04,329.11,328.16,327.18,326.17,325.12,324.01,322.84,321.58,320.22,318.68,316.89,314.59,237.64,237.57,237.51,237.44,237.38,237.31,237.25,237.18,237.11,237.04
355.09,353.63,352.34,351.15,350.03,348.96,347.92,346.92,345.98,345.08,344.21,343.36,342.53,341.73,340.97,340.23,339.51,338.8,338.12,337.45,336.79,336.15,335.51,334.88,334.26,333.65,333.04,332.44,331.84,331.24,330.63,333.29,332.45,331.59,330.74,329.87,328.99,328.1,327.19,326.26,325.3,324.32,323.29,322.22,321.08,319.87,318.56,317.1,315.41,313.33,310.03,235.7,235.64,235.57,235.51,235.45,235.39,235.32,235.26,235.19
352.37,350.97,349.73,348.57,347.49,346.45,345.43,344.46,343.54,342.66,341.81,340.98,340.16,339.39,338.64,337.92,337.21,336.52,335.85,335.19,334.55,333.91,333.29,332.67,332.07,331.47,330.88,330.28,329.7,329.11,328.51,331.27,327.32,329.59,328.75,327.9,327.04,326.16,325.27,324.36,323.42,322.46,321.46,320.41,319.31,318.13,316.86,315.46,313.86,311.93,309.17,233.88,233.81,233.75,233.69,233.63,233.57,233.51,233.45,233.38
349.72,348.37,347.16,346.05,344.99,343.98,342.99,342.04,341.15,340.29,339.45,338.64,337.84,337.08,336.35,335.64,334.94,334.27,333.61,332.97,332.33,331.71,331.1,330.5,329.91,329.32,328.74,328.16,327.58,327.01,326.43,325.85,325.26,327.61,326.78,325.95,325.1,324.24,323.37,322.47,321.55,320.61,319.63,318.6,317.53,316.39,315.15,313.8,312.26,310.43,307.94,232.1,232.03,231.97,231.92,231.86,231.8,231.74,231.68,231.61
347.11,345.81,344.65,343.57,342.54,341.56,340.59,339.67,338.79,337.95,337.13,336.34,335.55,334.81,334.09,333.4,332.71,332.05,331.41,330.78,330.16,329.55,328.95,328.36,327.78,327.2,326.63,326.07,325.5,324.94,324.37,323.8,323.23,325.65,324.83,324.01,323.18,322.33,321.47,320.59,319.69,318.76,317.8,316.8,315.75,314.63,313.43,312.11,310.62,308.86,306.56,230.35,230.29,230.24,230.18,230.12,230.07,230.01,229.95,229.89
344.56,343.31,342.18,341.13,340.13,339.18,338.23,337.33,336.48,335.65,334.86,334.07,333.31,332.58,331.87,331.19,330.52,329.87,329.24,328.62,328.01,327.42,326.83,326.25,325.68,325.12,324.56,324,323.45,322.9,322.34,321.78,321.22,323.71,322.9,322.09,321.27,320.44,319.59,318.72,317.84,316.92,315.98,314.99,313.96,312.86,311.69,310.4,308.94,307.24,305.04,228.65,228.6,228.54,228.49,228.43,228.38,228.32,228.26,228.2
342.06,340.85,339.76,338.74,337.77,336.84,335.92,335.04,334.2,333.4,332.62,331.85,331.1,330.38,329.69,329.02,328.36,327.73,327.11,326.5,325.9,325.32,324.74,324.17,323.61,323.06,322.51,321.97,321.43,320.88,320.34,319.79,322.57,321.78,320.99,320.19,319.38,318.56,317.72,316.87,315.99,315.09,314.16,313.19,312.17,311.09,309.93,308.66,307.24,305.56,303.43,298.61,226.94,226.89,226.83,226.78,226.73,226.68,226.62,226.56
339.61,338.44,337.39,336.4,335.45,334.54,333.64,332.78,331.97,331.18,330.41,329.66,328.92,328.22,327.54,326.89,326.24,325.62,325.01,324.41,323.83,323.25,322.69,322.13,321.58,321.04,320.5,319.96,319.43,318.9,318.36,317.83,317.29,316.75,319.09,318.3,317.5,316.69,315.86,315.02,314.15,313.26,312.34,311.39,310.38,309.31,308.17,306.91,305.5,303.84,301.72,297.35,225.32,225.27,225.22,225.17,225.12,225.07,225.02,224.96
337.21,336.08,335.06,334.1,333.18,332.29,331.41,330.57,329.77,329,328.25,327.51,326.79,326.1,325.43,324.79,324.16,323.54,322.94,322.36,321.78,321.22,320.66,320.12,319.58,319.04,318.52,317.99,317.47,316.94,316.42,315.89,315.36,317.98,317.2,316.42,315.63,314.83,314.01,313.18,312.32,311.45,310.53,309.59,308.59,307.53,306.39,305.14,303.73,302.08,299.95,223.8,223.74,223.69,223.65,223.6,223.55,223.5,223.45,223.39
334.86,333.77,332.78,331.84,330.95,330.08,329.22,328.4,327.61,326.86,326.12,325.4,324.69,324.01,323.36,322.73,322.1,321.5,320.91,320.34,319.77,319.22,318.67,318.14,317.61,317.08,316.56,316.05,315.53,315.02,314.5,313.98,313.46,316.1,315.34,314.57,313.78,312.99,312.18,311.35,310.51,309.63,308.73,307.79,306.79,305.74,304.6,303.35,301.94,300.28,298.11,222.25,222.2,222.15,222.11,222.06,222.01,221.96,221.91,221.86
332.56,331.5,330.54,329.63,328.76,327.91,327.07,326.26,325.49,324.75,324.03,323.32,322.62,321.96,321.32,320.7,320.09,319.49,318.92,318.35,317.8,317.25,316.72,316.19,315.67,315.15,314.64,314.13,313.63,313.12,312.61,312.1,311.59,314.25,313.49,312.72,311.95,311.16,310.36,309.54,308.7,307.83,306.93,305.99,305.01,303.95,302.81,301.56,300.14,298.45,296.2,220.74,220.69,220.64,220.6,220.55,220.51,220.46,220.41,220.36
330.31,329.29,328.35,327.46,326.61,325.78,324.96,324.17,323.41,322.69,321.98,321.28,320.6,319.94,319.32,318.7,318.1,317.52,316.95,316.4,315.85,315.32,314.79,314.27,313.76,313.25,312.75,312.25,311.75,311.25,310.75,310.25,309.74,312.41,311.66,310.9,310.13,309.35,308.55,307.74,306.9,306.04,305.14,304.21,303.22,302.16,301.02,299.75,298.31,296.58,294.2,219.26,219.21,219.17,219.12,219.08,219.03,218.99,218.94,218.89
328.1,327.11,326.2,325.33,324.5,323.69,322.89,322.11,321.37,320.66,319.96,319.28,318.61,317.96,317.34,316.74,316.15,315.58,315.02,314.47,313.94,313.41,312.89,312.38,311.87,311.38,310.88,310.39,309.9,309.41,308.92,308.42,307.92,310.59,309.84,309.09,308.33,307.55,306.76,305.95,305.12,304.26,303.36,302.43,301.44,300.38,299.23,297.94,296.47,294.67,292.09,217.81,217.76,217.72,217.67,217.63,217.59,217.54,217.49,217.45
325.95,324.98,324.09,323.25,322.43,321.64,320.85,320.09,319.36,318.66,317.98,317.31,316.64,316.01,315.4,314.81,314.23,313.67,313.12,312.58,312.05,311.53,311.02,310.52,310.02,309.53,309.04,308.56,308.08,307.59,307.11,306.62,306.12,308.79,308.05,307.3,306.54,305.77,304.98,304.17,303.34,302.49,301.59,300.66,299.66,298.59,297.42,296.12,294.61,292.72,289.78,216.38,216.34,216.29,216.25,216.21,216.17,216.12,216.08,216.03
323.83,322.89,322.02,321.2,320.4,319.63,318.85,318.1,317.39,316.7,316.03,315.37,314.72,314.09,313.5,312.91,312.34,311.79,311.24,310.72,310.2,309.68,309.18,308.68,308.19,307.71,307.23,306.75,306.28,305.8,305.32,304.84,307.74,307,306.27,305.52,304.77,304,303.22,302.41,301.58,300.73,299.83,298.89,297.88,296.8,295.62,294.28,292.71,290.7,286.81,214.98,214.94,214.9,214.86,214.82,214.77,214.73,214.69,214.64
321.75,320.84,319.99,319.18,318.41,317.65,316.88,316.15,315.45,314.77,314.11,313.46,312.82,312.2,311.62,311.04,310.48,309.93,309.4,308.88,308.37,307.86,307.37,306.88,306.39,305.92,305.44,304.97,304.5,304.03,303.56,306.69,305.96,305.24,304.5,303.76,303.01,302.25,301.46,300.66,299.83,298.98,298.08,297.13,296.11,295.01,293.8,292.42,290.78,288.58,213.66,213.61,213.57,213.53,213.49,213.45,213.41,213.37,213.32,213.28
319.71,318.82,317.99,317.21,316.44,315.7,314.95,314.22,313.53,312.87,312.22,311.58,310.95,310.34,309.76,309.2,308.64,308.11,307.58,307.07,306.56,306.07,305.58,305.09,304.62,304.15,303.68,303.22,302.75,302.29,301.82,304.93,304.21,303.49,302.76,302.02,301.27,300.51,299.73,298.92,298.09,297.23,296.33,295.37,294.34,293.22,291.97,290.54,288.8,286.3,212.31,212.27,212.23,212.19,212.15,212.11,212.07,212.03,211.99,211.94
317.7,316.84,316.03,315.26,314.51,313.78,313.04,312.33,311.65,311,310.36,309.73,309.1,308.51,307.94,307.38,306.84,306.31,305.79,305.28,304.79,304.3,303.81,303.34,302.87,302.4,301.94,301.48,301.03,300.57,300.1,299.64,302.47,301.75,301.03,300.29,299.54,298.78,298,297.2,296.37,295.5,294.59,293.61,292.56,291.41,290.13,288.63,286.73,283.61,210.99,210.95,210.91,210.87,210.83,210.79,210.76,210.72,210.68,210.63
315.74,314.89,314.1,313.35,312.61,311.89,311.17,310.47,309.8,309.16,308.53,307.9,307.29,306.7,306.14,305.6,305.06,304.53,304.02,303.52,303.03,302.55,302.07,301.61,301.14,300.68,300.23,299.78,299.32,298.87,298.41,297.95,300.75,300.03,299.31,298.58,297.83,297.07,296.29,295.48,294.65,293.77,292.85,291.86,290.78,289.6,288.26,286.66,284.54,209.74,209.7,209.66,209.62,209.58,209.54,209.51,209.47,209.43,209.39,209.35
313.8,312.98,312.21,311.46,310.74,310.04,309.32,308.63,307.97,307.34,306.72,306.11,305.5,304.93,304.37,303.83,303.3,302.79,302.28,301.79,301.31,300.83,300.36,299.9,299.44,298.99,298.54,298.09,297.64,297.19,296.74,296.28,299.05,298.33,297.61,296.88,296.13,295.37,294.58,293.77,292.93,292.05,291.11,290.1,288.99,287.76,286.34,284.61,282.1,208.47,208.43,208.39,208.35,208.32,208.28,208.25,208.21,208.18,208.14,208.1
311.9,311.1,310.34,309.61,308.91,308.21,307.5,306.83,306.18,305.56,304.94,304.34,303.74,303.17,302.63,302.1,301.57,301.06,300.57,300.08,299.61,299.14,298.67,298.22,297.76,297.32,296.87,296.43,295.99,295.54,295.09,298.07,297.36,296.64,295.92,295.19,294.44,293.68,292.89,292.07,291.22,290.33,289.37,288.32,287.18,285.89,284.37,282.43,278.83,207.23,207.19,207.15,207.12,207.08,207.05,207.01,206.98,206.95,206.91,206.87
310.03,309.25,308.51,307.8,307.1,306.41,305.72,305.05,304.41,303.8,303.2,302.6,302.01,301.45,300.91,300.39,299.87,299.37,298.88,298.4,297.93,297.47,297.01,296.56,296.11,295.67,295.23,294.79,294.36,293.91,293.47,296.39,295.68,294.97,294.25,293.51,292.76,292,291.2,290.38,289.52,288.6,287.62,286.54,285.34,283.97,282.31,280.01,206.06,206.02,205.98,205.94,205.91,205.87,205.84,205.81,205.78,205.75,205.71,205.67
308.2,307.43,306.71,306.01,305.32,304.65,303.96,303.3,302.67,302.07,301.47,300.89,300.31,299.75,299.22,298.71,298.2,297.7,297.22,296.75,296.28,295.82,295.37,294.93,294.49,294.05,293.61,293.18,292.75,292.31,291.87,294.73,294.03,293.31,292.59,291.85,291.1,290.32,289.52,288.69,287.81,286.87,285.85,284.73,283.46,281.97,280.09,276.93,204.87,204.83,204.8,204.76,204.73,204.7,204.67,204.63,204.6,204.57,204.54,204.5
306.4,305.65,304.94,304.25,303.58,302.91,302.24,301.58,300.96,300.37,299.78,299.2,298.63,298.08,297.56,297.05,296.55,296.06,295.58,295.12,294.66,294.21,293.76,293.32,292.88,292.45,292.02,291.59,291.16,290.73,290.29,293.09,292.38,291.66,290.94,290.2,289.44,288.66,287.85,287,286.1,285.13,284.06,282.88,281.52,279.87,277.61,203.75,203.71,203.67,203.64,203.6,203.57,203.54,203.51,203.48,203.45,203.42,203.39,203.35
304.64,303.91,303.21,302.53,301.87,301.21,300.54,299.89,299.28,298.69,298.12,297.54,296.98,296.44,295.93,295.42,294.93,294.44,293.97,293.51,293.06,292.61,292.17,291.74,291.31,290.88,290.45,290.03,289.6,289.17,292.16,291.45,290.75,290.03,289.3,288.55,287.79,287,286.17,285.31,284.38,283.37,282.25,280.99,279.5,277.6,274.32,202.62,202.58,202.54,202.5,202.47,202.44,202.41,202.38,202.35,202.32,202.29,202.26,202.22
302.91,302.19,301.5,300.84,300.18,299.53,298.87,298.24,297.63,297.05,296.48,295.92,295.36,294.83,294.32,293.82,293.33,292.86,292.39,291.94,291.49,291.05,290.61,290.18,289.75,289.33,288.91,288.49,288.06,291.24,290.54,289.84,289.12,288.4,287.67,286.92,286.14,285.34,284.5,283.61,282.64,281.59,280.4,279.04,277.36,275.02,201.54,201.5,201.46,201.42,201.39,201.35,201.32,201.29,201.26,201.23,201.21,201.18,201.14,201.11
301.22,300.52,299.84,299.18,298.54,297.89,297.24,296.61,296.01,295.44,294.88,294.32,293.77,293.24,292.74,292.25,291.77,291.3,290.84,290.39,289.95,289.51,289.08,288.65,288.23,287.81,287.39,286.97,286.54,286.12,288.94,288.23,287.51,286.79,286.05,285.29,284.5,283.69,282.83,281.9,280.9,279.78,278.51,277,275.05,271.16,200.43,200.39,200.36,200.32,200.28,200.25,200.22,200.19,200.16,200.14,200.11,200.08,200.05,200.01
299.57,298.87,298.2,297.55,296.92,296.28,295.63,295.01,294.42,293.85,293.3,292.75,292.2,291.68,291.19,290.7,290.22,289.76,289.3,288.86,288.42,287.99,287.56,287.14,286.72,286.3,285.88,285.46,288.74,288.05,287.34,286.63,285.92,285.18,284.44,283.67,282.87,282.04,281.15,280.19,279.13,277.95,276.56,274.85,272.36,199.38,199.35,199.31,199.27,199.23,199.2,199.17,199.14,199.11,199.08,199.05,199.02,198.99,198.96,198.93
297.94,297.26,296.6,295.96,295.33,294.69,294.05,293.43,292.85,292.29,291.74,291.2,290.66,290.14,289.65,289.17,288.7,288.24,287.79,287.35,286.92,286.49,286.06,285.64,285.23,284.81,284.4,283.98,287.17,286.47,285.76,285.05,284.33,283.59,282.83,282.05,281.24,280.38,279.46,278.46,277.34,276.06,274.52,272.49,198.35,198.31,198.27,198.24,198.2,198.16,198.13,198.1,198.07,198.04,198.01,197.98,197.95,197.93,197.89,197.86
296.34,295.67,295.02,294.38,293.76,293.13,292.49,291.88,291.3,290.75,290.21,289.67,289.13,288.63,288.14,287.67,287.2,286.74,286.3,285.86,285.43,285.01,284.58,284.17,283.75,283.34,282.93,282.51,285.61,284.91,284.2,283.48,282.75,282,281.24,280.44,279.61,278.73,277.77,276.71,275.52,274.11,272.35,269.64,197.29,197.25,197.21,197.18,197.14,197.1,197.07,197.04,197.01,196.98,196.95,196.93,196.9,196.87,196.84,196.81
