0.6,0.59661,0.59322,0.58983,0.58644,0.58305,0.57966,0.57627,0.57288,0.56949,0.5661,0.56271,0.55932,0.55593,0.55254,0.54915,0.54576,0.54237,0.53898,0.53559,0.5322,0.52881,0.52542,0.52203,0.51864,0.51525,0.51186,0.50847,0.50508,0.50169,0.49831,0.49492,0.49153,0.48814,0.48475,0.48136,0.47797,0.47458,0.47119,0.4678,0.46441,0.46102,0.45763,0.45424,0.45085,0.44746,0.44407,0.44068,0.43729,0.4339,0.43051,0.42712,0.42373,0.42034,0.41695,0.41356,0.41017,0.40678,0.40339,0.4
12,16.068,20.136,24.203,28.271,32.339,36.407,40.475,44.542,48.61,52.678,56.746,60.814,64.881,68.949,73.017,77.085,81.153,85.22,89.288,93.356,97.424,101.49,105.56,109.63,113.69,117.76,121.83,125.9,129.97,134.03,138.1,142.17,146.24,150.31,154.37,158.44,162.51,166.58,170.64,174.71,178.78,182.85,186.92,190.98,195.05,199.12,203.19,207.25,211.32,215.39,219.46,223.53,227.59,231.66,235.73,239.8,243.86,247.93,252
694.86,693.49,692.25,691.14,690.11,689.18,688.3,687.5,686.76,686.05,685.41,684.8,684.24,683.72,683.23,682.76,682.35,681.95,681.58,681.23,680.91,680.62,680.35,680.1,679.87,679.65,679.47,679.3,679.14,679,678.88,678.76,678.67,678.59,678.54,678.49,678.46,678.43,678.41,678.4,678.44,678.46,678.49,678.54,678.6,678.66,678.72,678.82,678.91,679.02,679.15,679.27,679.41,679.54,679.67,679.83,680,680.19,680.38,680.56
694.86,693.49,692.25,691.14,690.11,689.18,688.3,687.5,686.76,686.05,685.41,684.8,684.24,683.72,683.23,682.76,682.35,681.95,681.58,681.23,680.91,680.62,680.35,680.1,679.87,679.65,679.47,679.3,679.14,679,678.88,678.76,678.67,678.59,678.54,678.49,678.46,678.43,678.41,678.4,678.44,678.46,678.49,678.54,678.6,678.66,678.72,678.82,678.91,679.02,679.15,679.27,679.41,679.54,679.67,679.83,680,680.19,680.38,680.56
694.86,693.49,692.25,691.14,690.11,689.18,688.3,687.5,686.76,686.05,685.41,684.8,684.24,683.72,683.23,682.76,682.35,681.95,681.58,681.23,680.91,680.62,680.35,680.1,679.87,679.65,679.47,679.3,679.14,679,678.88,678.76,678.67,678.59,678.54,678.49,678.46,678.43,678.41,678.4,678.44,678.46,678.49,678.54,678.6,678.66,678.72,678.82,678.91,679.02,679.15,679.27,679.41,679.54,679.67,679.83,680,680.19,680.38,680.56
694.86,693.49,692.25,691.14,690.11,689.18,688.3,687.5,686.76,686.05,685.41,684.8,684.24,683.72,683.23,682.76,682.35,681.95,681.58,681.23,680.91,680.62,680.35,680.1,679.87,679.65,679.47,679.3,679.14,679,678.88,678.76,678.67,678.59,678.54,678.49,678.46,678.43,678.41,678.4,678.44,678.46,678.49,678.54,678.6,678.66,678.72,678.82,678.91,679.02,679.15,679.27,679.41,679.54,679.67,679.83,680,680.19,680.38,680.56
694.86,693.49,692.25,691.14,690.11,689.18,688.3,687.5,686.76,686.05,685.41,684.8,684.24,683.72,683.23,682.76,682.35,681.95,681.58,681.23,680.91,680.62,680.35,680.1,679.87,679.65,679.47,679.3,679.14,679,678.88,678.76,678.67,678.59,678.54,678.49,678.46,678.43,678.41,678.4,678.44,678.46,678.49,678.54,678.6,678.66,678.72,678.82,678.91,679.02,679.15,679.27,679.41,679.54,679.67,679.83,680,680.19,680.38,680.56
694.86,693.49,692.25,691.14,690.11,689.18,688.3,687.5,686.76,686.05,685.41,684.8,684.24,683.72,683.23,682.76,682.35,681.95,681.58,681.23,680.91,680.62,680.35,680.1,679.87,679.65,679.47,679.3,679.14,679,678.88,678.76,678.67,678.59,678.54,678.49,678.46,678.43,678.41,678.4,678.44,678.46,678.49,678.54,678.6,678.66,678.72,678.82,678.91,679.02,679.15,679.27,679.41,679.54,679.67,679.83,680,680.19,680.38,680.56
694.86,693.49,692.25,691.14,690.11,689.18,688.3,687.5,686.76,686.05,685.41,684.8,684.24,683.72,683.23,682.76,682.35,681.95,681.58,681.23,680.91,680.62,680.35,680.1,679.87,679.65,679.47,679.3,679.14,679,678.88,678.76,678.67,678.59,678.54,678.49,678.46,678.43,678.41,678.4,678.44,678.46,678.49,678.54,678.6,678.66,678.72,678.82,678.91,679.02,679.15,679.27,679.41,679.54,679.67,679.83,680,680.19,680.38,680.56
694.86,693.49,692.25,691.14,690.11,689.18,688.3,687.5,686.76,686.05,685.41,684.8,684.24,683.72,683.23,682.76,682.35,681.95,681.58,681.23,680.91,680.62,680.35,680.1,679.87,679.65,679.47,679.3,679.14,679,678.88,678.76,678.67,678.59,678.54,678.49,678.46,678.43,678.41,678.4,678.44,678.46,678.49,678.54,678.6,678.66,678.72,678.82,678.91,679.02,679.15,679.27,679.41,679.54,679.67,679.83,680,680.19,680.38,680.56
694.86,693.49,692.25,691.14,690.11,689.18,688.3,687.5,686.76,686.05,685.41,684.8,684.24,683.72,683.23,682.76,682.35,681.95,681.58,681.23,680.91,680.62,680.35,680.1,679.87,679.65,679.47,679.3,679.14,679,678.88,678.76,678.67,678.59,678.54,678.49,678.46,678.43,678.41,678.4,678.44,678.46,678.49,678.54,678.6,678.66,678.72,678.82,678.91,679.02,679.15,679.27,679.41,679.54,679.67,679.83,680,680.19,680.38,680.56
694.86,693.49,692.25,691.14,690.11,689.18,688.3,687.5,686.76,686.05,685.41,684.8,684.24,683.72,683.23,682.76,682.35,681.95,681.58,681.23,680.91,680.62,680.35,680.1,679.87,679.65,679.47,679.3,679.14,679,678.88,678.76,678.67,678.59,678.54,678.49,678.46,678.43,678.41,678.4,678.44,678.46,678.49,678.54,678.6,678.66,678.72,678.82,678.91,679.02,679.15,679.27,679.41,679.54,679.67,679.83,680,680.19,680.38,680.56
694.86,693.49,692.25,691.14,690.11,689.18,688.3,687.5,686.76,686.05,685.41,684.8,684.24,683.72,683.23,682.76,682.35,681.95,681.58,681.23,680.91,680.62,680.35,680.1,679.87,679.65,679.47,679.3,679.14,679,678.88,678.76,678.67,678.59,678.54,678.49,678.46,678.43,678.41,678.4,678.44,678.46,678.49,678.54,678.6,678.66,678.72,678.82,678.91,679.02,679.15,679.27,679.41,679.54,679.67,679.83,680,680.19,680.38,680.56
694.86,693.49,692.25,691.14,690.11,689.18,688.3,687.5,686.76,686.05,685.41,684.8,684.24,683.72,683.23,682.76,682.35,681.95,681.58,681.23,680.91,680.62,680.35,680.1,679.87,679.65,679.47,679.3,679.14,679,678.88,678.76,678.67,678.59,678.54,678.49,678.46,678.43,678.41,678.4,678.44,678.46,678.49,678.54,678.6,678.66,678.72,678.82,678.91,679.02,679.15,679.27,679.41,679.54,679.67,679.83,680,680.19,680.38,680.56
694.86,693.49,692.25,691.14,690.11,689.18,688.3,687.5,686.76,686.05,685.41,684.8,684.24,683.72,683.23,682.76,682.35,681.95,681.58,681.23,680.91,680.62,680.35,680.1,679.87,679.65,679.47,679.3,679.14,679,678.88,678.76,678.67,678.59,678.54,678.49,678.46,678.43,678.41,678.4,678.44,678.46,678.49,678.54,678.6,678.66,678.72,678.82,678.91,679.02,679.15,679.27,679.41,679.54,679.67,679.83,680,680.19,680.38,680.56
694.86,693.49,692.25,691.14,690.11,689.18,688.3,687.5,686.76,686.05,685.41,684.8,684.24,683.72,683.23,682.76,682.35,681.95,681.58,681.23,680.91,680.62,680.35,680.1,679.87,679.65,679.47,679.3,679.14,679,678.88,678.76,678.67,678.59,678.54,678.49,678.46,678.43,678.41,678.4,678.44,678.46,678.49,678.54,678.6,678.66,678.72,678.82,678.91,679.02,679.15,679.27,679.41,679.54,679.67,679.83,680,680.19,680.38,680.56
694.86,693.49,692.25,691.14,690.11,689.18,688.3,687.5,686.76,686.05,685.41,684.8,684.24,683.72,683.23,682.76,682.35,681.95,681.58,681.23,680.91,680.62,680.35,680.1,679.87,679.65,679.47,679.3,679.14,679,678.88,678.76,678.67,678.59,678.54,678.49,678.46,678.43,678.41,678.4,678.44,678.46,678.49,678.54,678.6,678.66,678.72,678.82,678.91,679.02,679.15,679.27,679.41,679.54,679.67,679.83,680,680.19,680.38,680.56
694.86,693.49,692.25,691.14,690.11,689.18,688.3,687.5,686.76,686.05,685.41,684.8,684.24,683.72,683.23,682.76,682.35,681.95,681.58,681.23,680.91,680.62,680.35,680.1,679.87,679.65,679.47,679.3,679.14,679,678.88,678.76,678.67,678.59,678.54,678.49,678.46,678.43,678.41,678.4,678.44,678.46,678.49,678.54,678.6,678.66,678.72,678.82,678.91,679.02,679.15,679.27,679.41,679.54,679.67,679.83,680,680.19,680.38,680.56
694.86,693.49,692.25,691.14,690.11,689.18,688.3,687.5,686.76,686.05,685.41,684.8,684.24,683.72,683.23,682.76,682.35,681.95,681.58,681.23,680.91,680.62,680.35,680.1,679.87,679.65,679.47,679.3,679.14,679,678.88,678.76,678.67,678.59,678.54,678.49,678.46,678.43,678.41,678.4,678.44,678.46,678.49,678.54,678.6,678.66,678.72,678.82,678.91,679.02,679.15,679.27,679.41,679.54,679.67,679.83,680,680.19,680.38,680.56
694.86,693.49,692.25,691.14,690.11,689.18,688.3,687.5,686.76,686.05,685.41,684.8,684.24,683.72,683.23,682.76,682.35,681.95,681.58,681.23,680.91,680.62,680.35,680.1,679.87,679.65,679.47,679.3,679.14,679,678.88,678.76,678.67,678.59,678.54,678.49,678.46,678.43,678.41,678.4,678.44,678.46,678.49,678.54,678.6,678.66,678.72,678.82,678.91,679.02,679.15,679.27,679.41,679.54,679.67,679.83,680,680.19,680.38,680.56
694.86,693.49,692.25,691.14,690.11,689.18,688.3,687.5,686.76,686.05,685.41,684.8,684.24,683.72,683.23,682.76,682.35,681.95,681.58,681.23,680.91,680.62,680.35,680.1,679.87,679.65,679.47,679.3,679.14,679,678.88,678.76,678.67,678.59,678.54,678.49,678.46,678.43,678.41,678.4,678.44,678.46,678.49,678.54,678.6,678.66,678.72,678.82,678.91,679.02,679.15,679.27,679.41,679.54,679.67,679.83,680,680.19,680.38,680.56
694.86,693.49,692.25,691.14,690.11,689.18,688.3,687.5,686.76,686.05,685.41,684.8,684.24,683.72,683.23,682.76,682.35,681.95,681.58,681.23,680.91,680.62,680.35,680.1,679.87,679.65,679.47,679.3,679.14,679,678.88,678.76,678.67,678.59,678.54,678.49,678.46,678.43,678.41,678.4,678.44,678.46,678.49,678.54,678.6,678.66,678.72,678.82,678.91,679.02,679.15,679.27,679.41,679.54,679.67,679.83,680,680.19,680.38,680.56
694.86,693.49,692.25,691.14,690.11,689.18,688.3,687.5,686.76,686.05,685.41,684.8,684.24,683.72,683.23,682.76,682.35,681.95,681.58,681.23,680.91,680.62,680.35,680.1,679.87,679.65,679.47,679.3,679.14,679,678.88,678.76,678.67,678.59,678.54,678.49,678.46,678.43,678.41,678.4,678.44,678.46,678.49,678.54,678.6,678.66,678.72,678.82,678.91,679.02,679.15,679.27,679.41,679.54,679.67,679.83,680,680.19,680.38,680.56
694.86,693.49,692.25,691.14,690.11,689.18,688.3,687.5,686.76,686.05,685.41,684.8,684.24,683.72,683.23,682.76,682.35,681.95,681.58,681.23,680.91,680.62,680.35,680.1,679.87,679.65,679.47,679.3,679.14,679,678.88,678.76,678.67,678.59,678.54,678.49,678.46,678.43,678.41,678.4,678.44,678.46,678.49,678.54,678.6,678.66,678.72,678.82,678.91,679.02,679.15,679.27,679.41,679.54,679.67,679.83,680,680.19,680.38,680.56
694.86,693.49,692.25,691.14,690.11,689.18,688.3,687.5,686.76,686.05,685.41,684.8,684.24,683.72,683.23,682.76,682.35,681.95,681.58,681.23,680.91,680.62,680.35,680.1,679.87,679.65,679.47,679.3,679.14,679,678.88,678.76,678.67,678.59,678.54,678.49,678.46,678.43,678.41,678.4,678.44,678.46,678.49,678.54,678.6,678.66,678.72,678.82,678.91,679.02,679.15,679.27,679.41,679.54,679.67,679.83,680,680.19,680.38,680.56
694.86,693.49,692.25,691.14,690.11,689.18,688.3,687.5,686.76,686.05,685.41,684.8,684.24,683.72,683.23,682.76,682.35,681.95,681.58,681.23,680.91,680.62,680.35,680.1,679.87,679.65,679.47,679.3,679.14,679,678.88,678.76,678.67,678.59,678.54,678.49,678.46,678.43,678.41,678.4,678.44,678.46,678.49,678.54,678.6,678.66,678.72,678.82,678.91,679.02,679.15,679.27,679.41,679.54,679.67,679.83,680,680.19,680.38,680.56
694.86,693.49,692.25,691.14,690.11,689.18,688.3,687.5,686.76,686.05,685.41,684.8,684.24,683.72,683.23,682.76,682.35,681.95,681.58,681.23,680.91,680.62,680.35,680.1,679.87,679.65,679.47,679.3,679.14,679,678.88,678.76,678.67,678.59,678.54,678.49,678.46,678.43,678.41,678.4,678.44,678.46,678.49,678.54,678.6,678.66,678.72,678.82,678.91,679.02,679.15,679.27,679.41,679.54,679.67,679.83,680,680.19,680.38,680.56
694.86,693.49,692.25,691.14,690.11,689.18,688.3,687.5,686.76,686.05,685.41,684.8,684.24,683.72,683.23,682.76,682.35,681.95,681.58,681.23,680.91,680.62,680.35,680.1,679.87,679.65,679.47,679.3,679.14,679,678.88,678.76,678.67,678.59,678.54,678.49,678.46,678.43,678.41,678.4,678.44,678.46,678.49,678.54,678.6,678.66,678.72,678.82,678.91,679.02,679.15,679.27,679.41,679.54,679.67,679.83,680,680.19,680.38,680.56
694.86,693.49,692.25,691.14,690.11,689.18,688.3,687.5,686.76,686.05,685.41,684.8,684.24,683.72,683.23,682.76,682.35,681.95,681.58,681.23,680.91,680.62,680.35,680.1,679.87,679.65,679.47,679.3,679.14,679,678.88,678.76,678.67,678.59,678.54,678.49,678.46,678.43,678.41,678.4,678.44,678.46,678.49,678.54,678.6,678.66,678.72,678.82,678.91,679.02,679.15,679.27,679.41,679.54,679.67,679.83,680,680.19,680.38,680.56
694.86,693.49,692.25,691.14,690.11,689.18,688.3,687.5,686.76,686.05,685.41,684.8,684.24,683.72,683.23,682.76,682.35,681.95,681.58,681.23,680.91,680.62,680.35,680.1,679.87,679.65,679.47,679.3,679.14,679,678.88,678.76,678.67,678.59,678.54,678.49,678.46,678.43,678.41,678.4,678.44,678.46,678.49,678.54,678.6,678.66,678.72,678.82,678.91,679.02,679.15,679.27,679.41,679.54,679.67,679.83,680,680.19,680.38,680.56
694.86,693.49,692.25,691.14,690.11,689.18,688.3,687.5,686.76,686.05,685.41,684.8,684.24,683.72,683.23,682.76,682.35,681.95,681.58,681.23,680.91,680.62,680.35,680.1,679.87,679.65,679.47,679.3,679.14,679,678.88,678.76,678.67,678.59,678.54,678.49,678.46,678.43,678.41,678.4,678.44,678.46,678.49,678.54,678.6,678.66,678.72,678.82,678.91,679.02,679.15,679.27,679.41,679.54,679.67,679.83,680,680.19,680.38,680.56
694.86,693.49,692.25,691.14,690.11,689.18,688.3,687.5,686.76,686.05,685.41,684.8,684.24,683.72,683.23,682.76,682.35,681.95,681.58,681.23,680.91,680.62,680.35,680.1,679.87,679.65,679.47,679.3,679.14,679,678.88,678.76,678.67,678.59,678.54,678.49,678.46,678.43,678.41,678.4,678.44,678.46,678.49,678.54,678.6,678.66,678.72,678.82,678.91,679.02,679.15,679.27,679.41,679.54,679.67,679.83,680,680.19,680.38,680.56
694.86,693.49,692.25,691.14,690.11,689.18,688.3,687.5,686.76,686.05,685.41,684.8,684.24,683.72,683.23,682.76,682.35,681.95,681.58,681.23,680.91,680.62,680.35,680.1,679.87,679.65,679.47,679.3,679.14,679,678.88,678.76,678.67,678.59,678.54,678.49,678.46,678.43,678.41,678.4,678.44,678.46,678.49,678.54,678.6,678.66,678.72,678.82,678.91,679.02,679.15,679.27,679.41,679.54,679.67,679.83,680,680.19,680.38,680.56
694.86,693.49,692.25,691.14,690.11,689.18,688.3,687.5,686.76,686.05,685.41,684.8,684.24,683.72,683.23,682.76,682.35,681.95,681.58,681.23,680.91,680.62,680.35,680.1,679.87,679.65,679.47,679.3,679.14,679,678.88,678.76,678.67,678.59,678.54,678.49,678.46,678.43,678.41,678.4,678.44,678.46,678.49,678.54,678.6,678.66,678.72,678.82,678.91,679.02,679.15,679.27,679.41,679.54,679.67,679.83,680,680.19,680.38,680.56
694.86,693.49,692.25,691.14,690.11,689.18,688.3,687.5,686.76,686.05,685.41,684.8,684.24,683.72,683.23,682.76,682.35,681.95,681.58,681.23,680.91,680.62,680.35,680.1,679.87,679.65,679.47,679.3,679.14,679,678.88,678.76,678.67,678.59,678.54,678.49,678.46,678.43,678.41,678.4,678.44,678.46,678.49,678.54,678.6,678.66,678.72,678.82,678.91,679.02,679.15,679.27,679.41,679.54,679.67,679.83,680,680.19,680.38,680.56
694.86,693.49,692.25,691.14,690.11,689.18,688.3,687.5,686.76,686.05,685.41,684.8,684.24,683.72,683.23,682.76,682.35,681.95,681.58,681.23,680.91,680.62,680.35,680.1,679.87,679.65,679.47,679.3,679.14,679,678.88,678.76,678.67,678.59,678.54,678.49,678.46,678.43,678.41,678.4,678.44,678.46,678.49,678.54,678.6,678.66,678.72,678.82,678.91,679.02,679.15,679.27,679.41,679.54,679.67,679.83,680,680.19,680.38,680.56
694.86,693.49,692.25,691.14,690.11,689.18,688.3,687.5,686.76,686.05,685.41,684.8,684.24,683.72,683.23,682.76,682.35,681.95,681.58,681.23,680.91,680.62,680.35,680.1,679.87,679.65,679.47,679.3,679.14,679,678.88,678.76,678.67,678.59,678.54,678.49,678.46,678.43,678.41,678.4,678.44,678.46,678.49,678.54,678.6,678.66,678.72,678.82,678.91,679.02,679.15,679.27,679.41,679.54,679.67,679.83,680,680.19,680.38,680.56
694.86,693.49,692.25,691.14,690.11,689.18,688.3,687.5,686.76,686.05,685.41,684.8,684.24,683.72,683.23,682.76,682.35,681.95,681.58,681.23,680.91,680.62,680.35,680.1,679.87,679.65,679.47,679.3,679.14,679,678.88,678.76,678.67,678.59,678.54,678.49,678.46,678.43,678.41,678.4,678.44,678.46,678.49,678.54,678.6,678.66,678.72,678.82,678.91,679.02,679.15,679.27,679.41,679.54,679.67,679.83,680,680.19,680.38,680.56
694.86,693.49,692.25,691.14,690.11,689.18,688.3,687.5,686.76,686.05,685.41,684.8,684.24,683.72,683.23,682.76,682.35,681.95,681.58,681.23,680.91,680.62,680.35,680.1,679.87,679.65,679.47,679.3,679.14,679,678.88,678.76,678.67,678.59,678.54,678.49,678.46,678.43,678.41,678.4,678.44,678.46,678.49,678.54,678.6,678.66,678.72,678.82,678.91,679.02,679.15,679.27,679.41,679.54,679.67,679.83,680,680.19,680.38,680.56
694.86,693.49,692.25,691.14,690.11,689.18,688.3,687.5,686.76,686.05,685.41,684.8,684.24,683.72,683.23,682.76,682.35,681.95,681.58,681.23,680.91,680.62,680.35,680.1,679.87,679.65,679.47,679.3,679.14,679,678.88,678.76,678.67,678.59,678.54,678.49,678.46,678.43,678.41,678.4,678.44,678.46,678.49,678.54,678.6,678.66,678.72,678.82,678.91,679.02,679.15,679.27,679.41,679.54,679.67,679.83,680,680.19,680.38,680.56
694.86,693.49,692.25,691.14,690.11,689.18,688.3,687.5,686.76,686.05,685.41,684.8,684.24,683.72,683.23,682.76,682.35,681.95,681.58,681.23,680.91,680.62,680.35,680.1,679.87,679.65,679.47,679.3,679.14,679,678.88,678.76,678.67,678.59,678.54,678.49,678.46,678.43,678.41,678.4,678.44,678.46,678.49,678.54,678.6,678.66,678.72,678.82,678.91,679.02,679.15,679.27,679.41,679.54,679.67,679.83,680,680.19,680.38,680.56
694.86,693.49,692.25,691.14,690.11,689.18,688.3,687.5,686.76,686.05,685.41,684.8,684.24,683.72,683.23,682.76,682.35,681.95,681.58,681.23,680.91,680.62,680.35,680.1,679.87,679.65,679.47,679.3,679.14,679,678.88,678.76,678.67,678.59,678.54,678.49,678.46,678.43,678.41,678.4,678.44,678.46,678.49,678.54,678.6,678.66,678.72,678.82,678.91,679.02,679.15,679.27,679.41,679.54,679.67,679.83,680,680.19,680.38,680.56
694.86,693.49,692.25,691.14,690.11,689.18,688.3,687.5,686.76,686.05,685.41,684.8,684.24,683.72,683.23,682.76,682.35,681.95,681.58,681.23,680.91,680.62,680.35,680.1,679.87,679.65,679.47,679.3,679.14,679,678.88,678.76,678.67,678.59,678.54,678.49,678.46,678.43,678.41,678.4,678.44,678.46,678.49,678.54,678.6,678.66,678.72,678.82,678.91,679.02,679.15,679.27,679.41,679.54,679.67,679.83,680,680.19,680.38,680.56
694.86,693.49,692.25,691.14,690.11,689.18,688.3,687.5,686.76,686.05,685.41,684.8,684.24,683.72,683.23,682.76,682.35,681.95,681.58,681.23,680.91,680.62,680.35,680.1,679.87,679.65,679.47,679.3,679.14,679,678.88,678.76,678.67,678.59,678.54,678.49,678.46,678.43,678.41,678.4,678.44,678.46,678.49,678.54,678.6,678.66,678.72,678.82,678.91,679.02,679.15,679.27,679.41,679.54,679.67,679.83,680,680.19,680.38,680.56
694.86,693.49,692.25,691.14,690.11,689.18,688.3,687.5,686.76,686.05,685.41,684.8,684.24,683.72,683.23,682.76,682.35,681.95,681.58,681.23,680.91,680.62,680.35,680.1,679.87,679.65,679.47,679.3,679.14,679,678.88,678.76,678.67,678.59,678.54,678.49,678.46,678.43,678.41,678.4,678.44,678.46,678.49,678.54,678.6,678.66,678.72,678.82,678.91,679.02,679.15,679.27,679.41,679.54,679.67,679.83,680,680.19,680.38,680.56
694.86,693.49,692.25,691.14,690.11,689.18,688.3,687.5,686.76,686.05,685.41,684.8,684.24,683.72,683.23,682.76,682.35,681.95,681.58,681.23,680.91,680.62,680.35,680.1,679.87,679.65,679.47,679.3,679.14,679,678.88,678.76,678.67,678.59,678.54,678.49,678.46,678.43,678.41,678.4,678.44,678.46,678.49,678.54,678.6,678.66,678.72,678.82,678.91,679.02,679.15,679.27,679.41,679.54,679.67,679.83,680,680.19,680.38,680.56
694.86,693.49,692.25,691.14,690.11,689.18,688.3,687.5,686.76,686.05,685.41,684.8,684.24,683.72,683.23,682.76,682.35,681.95,681.58,681.23,680.91,680.62,680.35,680.1,679.87,679.65,679.47,679.3,679.14,679,678.88,678.76,678.67,678.59,678.54,678.49,678.46,678.43,678.41,678.4,678.44,678.46,678.49,678.54,678.6,678.66,678.72,678.82,678.91,679.02,679.15,679.27,679.41,679.54,679.67,679.83,680,680.19,680.38,680.56
694.86,693.49,692.25,691.14,690.11,689.18,688.3,687.5,686.76,686.05,685.41,684.8,684.24,683.72,683.23,682.76,682.35,681.95,681.58,681.23,680.91,680.62,680.35,680.1,679.87,679.65,679.47,679.3,679.14,679,678.88,678.76,678.67,678.59,678.54,678.49,678.46,678.43,678.41,678.4,678.44,678.46,678.49,678.54,678.6,678.66,678.72,678.82,678.91,679.02,679.15,679.27,679.41,679.54,679.67,679.83,680,680.19,680.38,680.56
694.86,693.49,692.25,691.14,690.11,689.18,688.3,687.5,686.76,686.05,685.41,684.8,684.24,683.72,683.23,682.76,682.35,681.95,681.58,681.23,680.91,680.62,680.35,680.1,679.87,679.65,679.47,679.3,679.14,679,678.88,678.76,678.67,678.59,678.54,678.49,678.46,678.43,678.41,678.4,678.44,678.46,678.49,678.54,678.6,678.66,678.72,678.82,678.91,679.02,679.15,679.27,679.41,679.54,679.67,679.83,680,680.19,680.38,680.56
694.86,693.49,692.25,691.14,690.11,689.18,688.3,687.5,686.76,686.05,685.41,684.8,684.24,683.72,683.23,682.76,682.35,681.95,681.58,681.23,680.91,680.62,680.35,680.1,679.87,679.65,679.47,679.3,679.14,679,678.88,678.76,678.67,678.59,678.54,678.49,678.46,678.43,678.41,678.4,678.44,678.46,678.49,678.54,678.6,678.66,678.72,678.82,678.91,679.02,679.15,679.27,679.41,679.54,679.67,679.83,680,680.19,680.38,680.56
694.86,693.49,692.25,691.14,690.11,689.18,688.3,687.5,686.76,686.05,685.41,684.8,684.24,683.72,683.23,682.76,682.35,681.95,681.58,681.23,680.91,680.62,680.35,680.1,679.87,679.65,679.47,679.3,679.14,679,678.88,678.76,678.67,678.59,678.54,678.49,678.46,678.43,678.41,678.4,678.44,678.46,678.49,678.54,678.6,678.66,678.72,678.82,678.91,679.02,679.15,679.27,679.41,679.54,679.67,679.83,680,680.19,680.38,680.56
694.86,693.49,692.25,691.14,690.11,689.18,688.3,687.5,686.76,686.05,685.41,684.8,684.24,683.72,683.23,682.76,682.35,681.95,681.58,681.23,680.91,680.62,680.35,680.1,679.87,679.65,679.47,679.3,679.14,679,678.88,678.76,678.67,678.59,678.54,678.49,678.46,678.43,678.41,678.4,678.44,678.46,678.49,678.54,678.6,678.66,678.72,678.82,678.91,679.02,679.15,679.27,679.41,679.54,679.67,679.83,680,680.19,680.38,680.56
694.86,693.49,692.25,691.14,690.11,689.18,688.3,687.5,686.76,686.05,685.41,684.8,684.24,683.72,683.23,682.76,682.35,681.95,681.58,681.23,680.91,680.62,680.35,680.1,679.87,679.65,679.47,679.3,679.14,679,678.88,678.76,678.67,678.59,678.54,678.49,678.46,678.43,678.41,678.4,678.44,678.46,678.49,678.54,678.6,678.66,678.72,678.82,678.91,679.02,679.15,679.27,679.41,679.54,679.67,679.83,680,680.19,680.38,680.56
694.86,693.49,692.25,691.14,690.11,689.18,688.3,687.5,686.76,686.05,685.41,684.8,684.24,683.72,683.23,682.76,682.35,681.95,681.58,681.23,680.91,680.62,680.35,680.1,679.87,679.65,679.47,679.3,679.14,679,678.88,678.76,678.67,678.59,678.54,678.49,678.46,678.43,678.41,678.4,678.44,678.46,678.49,678.54,678.6,678.66,678.72,678.82,678.91,679.02,679.15,679.27,679.41,679.54,679.67,679.83,680,680.19,680.38,680.56
694.86,693.49,692.25,691.14,690.11,689.18,688.3,687.5,686.76,686.05,685.41,684.8,684.24,683.72,683.23,682.76,682.35,681.95,681.58,681.23,680.91,680.62,680.35,680.1,679.87,679.65,679.47,679.3,679.14,679,678.88,678.76,678.67,678.59,678.54,678.49,678.46,678.43,678.41,678.4,678.44,678.46,678.49,678.54,678.6,678.66,678.72,678.82,678.91,679.02,679.15,679.27,679.41,679.54,679.67,679.83,680,680.19,680.38,680.56
694.86,693.49,692.25,691.14,690.11,689.18,688.3,687.5,686.76,686.05,685.41,684.8,684.24,683.72,683.23,682.76,682.35,681.95,681.58,681.23,680.91,680.62,680.35,680.1,679.87,679.65,679.47,679.3,679.14,679,678.88,678.76,678.67,678.59,678.54,678.49,678.46,678.43,678.41,678.4,678.44,678.46,678.49,678.54,678.6,678.66,678.72,678.82,678.91,679.02,679.15,679.27,679.41,679.54,679.67,679.83,680,680.19,680.38,680.56
694.86,693.49,692.25,691.14,690.11,689.18,688.3,687.5,686.76,686.05,685.41,684.8,684.24,683.72,683.23,682.76,682.35,681.95,681.58,681.23,680.91,680.62,680.35,680.1,679.87,679.65,679.47,679.3,679.14,679,678.88,678.76,678.67,678.59,678.54,678.49,678.46,678.43,678.41,678.4,678.44,678.46,678.49,678.54,678.6,678.66,678.72,678.82,678.91,679.02,679.15,679.27,679.41,679.54,679.67,679.83,680,680.19,680.38,680.56
694.86,693.49,692.25,691.14,690.11,689.18,688.3,687.5,686.76,686.05,685.41,684.8,684.24,683.72,683.23,682.76,682.35,681.95,681.58,681.23,680.91,680.62,680.35,680.1,679.87,679.65,679.47,679.3,679.14,679,678.88,678.76,678.67,678.59,678.54,678.49,678.46,678.43,678.41,678.4,678.44,678.46,678.49,678.54,678.6,678.66,678.72,678.82,678.91,679.02,679.15,679.27,679.41,679.54,679.67,679.83,680,680.19,680.38,680.56
694.86,693.49,692.25,691.14,690.11,689.18,688.3,687.5,686.76,686.05,685.41,684.8,684.24,683.72,683.23,682.76,682.35,681.95,681.58,681.23,680.91,680.62,680.35,680.1,679.87,679.65,679.47,679.3,679.14,679,678.88,678.76,678.67,678.59,678.54,678.49,678.46,678.43,678.41,678.4,678.44,678.46,678.49,678.54,678.6,678.66,678.72,678.82,678.91,679.02,679.15,679.27,679.41,679.54,679.67,679.83,680,680.19,680.38,680.56
694.86,693.49,692.25,691.14,690.11,689.18,688.3,687.5,686.76,686.05,685.41,684.8,684.24,683.72,683.23,682.76,682.35,681.95,681.58,681.23,680.91,680.62,680.35,680.1,679.87,679.65,679.47,679.3,679.14,679,678.88,678.76,678.67,678.59,678.54,678.49,678.46,678.43,678.41,678.4,678.44,678.46,678.49,678.54,678.6,678.66,678.72,678.82,678.91,679.02,679.15,679.27,679.41,679.54,679.67,679.83,680,680.19,680.38,680.56
694.86,693.49,692.25,691.14,690.11,689.18,688.3,687.5,686.76,686.05,685.41,684.8,684.24,683.72,683.23,682.76,682.35,681.95,681.58,681.23,680.91,680.62,680.35,680.1,679.87,679.65,679.47,679.3,679.14,679,678.88,678.76,678.67,678.59,678.54,678.49,678.46,678.43,678.41,678.4,678.44,678.46,678.49,678.54,678.6,678.66,678.72,678.82,678.91,679.02,679.15,679.27,679.41,679.54,679.67,679.83,680,680.19,680.38,680.56
694.86,693.49,692.25,691.14,690.11,689.18,688.3,687.5,686.76,686.05,685.41,684.8,684.24,683.72,683.23,682.76,682.35,681.95,681.58,681.23,680.91,680.62,680.35,680.1,679.87,679.65,679.47,679.3,679.14,679,678.88,678.76,678.67,678.59,678.54,678.49,678.46,678.43,678.41,678.4,678.44,678.46,678.49,678.54,678.6,678.66,678.72,678.82,678.91,679.02,679.15,679.27,679.41,679.54,679.67,679.83,680,680.19,680.38,680.56
83.895,78.863,74.932,71.697,68.94,66.538,64.408,62.492,60.748,59.149,57.671,56.298,55.015,53.81,52.674,51.6,50.58,49.611,48.466,47.803,46.957,46.145,45.142,44.612,43.888,43.188,42.512,41.858,41.224,40.61,40.014,39.435,38.873,38.325,37.791,37.272,36.765,36.27,35.787,35.316,34.855,34.174,33.963,33.532,33.11,32.696,32.29,31.892,31.502,31.119,30.51,30.374,30.011,29.655,29.304,28.959,28.62,28.287,27.959,27.636
83.895,78.863,74.932,71.697,68.94,66.538,64.408,62.492,60.748,59.149,57.671,56.298,55.015,53.81,52.674,51.6,50.58,49.611,48.687,47.803,46.957,46.145,45.364,44.612,43.888,43.188,42.512,41.858,41.224,40.61,39.789,39.435,38.873,38.325,37.791,37.272,36.765,36.27,35.787,35.316,34.855,34.404,33.963,33.532,33.11,32.696,32.29,31.892,31.502,31.119,30.743,30.374,30.011,29.655,29.304,28.959,28.62,28.287,27.959,27.636
83.895,78.863,74.717,71.697,68.725,66.538,64.408,62.274,60.748,59.149,57.671,56.298,55.015,53.81,52.674,51.6,50.58,49.611,48.687,47.582,46.957,46.145,45.142,44.612,43.888,43.188,42.512,41.858,41.224,40.61,40.014,39.435,38.873,38.325,37.791,37.272,36.765,36.27,35.787,35.316,34.855,34.404,33.963,33.532,33.11,32.696,32.29,31.66,31.502,31.119,30.743,30.374,30.011,29.655,29.304,28.959,28.62,28.287,27.959,27.636
83.895,78.863,74.717,71.697,68.94,66.538,64.408,62.492,60.531,59.149,57.453,56.298,55.015,53.81,52.674,51.6,50.58,49.611,48.687,47.803,46.736,46.145,45.364,44.612,43.888,43.188,42.512,41.858,41.224,40.61,40.014,39.435,38.873,38.325,37.791,37.272,36.765,36.27,35.787,35.316,34.855,34.174,33.963,33.532,32.879,32.696,32.29,31.892,31.27,31.119,30.743,30.14,30.011,29.655,29.304,28.959,28.62,28.287,27.959,27.636
83.895,78.863,74.717,71.481,68.725,66.538,64.192,62.492,60.748,59.149,57.671,56.298,55.015,53.81,52.674,51.6,50.58,49.611,48.687,47.803,46.957,46.145,45.364,44.612,43.888,43.188,42.512,41.858,41.224,40.61,40.014,39.435,38.873,38.325,37.791,37.272,36.765,36.27,35.787,35.087,34.855,34.404,33.963,33.532,33.11,32.696,32.29,31.892,31.502,31.119,30.743,30.14,30.011,29.655,29.304,28.959,28.62,28.287,27.721,27.636
83.895,78.863,74.932,71.697,68.94,66.538,64.408,62.492,60.748,59.149,57.671,56.298,55.015,53.81,52.674,51.6,50.58,49.611,48.687,47.803,46.957,46.145,45.142,44.612,43.888,43.188,42.512,41.858,41.224,40.61,40.014,39.435,38.873,38.325,37.791,37.272,36.537,36.27,35.787,35.316,34.855,34.404,33.963,33.532,33.11,32.696,32.29,31.892,31.502,31.119,30.743,30.374,30.011,29.655,29.304,28.959,28.62,28.287,27.959,27.636
83.895,78.863,74.932,71.697,68.94,66.538,64.408,62.492,60.748,59.149,57.671,56.298,55.015,53.81,52.674,51.6,50.58,49.611,48.687,47.803,46.957,46.145,45.364,44.39,43.888,43.188,42.512,41.858,41.224,40.61,39.789,39.435,38.873,38.325,37.791,37.272,36.765,36.27,35.787,35.316,34.855,34.404,33.963,33.532,33.11,32.696,32.29,31.892,31.502,31.119,30.743,30.374,30.011,29.655,29.304,28.959,28.62,28.287,27.959,27.636
83.895,78.863,74.932,71.697,68.94,66.538,64.408,62.492,60.748,58.931,57.671,56.298,55.015,53.81,52.674,51.6,50.58,49.611,48.687,47.803,46.957,46.145,45.142,44.612,43.888,43.188,42.512,41.858,41.224,40.61,40.014,39.435,38.873,38.325,37.791,37.272,36.765,36.27,35.787,35.316,34.855,34.404,33.963,33.532,33.11,32.696,32.29,31.892,31.502,31.119,30.743,30.374,30.011,29.655,29.304,28.959,28.62,28.287,27.959,27.636
83.895,78.863,74.932,71.481,68.94,66.322,64.408,62.492,60.748,59.149,57.671,56.298,55.015,53.81,52.674,51.6,50.58,49.611,48.687,47.803,46.957,46.145,45.364,44.612,43.888,43.188,42.512,41.858,41.224,40.61,40.014,39.435,38.873,38.325,37.791,37.272,36.765,36.27,35.787,35.316,34.855,34.174,33.963,33.532,33.11,32.465,32.29,31.66,31.502,31.119,30.743,30.374,30.011,29.655,29.304,28.959,28.62,28.287,27.959,27.636
83.895,78.863,74.932,71.697,68.94,66.538,64.192,62.274,60.748,59.149,57.671,56.298,55.015,53.81,52.674,51.6,50.58,49.611,48.687,47.803,46.957,46.145,45.142,44.612,43.888,43.188,42.512,41.858,41.224,40.61,39.789,39.435,38.873,38.325,37.791,37.272,36.765,36.27,35.787,35.316,34.855,34.404,33.963,33.532,33.11,32.465,32.29,31.892,31.502,31.119,30.743,30.374,30.011,29.42,29.304,28.959,28.62,28.05,27.959,27.636
83.895,78.863,74.717,71.697,68.725,66.322,64.408,62.274,60.531,59.149,57.671,56.298,54.797,53.81,52.674,51.6,50.58,49.611,48.687,47.803,46.957,46.145,45.364,44.612,43.888,43.188,42.512,41.858,41.224,40.61,39.789,39.435,38.647,38.325,37.791,37.272,36.765,36.27,35.787,35.316,34.855,34.404,33.963,33.532,33.11,32.696,32.29,31.892,31.502,31.119,30.743,30.374,30.011,29.655,29.069,28.959,28.62,28.287,27.959,27.636
83.895,78.863,74.717,71.697,68.725,66.538,64.408,62.492,60.748,58.931,57.671,56.298,55.015,53.81,52.674,51.6,50.58,49.611,48.687,47.803,46.957,45.923,45.364,44.612,43.665,43.188,42.512,41.858,41.224,40.61,40.014,39.435,38.873,38.325,37.791,37.272,36.765,36.27,35.787,35.316,34.855,34.404,33.963,33.532,33.11,32.696,32.29,31.892,31.502,31.119,30.743,30.374,30.011,29.655,29.304,28.959,28.62,28.287,27.959,27.636
83.895,78.863,74.717,71.697,68.94,66.538,64.408,62.492,60.748,59.149,57.671,56.298,55.015,53.81,52.674,51.6,50.58,49.611,48.687,47.582,46.957,46.145,45.364,44.612,43.888,43.188,42.512,41.858,41.224,40.61,40.014,39.435,38.873,38.325,37.791,37.272,36.537,36.27,35.787,35.316,34.855,34.404,33.963,33.532,33.11,32.696,32.29,31.892,31.502,31.119,30.743,30.374,30.011,29.655,29.304,28.959,28.62,28.287,27.959,27.636
83.895,78.863,74.932,71.697,68.725,66.538,64.408,62.492,60.748,58.931,57.671,56.298,55.015,53.81,52.674,51.6,50.58,49.611,48.687,47.803,46.736,46.145,45.364,44.612,43.888,43.188,42.512,41.858,41,40.61,39.789,39.435,38.873,38.325,37.791,37.272,36.765,36.27,35.787,35.316,34.855,34.174,33.963,33.532,33.11,32.696,32.29,31.892,31.502,31.119,30.743,30.374,30.011,29.655,29.304,28.959,28.62,28.287,27.959,27.636
83.895,78.863,74.717,71.697,68.94,66.538,64.408,62.492,60.748,59.149,57.671,56.298,55.015,53.81,52.674,51.6,50.58,49.611,48.687,47.582,46.957,46.145,45.364,44.612,43.888,43.188,42.512,41.858,41.224,40.61,40.014,39.435,38.873,38.325,37.791,37.272,36.765,36.27,35.787,35.316,34.855,34.404,33.963,33.532,33.11,32.696,32.29,31.892,31.502,31.119,30.743,30.374,30.011,29.655,29.304,28.959,28.62,28.287,27.959,27.636
83.895,78.863,74.932,71.697,68.725,66.538,64.408,62.492,60.748,59.149,57.671,56.298,55.015,53.81,52.674,51.6,50.36,49.611,48.687,47.803,46.957,46.145,45.364,44.612,43.888,43.188,42.512,41.858,41.224,40.61,40.014,39.435,38.873,38.099,37.791,37.272,36.765,36.27,35.787,35.316,34.855,34.404,33.963,33.532,33.11,32.465,32.29,31.892,31.502,31.119,30.743,30.374,30.011,29.655,29.304,28.959,28.62,28.287,27.959,27.636
83.895,78.863,74.932,71.697,68.94,66.538,64.408,62.492,60.748,59.149,57.671,56.298,55.015,53.81,52.674,51.6,50.58,49.611,48.687,47.803,46.957,46.145,45.364,44.612,43.888,43.188,42.512,41.858,41,40.61,40.014,39.435,38.873,38.325,37.791,37.272,36.765,36.27,35.787,35.316,34.855,34.404,33.963,33.532,33.11,32.696,32.29,31.892,31.502,31.119,30.743,30.374,30.011,29.655,29.304,28.959,28.62,28.05,27.959,27.636
83.895,78.863,74.932,71.697,68.94,66.538,64.408,62.492,60.748,59.149,57.671,56.298,54.797,53.81,52.674,51.6,50.58,49.611,48.687,47.803,46.957,46.145,45.364,44.612,43.888,43.188,42.512,41.858,41.224,40.61,40.014,39.435,38.873,38.325,37.791,37.272,36.765,36.27,35.787,35.316,34.855,34.174,33.963,33.532,32.879,32.696,32.29,31.892,31.502,31.119,30.743,30.374,30.011,29.42,29.304,28.959,28.62,28.287,27.959,27.636
83.895,78.863,74.932,71.697,68.94,66.538,64.408,62.492,60.748,59.149,57.671,56.298,55.015,53.81,52.674,51.6,50.58,49.611,48.687,47.803,46.957,46.145,45.142,44.612,43.888,43.188,42.512,41.858,41.224,40.61,40.014,39.435,38.873,38.325,37.791,37.272,36.765,36.27,35.787,35.316,34.855,34.404,33.963,33.532,33.11,32.696,32.29,31.892,31.502,31.119,30.743,30.374,30.011,29.655,29.304,28.959,28.62,28.287,27.959,27.636
83.895,78.863,74.932,71.697,68.94,66.538,64.192,62.492,60.748,59.149,57.671,56.298,55.015,53.81,52.674,51.6,50.58,49.611,48.687,47.803,46.957,45.923,45.364,44.612,43.888,43.188,42.512,41.858,41,40.61,39.789,39.435,38.873,38.325,37.791,37.272,36.765,36.27,35.787,35.316,34.855,34.404,33.963,33.532,33.11,32.696,32.29,31.892,31.502,31.119,30.743,30.374,30.011,29.655,29.304,28.959,28.62,28.287,27.959,27.636
83.895,78.863,74.932,71.697,68.94,66.538,64.408,62.274,60.748,59.149,57.671,56.08,54.797,53.81,52.674,51.6,50.36,49.611,48.687,47.803,46.957,46.145,45.364,44.612,43.888,43.188,42.512,41.858,41.224,40.61,40.014,39.435,38.873,38.325,37.791,37.272,36.765,36.27,35.787,35.316,34.855,34.174,33.963,33.532,33.11,32.696,32.29,31.892,31.502,31.119,30.743,30.374,30.011,29.655,29.304,28.959,28.62,28.287,27.959,27.636
83.895,78.863,74.932,71.697,68.725,66.538,64.192,62.492,60.748,59.149,57.671,56.298,55.015,53.81,52.674,51.6,50.58,49.611,48.687,47.803,46.957,46.145,45.364,44.612,43.888,43.188,42.512,41.858,41.224,40.61,40.014,39.435,38.873,38.325,37.791,37.272,36.765,36.27,35.787,35.316,34.855,34.404,33.963,33.532,33.11,32.696,32.29,31.892,31.502,31.119,30.743,30.374,30.011,29.655,29.304,28.959,28.62,28.287,27.959,27.636
83.895,78.863,74.932,71.697,68.94,66.538,64.408,62.492,60.748,59.149,57.671,56.298,55.015,53.81,52.674,51.6,50.58,49.611,48.687,47.803,46.957,46.145,45.364,44.612,43.888,43.188,42.512,41.858,41.224,40.61,40.014,39.435,38.873,38.325,37.791,37.272,36.765,36.27,35.787,35.316,34.855,34.404,33.963,33.532,33.11,32.465,32.29,31.892,31.502,31.119,30.743,30.14,30.011,29.655,29.304,28.959,28.62,28.287,27.959,27.636
83.895,78.863,74.932,71.697,68.725,66.538,64.192,62.492,60.748,59.149,57.671,56.298,55.015,53.81,52.674,51.6,50.58,49.611,48.687,47.803,46.957,46.145,45.364,44.612,43.888,43.188,42.512,41.858,41,40.61,40.014,39.435,38.873,38.325,37.791,37.272,36.765,36.27,35.787,35.316,34.855,34.404,33.963,33.532,33.11,32.696,32.29,31.892,31.502,31.119,30.743,30.374,30.011,29.655,29.304,28.959,28.62,28.287,27.959,27.636
83.895,78.863,74.932,71.697,68.94,66.538,64.408,62.492,60.748,58.931,57.671,56.298,55.015,53.81,52.674,51.6,50.58,49.611,48.466,47.803,46.957,46.145,45.364,44.612,43.888,43.188,42.512,41.858,41.224,40.61,40.014,39.435,38.873,38.325,37.791,37.272,36.765,36.27,35.787,35.316,34.855,34.404,33.963,33.532,33.11,32.696,32.29,31.892,31.502,31.119,30.743,30.374,30.011,29.655,29.069,28.959,28.62,28.287,27.959,27.636
83.895,78.863,74.932,71.697,68.94,66.538,64.408,62.492,60.748,59.149,57.671,56.298,55.015,53.81,52.674,51.6,50.58,49.611,48.687,47.803,46.957,45.923,45.364,44.612,43.888,43.188,42.512,41.858,41.224,40.61,40.014,39.435,38.873,38.325,37.791,37.272,36.765,36.27,35.787,35.316,34.855,34.404,33.963,33.532,33.11,32.696,32.29,31.892,31.502,31.119,30.743,30.374,30.011,29.655,29.304,28.959,28.62,28.05,27.959,27.636
83.895,78.863,74.932,71.697,68.725,66.538,64.408,62.492,60.748,59.149,57.671,56.298,55.015,53.81,52.674,51.6,50.58,49.611,48.687,47.803,46.957,46.145,45.364,44.612,43.888,43.188,42.512,41.858,41.224,40.61,40.014,39.435,38.873,38.325,37.791,37.272,36.765,36.27,35.787,35.316,34.855,34.404,33.963,33.532,33.11,32.696,32.29,31.892,31.502,31.119,30.743,30.374,30.011,29.655,29.304,28.959,28.62,28.287,27.959,27.636
83.895,78.863,74.932,71.697,68.725,66.322,64.408,62.492,60.748,59.149,57.671,56.298,55.015,53.81,52.674,51.6,50.58,49.611,48.687,47.803,46.957,46.145,45.364,44.612,43.888,43.188,42.512,41.858,41.224,40.61,40.014,39.435,38.647,38.325,37.791,37.272,36.765,36.27,35.787,35.316,34.855,34.404,33.963,33.532,33.11,32.696,32.29,31.892,31.502,31.119,30.743,30.374,30.011,29.42,29.304,28.959,28.62,28.287,27.959,27.636
83.895,78.863,74.932,71.697,68.94,66.538,64.408,62.492,60.748,59.149,57.671,56.298,55.015,53.81,52.674,51.6,50.58,49.611,48.687,47.803,46.957,46.145,45.364,44.612,43.888,43.188,42.512,41.858,41.224,40.61,40.014,39.435,38.873,38.325,37.791,37.272,36.765,36.27,35.787,35.316,34.855,34.404,33.963,33.532,33.11,32.696,32.29,31.892,31.502,31.119,30.743,30.374,30.011,29.655,29.304,28.959,28.62,28.287,27.959,27.636
83.895,78.863,74.932,71.697,68.94,66.538,64.408,62.492,60.748,58.931,57.671,56.298,54.797,53.81,52.674,51.6,50.58,49.611,48.687,47.803,46.957,46.145,45.142,44.612,43.888,43.188,42.512,41.858,41.224,40.61,40.014,39.435,38.873,38.325,37.791,37.272,36.765,36.27,35.787,35.316,34.855,34.404,33.963,33.532,33.11,32.696,32.29,31.892,31.502,31.119,30.743,30.374,30.011,29.655,29.304,28.959,28.62,28.287,27.959,27.636
83.895,78.648,74.932,71.697,68.725,66.322,64.408,62.492,60.748,59.149,57.671,56.298,55.015,53.81,52.674,51.6,50.58,49.611,48.687,47.582,46.957,46.145,45.364,44.612,43.888,43.188,42.512,41.858,41.224,40.61,39.789,39.435,38.873,38.325,37.791,37.044,36.765,36.27,35.787,35.316,34.855,34.174,33.963,33.532,33.11,32.696,32.29,31.892,31.502,31.119,30.743,30.374,30.011,29.655,29.304,28.959,28.62,28.287,27.959,27.636
83.895,78.863,74.932,71.697,68.94,66.538,64.408,62.492,60.748,59.149,57.671,56.298,55.015,53.81,52.674,51.6,50.58,49.611,48.687,47.803,46.957,46.145,45.364,44.612,43.888,43.188,42.512,41.858,41.224,40.61,40.014,39.435,38.873,38.325,37.791,37.272,36.765,36.27,35.787,35.316,34.855,34.404,33.733,33.532,33.11,32.696,32.29,31.892,31.502,31.119,30.743,30.374,30.011,29.655,29.304,28.959,28.62,28.287,27.959,27.636
83.895,78.863,74.932,71.697,68.94,66.322,64.408,62.492,60.748,59.149,57.671,56.298,54.797,53.81,52.674,51.6,50.36,49.611,48.687,47.803,46.957,46.145,45.364,44.612,43.888,43.188,42.512,41.858,41.224,40.61,40.014,39.435,38.873,38.099,37.791,37.272,36.537,36.27,35.787,35.316,34.855,34.404,33.963,33.532,33.11,32.696,32.29,31.892,31.502,31.119,30.743,30.374,30.011,29.655,29.304,28.959,28.62,28.287,27.959,27.636
83.895,78.863,74.932,71.697,68.94,66.538,64.408,62.492,60.748,59.149,57.671,56.298,55.015,53.81,52.674,51.6,50.58,49.611,48.687,47.803,46.957,46.145,45.364,44.612,43.888,43.188,42.512,41.858,41,40.61,40.014,39.435,38.873,38.325,37.791,37.272,36.765,36.27,35.787,35.316,34.855,34.404,33.963,33.532,33.11,32.696,32.29,31.892,31.502,31.119,30.743,30.374,30.011,29.655,29.304,28.959,28.62,28.287,27.959,27.636
83.895,78.863,74.932,71.697,68.94,66.538,64.408,62.492,60.748,59.149,57.671,56.08,55.015,53.81,52.674,51.6,50.58,49.611,48.687,47.803,46.957,46.145,45.142,44.612,43.888,43.188,42.512,41.858,41.224,40.61,40.014,39.435,38.873,38.325,37.791,37.272,36.765,36.27,35.787,35.316,34.855,34.404,33.963,33.532,33.11,32.696,32.29,31.892,31.502,31.119,30.743,30.374,30.011,29.655,29.304,28.959,28.62,28.287,27.959,27.636
83.895,78.863,74.717,71.697,68.94,66.538,64.408,62.492,60.748,59.149,57.671,56.298,55.015,53.81,52.674,51.6,50.58,49.611,48.687,47.582,46.957,46.145,45.364,44.612,43.888,43.188,42.512,41.858,41.224,40.61,40.014,39.435,38.873,38.325,37.791,37.272,36.765,36.27,35.787,35.316,34.855,34.404,33.963,33.532,33.11,32.696,32.29,31.892,31.502,31.119,30.743,30.374,30.011,29.655,29.304,28.959,28.62,28.287,27.959,27.636
83.895,78.863,74.932,71.697,68.725,66.538,64.192,62.492,60.748,59.149,57.671,56.298,55.015,53.81,52.674,51.6,50.58,49.611,48.687,47.803,46.957,46.145,45.364,44.612,43.888,43.188,42.512,41.858,41.224,40.61,40.014,39.435,38.873,38.325,37.791,37.044,36.765,36.27,35.787,35.087,34.855,34.174,33.963,33.532,33.11,32.696,32.29,31.892,31.502,31.119,30.743,30.374,30.011,29.655,29.304,28.959,28.62,28.05,27.959,27.636
83.895,78.863,74.932,71.481,68.725,66.538,64.408,62.492,60.531,59.149,57.453,56.298,55.015,53.81,52.674,51.6,50.58,49.611,48.687,47.803,46.957,46.145,45.364,44.612,43.888,43.188,42.512,41.858,41.224,40.61,39.789,39.435,38.873,38.325,37.791,37.272,36.765,36.27,35.787,35.087,34.855,34.404,33.963,33.532,32.879,32.696,32.29,31.66,31.502,31.119,30.743,30.374,30.011,29.655,29.304,28.959,28.62,28.287,27.959,27.636
83.895,78.863,74.932,71.697,68.725,66.538,64.408,62.492,60.748,59.149,57.671,56.298,55.015,53.81,52.674,51.6,50.58,49.611,48.687,47.803,46.957,46.145,45.364,44.612,43.888,43.188,42.512,41.858,41.224,40.61,40.014,39.435,38.873,38.325,37.791,37.272,36.765,36.27,35.787,35.087,34.855,34.404,33.963,33.532,33.11,32.696,32.29,31.892,31.502,31.119,30.743,30.374,30.011,29.655,29.304,28.959,28.62,28.287,27.959,27.636
83.895,78.863,74.932,71.697,68.94,66.538,64.408,62.492,60.748,59.149,57.671,56.298,55.015,53.81,52.674,51.6,50.58,49.611,48.466,47.803,46.957,46.145,45.364,44.612,43.888,43.188,42.512,41.858,41.224,40.61,40.014,39.435,38.873,38.325,37.791,37.272,36.765,36.27,35.787,35.316,34.855,34.174,33.963,33.532,33.11,32.696,32.29,31.892,31.502,31.119,30.743,30.374,30.011,29.655,29.304,28.959,28.62,28.287,27.959,27.636
83.895,78.863,74.932,71.697,68.94,66.538,64.408,62.492,60.748,59.149,57.671,56.298,55.015,53.81,52.674,51.6,50.58,49.611,48.687,47.803,46.736,46.145,45.142,44.612,43.888,43.188,42.512,41.858,41.224,40.61,40.014,39.435,38.873,38.325,37.791,37.272,36.765,36.27,35.787,35.316,34.855,34.174,33.963,33.532,33.11,32.696,32.29,31.892,31.502,31.119,30.743,30.374,30.011,29.655,29.304,28.959,28.62,28.287,27.959,27.636
83.895,78.863,74.932,71.697,68.94,66.538,64.408,62.492,60.748,59.149,57.671,56.298,55.015,53.81,52.674,51.6,50.58,49.611,48.687,47.803,46.957,46.145,45.364,44.612,43.888,43.188,42.512,41.858,41.224,40.61,40.014,39.435,38.873,38.325,37.791,37.272,36.765,36.27,35.787,35.316,34.855,34.404,33.963,33.532,33.11,32.696,32.29,31.892,31.27,31.119,30.743,30.374,30.011,29.655,29.304,28.959,28.62,28.287,27.959,27.636
83.895,78.863,74.932,71.697,68.94,66.538,64.408,62.492,60.531,59.149,57.671,56.298,55.015,53.81,52.674,51.6,50.58,49.611,48.687,47.803,46.957,46.145,45.142,44.612,43.665,43.188,42.512,41.858,41.224,40.61,39.789,39.435,38.873,38.325,37.565,37.272,36.765,36.27,35.787,35.316,34.855,34.404,33.963,33.302,33.11,32.696,32.29,31.892,31.502,31.119,30.743,30.374,30.011,29.655,29.304,28.959,28.62,28.287,27.959,27.636
83.895,78.863,74.932,71.697,68.94,66.538,64.192,62.492,60.748,59.149,57.671,56.298,55.015,53.81,52.674,51.6,50.58,49.611,48.687,47.803,46.957,46.145,45.364,44.612,43.888,43.188,42.512,41.858,41.224,40.61,40.014,39.435,38.873,38.325,37.791,37.272,36.765,36.27,35.787,35.316,34.855,34.404,33.733,33.532,33.11,32.696,32.29,31.892,31.502,31.119,30.743,30.374,30.011,29.655,29.304,28.959,28.62,28.287,27.959,27.636
83.895,78.863,74.932,71.697,68.94,66.538,64.408,62.492,60.531,59.149,57.671,56.298,55.015,53.81,52.674,51.6,50.36,49.611,48.687,47.803,46.957,46.145,45.142,44.612,43.888,43.188,42.512,41.858,41.224,40.61,40.014,39.435,38.873,38.325,37.791,37.272,36.765,36.27,35.559,35.316,34.855,34.404,33.963,33.532,33.11,32.696,32.29,31.892,31.502,31.119,30.743,30.14,30.011,29.655,29.304,28.959,28.62,28.287,27.959,27.636
83.895,78.648,74.932,71.697,68.94,66.538,64.408,62.492,60.531,59.149,57.671,56.298,55.015,53.81,52.674,51.6,50.58,49.611,48.687,47.582,46.957,46.145,45.364,44.612,43.888,43.188,42.512,41.858,41.224,40.61,40.014,39.435,38.873,38.325,37.791,37.272,36.765,36.27,35.787,35.087,34.855,34.404,33.963,33.532,33.11,32.696,32.29,31.892,31.502,30.886,30.743,30.374,30.011,29.655,29.304,28.959,28.62,28.287,27.959,27.636
83.895,78.863,74.932,71.697,68.94,66.538,64.408,62.492,60.748,59.149,57.671,56.298,55.015,53.591,52.674,51.6,50.58,49.611,48.687,47.582,46.957,46.145,45.364,44.612,43.888,43.188,42.512,41.858,41.224,40.61,40.014,39.435,38.873,38.325,37.791,37.044,36.765,36.27,35.787,35.316,34.855,34.404,33.733,33.532,33.11,32.696,32.29,31.66,31.502,31.119,30.743,30.374,30.011,29.655,29.304,28.959,28.62,28.287,27.959,27.636
83.895,78.863,74.932,71.697,68.94,66.538,64.408,62.492,60.748,59.149,57.671,56.298,55.015,53.81,52.674,51.6,50.58,49.611,48.687,47.803,46.736,46.145,45.364,44.612,43.888,43.188,42.512,41.858,41.224,40.61,39.789,39.435,38.873,38.325,37.791,37.272,36.765,36.27,35.787,35.316,34.855,34.174,33.963,33.532,33.11,32.696,32.29,31.892,31.502,31.119,30.51,30.374,30.011,29.655,29.304,28.959,28.62,28.287,27.959,27.636
83.895,78.863,74.932,71.697,68.94,66.538,64.408,62.492,60.748,59.149,57.671,56.298,55.015,53.81,52.674,51.6,50.58,49.611,48.687,47.803,46.957,46.145,45.364,44.612,43.888,43.188,42.512,41.858,41.224,40.61,40.014,39.435,38.873,38.325,37.791,37.272,36.765,36.27,35.787,35.087,34.855,34.404,33.963,33.532,33.11,32.465,32.29,31.66,31.502,31.119,30.743,30.374,30.011,29.655,29.304,28.959,28.62,28.05,27.959,27.636
83.895,78.863,74.932,71.697,68.725,66.538,64.192,62.492,60.748,59.149,57.671,56.298,55.015,53.81,52.455,51.6,50.58,49.611,48.466,47.803,46.957,46.145,45.364,44.612,43.888,43.188,42.512,41.858,41.224,40.61,40.014,39.435,38.873,38.325,37.791,37.272,36.537,36.27,35.787,35.316,34.855,34.174,33.963,33.532,33.11,32.696,32.29,31.66,31.502,31.119,30.743,30.374,30.011,29.655,29.304,28.959,28.62,28.287,27.959,27.636
83.895,78.863,74.932,71.697,68.94,66.538,64.408,62.274,60.748,58.931,57.671,56.298,55.015,53.81,52.674,51.6,50.58,49.611,48.687,47.803,46.957,46.145,45.364,44.612,43.888,43.188,42.512,41.858,41.224,40.61,40.014,39.435,38.873,38.325,37.791,37.272,36.765,36.27,35.787,35.316,34.855,34.404,33.733,33.532,33.11,32.696,32.29,31.892,31.502,31.119,30.743,30.374,30.011,29.655,29.304,28.959,28.62,28.287,27.959,27.636
83.895,78.863,74.932,71.697,68.94,66.538,64.408,62.492,60.748,59.149,57.671,56.08,55.015,53.81,52.674,51.6,50.58,49.611,48.687,47.582,46.957,46.145,45.142,44.612,43.888,43.188,42.512,41.858,41.224,40.61,39.789,39.435,38.873,38.325,37.791,37.272,36.765,36.27,35.787,35.316,34.855,34.404,33.963,33.532,33.11,32.696,32.29,31.892,31.502,31.119,30.51,30.374,29.777,29.655,29.304,28.959,28.62,28.287,27.959,27.636
83.895,78.863,74.932,71.697,68.94,66.322,64.408,62.492,60.748,59.149,57.671,56.298,55.015,53.81,52.674,51.6,50.58,49.611,48.687,47.803,46.957,46.145,45.364,44.612,43.888,43.188,42.512,41.858,41.224,40.61,39.789,39.435,38.873,38.325,37.791,37.272,36.765,36.27,35.787,35.316,34.855,34.174,33.963,33.532,33.11,32.696,32.29,31.892,31.502,31.119,30.743,30.14,30.011,29.655,29.304,28.959,28.62,28.287,27.959,27.636
83.895,78.863,74.932,71.697,68.94,66.538,64.408,62.492,60.748,59.149,57.671,56.298,55.015,53.591,52.674,51.6,50.58,49.611,48.466,47.803,46.957,46.145,45.364,44.612,43.888,43.188,42.512,41.858,41.224,40.61,40.014,39.21,38.873,38.325,37.791,37.272,36.765,36.27,35.787,35.316,34.855,34.404,33.963,33.532,33.11,32.696,32.29,31.892,31.502,31.119,30.743,30.374,29.777,29.655,29.304,28.959,28.62,28.287,27.959,27.636
83.895,78.863,74.717,71.697,68.94,66.322,64.408,62.492,60.531,59.149,57.671,56.298,55.015,53.81,52.674,51.6,50.36,49.611,48.687,47.582,46.957,46.145,45.364,44.612,43.888,43.188,42.512,41.858,41.224,40.61,39.789,39.435,38.647,38.325,37.791,37.272,36.765,36.27,35.787,35.316,34.855,34.404,33.733,33.532,33.11,32.696,32.29,31.892,31.502,31.119,30.743,30.374,30.011,29.655,29.304,28.959,28.62,28.287,27.959,27.636
83.895,78.863,74.932,71.697,68.94,66.538,64.192,62.492,60.748,58.931,57.671,56.298,55.015,53.81,52.674,51.6,50.58,49.611,48.687,47.803,46.957,46.145,45.364,44.612,43.888,43.188,42.512,41.858,41.224,40.61,40.014,39.435,38.873,38.325,37.791,37.272,36.765,36.27,35.787,35.316,34.855,34.404,33.963,33.532,33.11,32.696,32.29,31.892,31.502,31.119,30.743,30.374,30.011,29.655,29.304,28.959,28.62,28.287,27.959,27.636
83.895,78.863,74.932,71.697,68.94,66.538,64.192,62.492,60.748,59.149,57.671,56.298,55.015,53.81,52.674,51.6,50.58,49.611,48.466,47.803,46.957,46.145,45.364,44.612,43.665,43.188,42.512,41.858,41.224,40.61,40.014,39.435,38.873,38.325,37.791,37.272,36.765,36.27,35.787,35.087,34.855,34.174,33.963,33.532,33.11,32.696,32.29,31.892,31.502,31.119,30.743,30.374,30.011,29.655,29.304,28.959,28.62,28.287,27.959,27.636
83.895,78.863,74.932,71.697,68.94,66.538,64.408,62.492,60.748,59.149,57.671,56.298,54.797,53.81,52.674,51.6,50.36,49.611,48.687,47.803,46.957,46.145,45.364,44.39,43.888,43.188,42.512,41.858,41.224,40.61,40.014,39.435,38.873,38.325,37.565,37.272,36.537,36.27,35.787,35.316,34.855,34.404,33.733,33.532,33.11,32.696,32.29,31.892,31.502,31.119,30.743,30.374,30.011,29.655,29.304,28.959,28.62,28.05,27.959,27.636
83.895,78.863,74.932,71.697,68.94,66.538,64.408,62.492,60.748,59.149,57.671,56.298,55.015,53.81,52.674,51.6,50.58,49.611,48.687,47.803,46.957,46.145,45.364,44.612,43.888,43.188,42.512,41.858,41.224,40.61,40.014,39.435,38.873,38.325,37.791,37.272,36.537,36.27,35.787,35.316,34.855,34.404,33.733,33.532,33.11,32.696,32.29,31.66,31.502,31.119,30.743,30.374,30.011,29.655,29.304,28.959,28.62,28.287,27.959,27.636
83.895,78.863,74.932,71.697,68.94,66.538,64.408,62.492,60.748,59.149,57.671,56.298,55.015,53.81,52.674,51.6,50.36,49.611,48.687,47.803,46.957,46.145,45.364,44.612,43.888,43.188,42.512,41.858,41.224,40.385,40.014,39.435,38.873,38.325,37.791,37.272,36.537,36.27,35.787,35.316,34.855,34.174,33.963,33.532,33.11,32.696,32.29,31.892,31.502,31.119,30.743,30.374,30.011,29.655,29.304,28.959,28.62,28.287,27.959,27.636
