105,123.73,142.46,161.19,179.92,198.64,217.37,236.1,254.83,273.56,292.29,311.02,329.75,348.47,367.2,385.93,404.66,423.39,442.12,460.85,479.58,498.31,517.03,535.76,554.49,573.22,591.95,610.68,629.41,648.14,666.86,685.59,704.32,723.05,741.78,760.51,779.24,797.97,816.69,835.42,854.15,872.88,891.61,910.34,929.07,947.8,966.53,985.25,1004,1022.7,1041.4,1060.2,1078.9,1097.6,1116.4,1135.1,1153.8,1172.5,1191.3,1210
0.6,0.60593,0.61186,0.6178,0.62373,0.62966,0.63559,0.64153,0.64746,0.65339,0.65932,0.66525,0.67119,0.67712,0.68305,0.68898,0.69492,0.70085,0.70678,0.71271,0.71864,0.72458,0.73051,0.73644,0.74237,0.74831,0.75424,0.76017,0.7661,0.77203,0.77797,0.7839,0.78983,0.79576,0.80169,0.80763,0.81356,0.81949,0.82542,0.83136,0.83729,0.84322,0.84915,0.85508,0.86102,0.86695,0.87288,0.87881,0.88475,0.89068,0.89661,0.90254,0.90847,0.91441,0.92034,0.92627,0.9322,0.93814,0.94407,0.95
683.24,677.56,671.95,666.48,661.07,655.7,650.52,645.42,640.2,635.17,630.03,624.92,620.03,615.25,610.62,606.33,602.12,598.06,594,589.72,585,580.11,575.81,573.11,571.63,570.68,569.89,569.15,568.42,567.69,566.96,566.25,565.66,564.83,563.99,563.14,562.27,561.39,560.49,559.57,558.64,557.7,556.73,555.76,554.76,553.76,552.73,551.69,550.63,549.56,548.47,547.37,546.24,545.1,543.95,542.77,541.58,540.37,539.14,537.89
665.23,659.15,653.16,647.63,641.78,636.16,630.49,624.95,619.48,614.16,608.8,603.49,598.31,592.98,587.93,582.9,578.17,573.71,569.42,565.14,560.64,555.6,550.48,546.56,544.55,543.51,542.78,542.12,541.48,540.83,540.18,539.52,538.85,538.16,537.47,536.76,536.05,535.32,534.57,533.82,533.05,532.27,531.48,530.67,529.85,529.02,528.17,527.32,526.44,525.56,524.67,523.76,522.84,521.92,520.99,520.11,519.2,518.17,517.13,516.07
651.93,645.61,639.55,633.44,627.22,621.2,615.42,609.57,603.82,598.33,592.8,587.38,581.82,576.38,571.11,565.72,560.61,555.74,551.14,546.64,542.17,537.28,531.93,527.07,524.36,523.2,522.51,521.93,521.37,520.81,520.25,519.68,519.1,518.52,517.93,517.33,516.73,516.13,515.52,514.94,514.43,513.75,513.05,512.34,511.63,510.9,510.16,509.4,508.64,507.87,507.08,506.28,505.47,504.65,503.81,502.96,502.1,501.23,500.34,499.44
641.76,635.22,628.97,622.64,616.3,610.04,604.03,598.07,592.18,586.22,580.68,575.04,569.58,564.2,558.5,553.13,547.84,542.83,537.93,533.17,528.53,523.64,518.24,512.79,509.4,508.05,507.38,506.83,506.31,505.79,505.27,504.74,504.2,503.66,503.11,502.55,501.98,501.41,500.82,500.23,499.63,499.03,498.41,497.78,497.15,496.51,495.86,495.2,494.53,493.85,493.16,492.46,491.75,491.04,490.31,489.57,488.82,488.06,487.29,486.5
634.13,627.32,620.88,614.24,608.08,601.73,595.48,589.27,583.2,577.03,571.39,565.59,559.95,554.34,548.8,543.32,537.64,532.05,526.97,521.96,517.27,512.47,507.34,501.56,497.25,495.49,494.78,494.28,493.82,493.37,492.91,492.44,491.97,491.49,491,490.5,490,489.49,488.97,488.45,487.92,487.37,486.82,486.27,485.7,485.13,484.55,483.96,483.36,482.75,482.14,481.52,480.89,480.25,479.6,478.94,478.28,477.61,476.92,476.23
627.4,620.6,614.14,607.36,600.66,594.46,587.93,581.63,575.39,569.45,563.31,557.3,551.54,545.91,540.32,534.73,529.09,523.49,517.99,513.08,508.16,503.4,498.31,492.53,487.55,485.27,484.49,484.02,483.6,483.19,482.78,482.37,481.95,481.53,481.09,480.66,480.21,479.76,479.3,478.83,478.36,477.88,477.39,476.89,476.39,475.88,475.36,474.83,474.3,473.76,473.21,472.66,472.09,471.52,470.94,470.36,469.77,469.16,468.56,467.94
622.18,615.26,608.48,601.55,595,588.48,582.17,575.41,569.1,563.03,556.74,550.79,544.94,539.07,533.28,527.71,521.99,516.26,510.91,505.55,500.6,495.77,490.85,485.04,479.65,476.87,476.03,475.57,475.18,474.81,474.44,474.06,473.68,473.3,472.91,472.52,472.12,471.72,471.31,470.89,470.47,470.04,469.61,469.17,468.72,468.27,467.81,467.35,466.88,466.4,465.93,465.45,464.97,464.51,464.17,463.63,463.07,462.5,461.93,461.35
618.22,611.18,604.13,597.18,590.8,583.82,577.12,570.75,564.2,557.65,551.42,545.48,539.32,533.5,527.68,521.87,516.28,510.51,504.93,499.54,494.41,489.44,484.45,478.75,473.08,469.98,469.05,468.6,468.25,467.91,467.57,467.24,466.9,466.56,466.23,465.9,465.59,465.43,465.04,464.64,464.24,463.83,463.42,463,462.58,462.15,461.71,461.26,460.81,460.35,459.89,459.42,458.94,458.45,457.96,457.46,456.96,456.44,455.92,455.39
614.53,607.64,600.4,593.64,586.99,580.05,573.2,566.7,560.04,553.58,547.07,540.99,534.89,529.11,523.17,517.26,511.34,505.77,499.99,494.44,489.18,484.29,479.29,473.75,467.88,464.41,463.37,462.92,462.56,462.22,461.88,461.54,461.2,460.85,460.51,460.16,459.8,459.44,459.08,458.72,458.34,457.97,457.59,457.2,456.81,456.42,456.02,455.61,455.2,454.78,454.36,453.93,453.49,453.05,452.6,452.15,451.68,451.22,450.74,450.26
612.41,604.79,597.87,590.99,583.71,576.66,569.98,563.17,556.6,550.02,543.71,537.25,531.02,524.97,518.91,513.1,507.21,501.11,495.54,489.7,484.47,479.39,474.27,468.76,462.64,459.2,458.11,457.67,457.32,456.99,456.67,456.34,456.01,455.68,455.35,455.01,454.67,454.33,453.99,453.64,453.29,452.94,452.58,452.22,451.86,451.49,451.11,450.74,450.35,449.96,449.57,449.18,448.77,448.36,447.95,447.53,447.11,446.68,446.24,445.8
610.02,602.79,595.28,588.13,580.99,574.41,567.16,560.52,553.58,547.26,540.41,534.11,527.83,521.51,515.57,509.51,503.53,497.53,491.72,486,480.47,475.21,470.2,464.48,458.4,454.7,453.61,453.17,452.84,452.52,452.2,451.88,451.56,451.24,450.92,450.6,450.27,449.95,449.62,449.28,448.95,448.61,448.27,447.93,447.58,447.23,446.88,446.52,446.16,445.8,445.43,445.05,444.68,444.29,443.91,443.52,443.12,442.72,442.32,441.91
607.98,600.7,593.37,586.38,579.15,572.06,565.14,558.3,551.22,544.61,537.92,531.27,524.98,518.67,512.56,506.45,500.46,494.58,488.56,482.6,477.22,471.96,466.78,461.11,454.74,450.86,449.69,449.27,448.94,448.63,448.32,448.01,447.7,447.39,447.08,446.77,446.46,446.14,445.83,445.51,445.18,444.86,444.53,444.2,443.87,443.54,443.2,442.86,442.52,442.17,441.82,441.46,441.11,440.75,440.38,440.01,439.64,439.27,438.88,438.5
606.77,599.23,591.85,584.46,577.42,570.58,563.1,556.38,549.4,542.75,535.85,529.3,522.85,516.48,510.31,504.14,497.98,491.99,485.97,479.94,474.29,468.93,463.73,458.16,451.64,447.5,446.27,445.84,445.52,445.22,444.92,444.62,444.32,444.02,443.72,443.42,443.12,442.81,442.51,442.2,441.89,441.58,441.26,440.95,440.63,440.31,439.98,439.66,439.33,439,438.66,438.32,437.98,437.64,437.29,436.94,436.59,436.23,435.87,435.5
605.43,598.11,590.54,583.3,576.01,568.87,561.54,554.8,547.95,540.9,534.17,527.57,520.88,514.62,508.23,502.13,495.94,489.72,483.82,477.74,471.8,466.44,461.22,455.63,449.26,444.62,443.23,442.8,442.49,442.19,441.9,441.62,441.33,441.04,440.75,440.46,440.16,439.87,439.57,439.28,438.98,438.68,438.37,438.07,437.76,437.45,437.14,436.83,436.51,436.2,435.88,435.55,435.23,434.9,434.57,434.23,433.89,433.55,433.21,432.86
604.26,596.64,589.42,581.99,574.74,567.59,560.42,553.3,546.46,539.48,532.62,526.09,519.43,513,506.53,500.35,494.3,487.96,481.83,475.84,469.97,464.33,459.1,453.58,447.11,442.08,440.53,440.08,439.77,439.49,439.21,438.93,438.66,438.38,438.1,437.81,437.53,437.25,436.96,436.68,436.39,436.1,435.81,435.51,435.22,434.92,434.62,434.32,434.02,433.71,433.4,433.09,432.78,432.46,432.15,431.82,431.5,431.18,430.85,430.52
603.25,595.63,588.32,581.02,573.72,566.35,559.26,552.06,545.08,538.3,531.48,524.88,518.19,511.66,505.22,499,492.65,486.41,480.26,474.17,468.13,462.48,457.31,451.75,445.33,439.87,438.11,437.64,437.34,437.07,436.8,436.53,436.26,435.99,435.72,435.45,435.18,434.9,434.63,434.35,434.07,433.79,433.51,433.23,432.95,432.66,432.37,432.08,431.79,431.49,431.2,430.9,430.6,430.3,429.99,429.68,429.38,429.06,428.75,428.43
602.29,594.9,587.49,579.82,572.68,565.53,558.27,551.17,544.53,537.38,530.39,523.72,517.1,510.41,503.88,497.56,491.31,485.35,479.01,472.88,466.66,461.05,455.6,450.23,443.77,437.96,435.95,435.45,435.16,434.9,434.63,434.37,434.11,433.85,433.59,433.33,433.07,432.8,432.54,432.27,432,431.73,431.46,431.19,430.91,430.64,430.36,430.08,429.8,429.52,429.23,428.95,428.66,428.37,428.07,427.78,427.48,427.18,426.88,426.58
601.75,593.81,586.57,578.94,572.08,564.68,557.61,550.61,543.42,536.69,529.5,522.73,516.07,509.61,502.79,496.62,490.34,484.14,477.79,471.6,465.51,459.77,454.36,448.74,442.49,436.43,434.04,433.5,433.21,432.95,432.7,432.45,432.2,431.94,431.69,431.44,431.18,430.93,430.67,430.41,430.16,429.9,429.64,429.37,429.11,428.84,428.58,428.31,428.04,427.77,427.49,427.22,426.94,426.66,426.38,426.1,425.82,425.53,425.24,424.95
600.98,593.39,586.06,578.7,571.39,564.02,556.85,549.92,542.74,535.73,528.76,522.1,515.11,508.45,502.06,495.77,489.22,483.05,476.8,470.6,464.41,458.58,453.02,447.54,441.35,434.98,432.37,431.79,431.51,431.26,431.01,430.77,430.52,430.28,430.04,429.79,429.55,429.3,429.06,428.81,428.56,428.31,428.06,427.81,427.56,427.31,427.06,426.8,426.55,426.29,426.03,425.78,425.52,425.26,425.01,424.75,424.5,424.26,424.06,423.92
600.89,593.56,586.13,578.37,571.01,563.7,556.85,549.18,542.31,535.45,528.4,521.3,514.53,507.93,501.48,494.86,488.5,482.39,476.07,469.73,463.53,457.56,452,446.59,440.32,433.79,431.09,430.51,430.25,430.03,430.17,429.92,429.66,429.41,429.16,428.9,428.64,428.39,428.13,427.87,427.61,427.35,427.09,426.83,426.56,426.3,426.03,425.76,425.49,425.22,424.95,424.67,424.4,424.12,423.84,423.56,423.28,422.99,422.7,422.42
602.03,594.32,586.93,579.06,571.61,564.3,556.85,550.03,542.73,535.69,528.49,521.55,514.66,507.91,501.28,494.66,488.32,482.1,475.61,469.33,463.05,456.97,451.39,445.87,439.56,432.89,429.99,429.33,429.04,428.79,428.54,428.3,428.05,427.8,427.56,427.31,427.06,426.81,426.56,426.31,426.06,425.81,425.55,425.3,425.04,424.78,424.53,424.27,424,423.74,423.48,423.21,422.94,422.67,422.4,422.13,421.85,421.58,421.3,421.02
601.56,593.94,586.36,578.74,571.05,564.3,556.42,549.66,542.36,535.33,528.3,521.23,514.36,507.5,500.93,494.35,487.93,481.82,475.29,468.92,462.63,456.47,450.91,445.3,439.2,432.32,428.63,427.81,427.51,427.26,427.02,426.78,426.54,426.3,426.06,425.82,425.58,425.34,425.1,424.85,424.61,424.36,424.12,423.87,423.62,423.37,423.12,422.87,422.61,422.36,422.1,421.84,421.58,421.32,421.06,420.79,420.53,420.26,419.99,419.72
601.3,593.35,585.96,578.53,571.02,563.73,556.46,549.13,542,535.02,528.09,521,514.15,507.23,500.6,494.02,487.75,481.24,475.01,468.56,462.33,456.11,450.31,444.77,438.92,431.95,427.44,426.39,426.07,425.83,425.59,425.36,425.12,424.89,424.66,424.42,424.19,423.96,423.72,423.48,423.25,423.01,422.77,422.53,422.29,422.04,421.8,421.55,421.31,421.06,420.81,420.56,420.31,420.05,419.8,419.54,419.28,419.02,418.76,418.5
600.53,593.11,585.69,578.21,570.55,563.4,555.94,548.79,541.57,534.89,527.63,520.74,513.83,507.1,500.3,493.82,487.45,481.15,474.81,468.51,461.99,455.79,450.06,444.44,438.62,431.75,426.47,425.07,424.71,424.47,424.24,424.02,423.79,423.56,423.34,423.11,422.88,422.65,422.42,422.19,421.96,421.73,421.5,421.27,421.03,420.8,420.56,420.32,420.08,419.84,419.6,419.36,419.11,418.87,418.62,418.37,418.12,417.87,417.61,417.36
600.58,592.63,585.19,577.81,570.35,562.83,555.63,548.56,541.4,534.52,527.68,520.53,513.56,506.82,500.1,493.65,487.29,480.85,474.56,468.24,461.95,455.6,449.71,443.96,438.5,431.88,425.72,423.85,423.44,423.2,422.97,422.75,422.53,422.31,422.09,421.87,421.65,421.42,421.2,420.98,420.75,420.53,420.3,420.08,419.85,419.62,419.39,419.16,418.93,418.69,418.46,418.22,417.98,417.74,417.5,417.26,417.02,416.77,416.53,416.28
600.13,592.15,584.66,577.34,569.97,562.85,555.39,548.45,541.22,534.11,527.05,520.43,513.38,506.78,499.94,493.58,486.88,480.53,474.33,467.98,461.76,455.42,449.39,443.72,438.16,431.9,425.18,422.72,422.24,421.99,421.77,421.55,421.34,421.12,420.91,420.69,420.48,420.26,420.04,419.83,419.61,419.39,419.17,418.95,418.73,418.51,418.28,418.06,417.83,417.61,417.38,417.15,416.92,416.68,416.45,416.22,415.98,415.74,415.5,415.26
599.68,591.87,584.58,576.94,569.35,562.17,555.14,547.74,541,533.78,526.97,520,513.16,506.47,499.62,493.1,486.69,480.37,474.05,467.88,461.63,455.32,449.16,443.57,437.95,431.86,424.94,421.72,421.1,420.85,420.63,420.42,420.21,420,419.79,419.58,419.37,419.16,418.95,418.74,418.53,418.31,418.1,417.88,417.67,417.45,417.24,417.02,416.8,416.58,416.35,416.13,415.91,415.68,415.45,415.22,414.99,414.76,414.53,414.3
598.82,591.37,583.87,576.46,569.2,561.94,554.72,547.49,540.4,533.66,526.59,519.71,512.96,506.35,499.37,493,486.51,480.33,473.97,467.66,461.39,455.23,449.01,443.34,437.84,431.88,424.84,420.82,420.03,419.76,419.55,419.34,419.14,418.93,418.73,418.52,418.32,418.11,417.91,417.7,417.5,417.29,417.08,416.87,416.66,416.45,416.24,416.03,415.81,415.6,415.38,415.17,414.95,414.73,414.51,414.28,414.06,413.84,413.61,413.38
598.28,590.64,583.41,575.84,568.81,561.47,554.09,547.1,540.22,533.07,526.4,519.46,512.63,505.99,499.24,492.76,486.21,479.9,473.87,467.67,461.31,455.18,448.88,443.17,437.62,431.86,424.88,420.12,419.03,418.73,418.52,418.32,418.12,417.92,417.72,417.52,417.32,417.12,416.92,416.72,416.52,416.32,416.11,415.91,415.71,415.5,415.29,415.09,414.88,414.67,414.46,414.25,414.04,413.82,413.61,413.39,413.17,412.95,412.73,412.51
597.69,590.13,582.96,575.57,568.08,561.05,553.82,546.54,539.82,532.78,525.99,519.16,512.57,505.76,499.15,492.5,486.09,479.74,473.47,467.31,461.14,455.01,448.89,442.94,437.6,431.89,425.1,419.52,418.09,417.75,417.54,417.34,417.15,416.95,416.76,416.56,416.37,416.17,415.98,415.78,415.59,415.39,415.19,414.99,414.79,414.59,414.39,414.19,413.99,413.79,413.58,413.38,413.17,412.96,412.75,412.54,412.33,412.12,411.9,411.68
597.21,589.87,582.16,574.95,567.57,560.42,553.32,546.38,539.56,532.34,525.61,518.78,512.19,505.52,498.89,492.17,485.73,479.56,473.42,467.19,461.12,454.83,448.72,442.73,437.29,431.76,425.19,419.06,417.2,416.83,416.61,416.42,416.22,416.03,415.84,415.65,415.46,415.27,415.08,414.89,414.7,414.5,414.31,414.12,413.92,413.73,413.53,413.34,413.14,412.94,412.74,412.54,412.34,412.14,411.93,411.73,411.52,411.32,411.11,410.9
596.68,589.28,581.71,574.68,567.16,559.94,552.86,545.8,538.93,532.02,525.19,518.42,511.86,505.09,498.51,492.13,485.62,479.4,473.22,467.07,460.83,454.56,448.48,442.69,437.08,431.63,425.34,418.78,416.39,415.94,415.72,415.53,415.34,415.15,414.97,414.78,414.59,414.41,414.22,414.03,413.85,413.66,413.47,413.28,413.1,412.91,412.72,412.52,412.33,412.14,411.94,411.75,411.55,411.35,411.15,410.95,410.75,410.55,410.35,410.14
596.03,588.62,581.26,574.06,566.67,559.56,552.53,545.38,538.6,531.72,524.75,518.24,511.39,504.75,498.11,491.5,485.18,478.91,472.91,466.91,460.54,454.47,448.41,442.48,436.89,431.52,425.45,418.67,415.64,415.1,414.88,414.69,414.5,414.32,414.13,413.95,413.77,413.59,413.4,413.22,413.04,412.86,412.67,412.49,412.3,412.12,411.93,411.75,411.56,411.37,411.18,410.99,410.8,410.6,410.41,410.21,410.02,409.82,409.62,409.42
595.76,588.39,580.98,573.83,566.61,559.22,552.03,545.07,538.3,531.13,524.46,517.75,511.01,504.52,497.88,491.25,485.03,478.85,472.67,466.55,460.48,454.35,448.16,442.35,436.67,431.34,425.38,418.39,414.98,414.3,414.07,413.88,413.7,413.52,413.34,413.16,412.98,412.8,412.62,412.44,412.27,412.09,411.91,411.73,411.55,411.37,411.18,411,410.82,410.63,410.45,410.26,410.07,409.89,409.7,409.51,409.31,409.12,408.93,408.73
594.85,587.85,580.25,572.92,565.84,558.37,551.67,544.64,537.68,530.85,524.22,517.2,510.81,504.14,497.56,490.96,484.57,478.4,472.39,466.28,460.27,454.26,448.22,442.05,436.53,431.19,425.47,418.56,414.37,413.55,413.3,413.11,412.93,412.75,412.58,412.4,412.22,412.05,411.87,411.7,411.52,411.35,411.17,411,410.82,410.64,410.47,410.29,410.11,409.93,409.75,409.57,409.38,409.2,409.01,408.83,408.64,408.45,408.26,408.07
594.59,587.28,579.76,572.38,565.23,558.23,551.02,544.14,537.24,530.48,523.68,516.86,510.29,503.63,497.13,490.77,484.26,478.19,471.96,466.06,460.09,453.95,447.86,441.94,436.3,431.03,425.3,418.38,413.83,412.83,412.56,412.38,412.2,412.02,411.85,411.67,411.5,411.33,411.16,410.99,410.81,410.64,410.47,410.3,410.13,409.95,409.78,409.6,409.43,409.25,409.08,408.9,408.72,408.54,408.36,408.18,408,407.81,407.63,407.44
593.66,586.53,579.46,571.91,564.91,557.76,550.55,543.57,536.59,529.95,523.12,516.54,509.97,503.29,496.73,490.51,483.97,477.76,471.68,465.73,459.75,453.67,447.57,441.69,436.08,430.81,425.16,418.44,413.42,412.14,411.86,411.67,411.49,411.32,411.15,410.98,410.81,410.64,410.47,410.3,410.14,409.97,409.8,409.63,409.46,409.29,409.12,408.95,408.78,408.61,408.43,408.26,408.09,407.91,407.73,407.56,407.38,407.2,407.02,406.84
593.68,586.52,578.95,571.45,564.17,557.33,550.14,543.12,536.49,529.63,522.81,516.24,509.5,502.86,496.52,489.98,483.65,477.57,471.33,465.42,459.43,453.47,447.47,441.5,435.86,430.49,425.1,418.53,413.04,411.5,411.18,410.99,410.82,410.65,410.48,410.31,410.15,409.98,409.81,409.65,409.48,409.32,409.15,408.99,408.82,408.66,408.49,408.32,408.15,407.99,407.82,407.65,407.48,407.3,407.13,406.96,406.78,406.61,406.43,406.25
592.93,585.64,578.03,570.93,563.69,556.68,549.64,542.75,535.92,529.16,522.25,515.57,509.11,502.6,495.94,489.59,483.35,477.24,471.03,465.04,459.17,453.16,447.15,441.2,435.62,430.4,424.99,418.54,412.59,410.9,410.54,410.35,410.17,410,409.84,409.67,409.51,409.35,409.18,409.02,408.86,408.7,408.53,408.37,408.21,408.05,407.88,407.72,407.56,407.39,407.22,407.06,406.89,406.72,406.55,406.38,406.21,406.04,405.87,405.7
592.56,585.29,578.07,570.65,563.36,556.1,549.27,542.47,535.35,528.53,521.96,515.45,508.71,502.22,495.67,489.14,482.89,476.8,470.72,464.77,458.94,452.88,446.95,440.97,435.32,430.06,424.68,418.42,412.29,410.32,409.92,409.73,409.56,409.39,409.22,409.06,408.9,408.74,408.58,408.42,408.26,408.1,407.94,407.78,407.62,407.46,407.3,407.14,406.98,406.82,406.65,406.49,406.33,406.16,406,405.83,405.67,405.5,405.33,405.16
592.49,584.85,577.5,570.2,563.07,555.95,548.68,541.76,535.03,528.15,521.65,514.95,508.37,501.79,495.27,488.86,482.53,476.58,470.35,464.39,458.53,452.78,446.63,440.75,435.08,429.81,424.51,418.41,412.11,409.78,409.33,409.13,408.96,408.8,408.63,408.47,408.31,408.16,408,407.84,407.68,407.53,407.37,407.21,407.06,406.9,406.74,406.58,406.43,406.27,406.11,405.95,405.79,405.63,405.46,405.3,405.14,404.97,404.81,404.64
591.63,584.32,576.88,570.09,562.38,555.31,548.13,541.44,534.55,527.9,520.96,514.4,507.75,501.36,494.86,488.5,482.23,476.11,470.12,464.11,458.33,452.34,446.36,440.55,434.77,429.55,424.29,418.24,411.82,409.25,408.76,408.56,408.39,408.23,408.07,407.91,407.75,407.59,407.44,407.28,407.13,406.98,406.82,406.67,406.51,406.36,406.2,406.05,405.89,405.74,405.58,405.42,405.27,405.11,404.95,404.79,404.63,404.47,404.31,404.14
591.4,584.23,576.49,569.22,562.05,554.9,548.08,541.13,534.1,527.55,520.61,514.22,507.47,501.08,494.62,488.27,481.78,475.63,469.72,463.77,457.86,452.03,446.14,440.33,434.61,429.18,424.05,418.14,411.62,408.77,408.21,408.01,407.84,407.68,407.52,407.36,407.21,407.06,406.9,406.75,406.6,406.45,406.29,406.14,405.99,405.84,405.69,405.53,405.38,405.23,405.08,404.92,404.77,404.61,404.46,404.3,404.14,403.98,403.82,403.66
590.92,583.84,576.26,568.77,561.6,554.44,547.28,540.69,533.67,526.93,520.35,513.57,507.13,500.77,494.08,487.85,481.62,475.34,469.32,463.37,457.58,451.6,445.91,439.99,434.3,428.96,423.89,417.9,411.38,408.29,407.69,407.48,407.32,407.16,407,406.84,406.69,406.54,406.39,406.24,406.09,405.94,405.78,405.64,405.49,405.34,405.19,405.04,404.89,404.74,404.59,404.44,404.28,404.13,403.98,403.83,403.67,403.52,403.36,403.2
590.74,583.4,575.78,568.6,561.32,554.11,547.02,540,533.21,526.72,520.01,513.25,506.69,500.17,493.9,487.32,481.21,474.97,468.93,462.99,457.32,451.57,445.55,439.63,434.03,428.67,423.58,417.66,411.15,407.84,407.19,406.98,406.81,406.65,406.5,406.34,406.19,406.04,405.89,405.74,405.59,405.44,405.3,405.15,405,404.85,404.71,404.56,404.41,404.27,404.12,403.97,403.82,403.67,403.52,403.37,403.22,403.07,402.91,402.76
590.03,582.83,575.28,568.07,560.94,553.84,546.86,539.66,532.94,526.14,519.38,512.99,506.29,500,493.4,487.19,480.99,474.66,468.6,462.77,457.01,451.13,445.26,439.4,433.68,428.33,423.22,417.66,411.01,407.42,406.71,406.49,406.32,406.17,406.01,405.86,405.71,405.56,405.41,405.26,405.12,404.97,404.83,404.68,404.54,404.39,404.25,404.1,403.96,403.81,403.67,403.52,403.37,403.22,403.08,402.93,402.78,402.63,402.48,402.33
589.92,582.25,575.06,567.58,560.26,553.22,546.14,539.43,532.56,525.82,519.22,512.42,505.75,499.43,493.07,486.79,480.44,474.28,468.23,462.4,456.59,450.76,444.86,439.02,433.43,428.13,422.98,417.33,410.81,407,406.24,406.02,405.85,405.7,405.54,405.39,405.24,405.1,404.95,404.8,404.66,404.52,404.37,404.23,404.09,403.94,403.8,403.66,403.51,403.37,403.23,403.08,402.94,402.8,402.65,402.5,402.36,402.21,402.06,401.91
589.39,581.94,574.5,567.24,559.99,553.09,545.95,539.14,531.96,525.33,518.7,512.12,505.53,498.91,492.71,486.42,480.06,473.95,467.96,461.93,456.18,450.38,444.54,438.77,433.11,427.88,422.6,417.04,410.57,406.62,405.8,405.56,405.4,405.25,405.09,404.94,404.8,404.65,404.51,404.36,404.22,404.08,403.93,403.79,403.65,403.51,403.37,403.23,403.09,402.95,402.81,402.66,402.52,402.38,402.24,402.09,401.95,401.81,401.66,401.51
589.45,581.8,574.38,567.26,559.52,552.74,545.53,538.56,531.74,525.15,518.28,511.67,505.29,498.84,492.3,485.9,479.81,473.69,467.49,461.68,456.03,450.14,444.28,438.44,432.75,427.54,422.44,416.87,410.41,406.23,405.37,405.13,404.96,404.81,404.66,404.51,404.37,404.22,404.08,403.94,403.79,403.65,403.51,403.37,403.23,403.09,402.96,402.82,402.68,402.54,402.4,402.26,402.12,401.98,401.84,401.7,401.56,401.41,401.27,401.13
588.63,581.37,574.01,566.53,559.21,552.42,545.19,538.28,531.35,524.78,517.96,511.33,504.82,498.37,491.81,485.63,479.53,473.22,467.27,461.42,455.57,449.76,443.92,438.34,432.64,427.15,422.1,416.61,410.1,405.9,404.96,404.71,404.55,404.39,404.24,404.1,403.95,403.81,403.67,403.52,403.38,403.24,403.11,402.97,402.83,402.69,402.56,402.42,402.28,402.14,402.01,401.87,401.73,401.59,401.45,401.32,401.18,401.04,400.9,400.76
588.51,580.93,573.65,566.08,559.13,551.76,545.04,537.98,531.01,524.33,517.78,511.12,504.49,498.14,491.8,485.24,479.02,472.79,466.84,461.01,455.16,449.53,443.68,437.98,432.24,427.04,421.82,416.32,409.91,405.56,404.55,404.3,404.14,403.99,403.84,403.69,403.55,403.41,403.27,403.13,402.99,402.85,402.71,402.58,402.44,402.3,402.17,402.03,401.9,401.76,401.63,401.49,401.36,401.22,401.08,400.95,400.81,400.67,400.53,400.39
588.43,580.58,573.43,565.91,558.78,551.61,544.51,537.75,530.76,524.13,517.22,510.7,504.13,497.66,491.27,484.96,478.73,472.62,466.72,460.64,455.07,449.19,443.53,437.49,432.02,426.6,421.57,416.09,409.8,405.2,404.17,403.92,403.75,403.6,403.45,403.31,403.16,403.02,402.88,402.74,402.61,402.47,402.33,402.2,402.06,401.93,401.8,401.66,401.53,401.4,401.26,401.13,400.99,400.86,400.72,400.59,400.45,400.32,400.18,400.05
587.83,580.6,573.01,565.67,558.45,551.23,544.19,537.37,530.44,523.74,516.88,510.53,503.95,497.33,491.1,484.78,478.43,472.31,466.29,460.41,454.65,448.82,443.04,437.26,431.57,426.38,421.26,415.94,409.54,404.92,403.8,403.54,403.37,403.22,403.07,402.93,402.79,402.65,402.51,402.37,402.24,402.1,401.97,401.83,401.7,401.57,401.44,401.3,401.17,401.04,400.91,400.77,400.64,400.51,400.38,400.25,400.11,399.98,399.84,399.71
587.92,579.91,572.57,565.46,558.1,550.95,543.94,536.97,530.04,523.55,516.66,510.02,503.72,496.99,490.6,484.39,478.16,472.05,466.05,460.15,454.34,448.54,442.9,437.02,431.47,426.02,420.99,415.68,409.13,404.58,403.44,403.17,403.01,402.86,402.71,402.57,402.43,402.29,402.15,402.02,401.88,401.75,401.61,401.48,401.35,401.22,401.09,400.96,400.82,400.69,400.56,400.43,400.3,400.17,400.04,399.91,399.78,399.65,399.52,399.38
587.22,579.68,572.45,565.04,558.13,550.68,543.84,536.81,529.82,523.04,516.42,509.72,503.38,496.94,490.27,484.02,477.64,471.66,465.72,459.77,454.14,448.26,442.58,436.85,431.14,425.7,420.71,415.45,409,404.26,403.09,402.82,402.66,402.51,402.36,402.22,402.08,401.94,401.81,401.67,401.54,401.4,401.27,401.14,401.01,400.88,400.75,400.62,400.49,400.36,400.23,400.1,399.97,399.85,399.72,399.59,399.46,399.33,399.2,399.07
587,579.59,572.34,564.7,557.38,550.55,543.45,536.39,529.54,522.73,516.02,509.51,502.87,496.5,489.89,483.81,477.41,471.5,465.47,459.58,453.77,447.83,442.26,436.46,430.81,425.53,420.38,415.12,408.72,403.98,402.76,402.48,402.32,402.17,402.02,401.88,401.74,401.6,401.47,401.34,401.2,401.07,400.94,400.81,400.68,400.55,400.42,400.29,400.17,400.04,399.91,399.78,399.66,399.53,399.4,399.27,399.15,399.02,398.89,398.76
586.9,579.39,571.96,564.74,557.68,550.31,542.97,536.35,529.25,522.58,515.68,509.35,502.63,496.31,489.77,483.41,477.16,471.06,465.05,459.18,453.48,447.87,442.01,436.15,430.6,425.11,420.2,414.82,408.55,403.63,402.44,402.15,401.99,401.84,401.69,401.55,401.41,401.28,401.14,401.01,400.88,400.75,400.62,400.49,400.36,400.23,400.1,399.98,399.85,399.73,399.6,399.47,399.35,399.22,399.1,398.97,398.84,398.72,398.59,398.46
586.77,579.07,571.4,564.49,557.15,549.94,542.81,536.09,529.21,522.27,515.63,508.99,502.49,496.03,489.55,483.33,477.08,470.79,464.82,458.92,453.2,447.28,441.7,435.85,430.31,424.99,419.83,414.68,408.27,403.4,402.11,401.83,401.67,401.52,401.38,401.24,401.1,400.96,400.83,400.7,400.57,400.44,400.31,400.18,400.05,399.93,399.8,399.67,399.55,399.42,399.3,399.17,399.05,398.93,398.8,398.68,398.55,398.43,398.3,398.18
586.63,579.03,571.34,564,556.69,549.62,542.51,535.72,528.87,522.01,515.31,508.55,502.19,495.51,489.18,482.92,476.61,470.53,464.46,458.65,452.89,447.02,441.39,435.61,430.02,424.6,419.62,414.42,407.96,403.12,401.82,401.52,401.36,401.21,401.07,400.93,400.8,400.66,400.52,400.39,400.26,400.13,400.01,399.88,399.75,399.63,399.5,399.38,399.25,399.13,399.01,398.88,398.76,398.64,398.51,398.39,398.27,398.14,398.02,397.9
586.28,578.61,571.46,563.93,556.7,549.43,542.58,535.45,528.5,521.74,515.06,508.41,501.88,495.32,488.98,482.76,476.44,470.23,464.25,458.36,452.61,446.98,441.17,435.43,429.69,424.47,419.42,414.1,407.81,402.88,401.53,401.23,401.06,400.91,400.77,400.63,400.5,400.36,400.23,400.1,399.97,399.84,399.72,399.59,399.46,399.34,399.21,399.09,398.97,398.85,398.72,398.6,398.48,398.36,398.24,398.11,397.99,397.87,397.75,397.63
407.09,406.41,405.73,405.05,404.37,403.7,403.01,402.33,401.65,400.97,400.28,399.11,398.9,398.21,397.52,396.82,396.12,395.41,394.7,393.98,393.26,392.53,391.78,391.03,390.26,389.47,388.67,387.83,386.94,385.97,384.89,383.48,380.49,379.99,379.49,379,378.51,378.02,377.53,377.05,376.57,376.09,375.61,375.13,374.66,374.18,373.7,373.23,372.75,372.27,371.79,371.31,370.82,370.34,369.84,369.35,368.85,368.34,367.82,367.29
384.71,383.76,382.12,379.63,379.13,378.64,378.15,377.66,377.16,376.67,376.18,375.69,375.2,374.71,374.22,373.73,373.25,372.76,372.27,371.79,371.3,370.82,370.33,369.85,369.37,368.88,368.4,367.92,367.43,366.95,366.47,365.99,365.5,365.02,364.53,364.05,363.56,363.07,362.58,362.08,361.58,360.59,360.57,360.06,359.05,359.01,358.46,357.91,356.85,356.73,356.1,355.43,354.71,353.89,352.87,351.03,349.19,348.91,348.63,348.35
367.35,366.9,366.45,366,365.55,365.1,364.65,364.19,363.74,363.28,362.83,362.37,361.91,361.45,360.99,360.53,360.06,359.6,358.64,358.66,358.18,357.71,357.23,356.75,356.26,355.77,355.27,354.77,354.26,353.74,353.2,352.66,352.1,351.02,350.91,350.27,349.58,348.82,347.9,346.55,344.21,343.9,343.6,343.29,342.99,342.69,342.4,342.1,341.8,341.51,341.22,340.93,340.64,340.35,340.06,339.77,339.48,339.2,338.91,338.63
354.92,353.97,354,353.53,352.57,352.58,352.09,351.1,350.59,350.57,350.03,348.99,348.9,347.79,347.62,346.87,345.95,345.75,342.81,342.49,342.17,341.86,341.54,341.23,340.91,340.6,340.29,339.98,339.67,339.36,339.05,338.75,338.44,338.14,337.83,337.53,337.23,336.93,336.63,336.34,336.04,335.75,335.45,335.16,334.87,334.57,334.28,333.99,333.7,333.41,333.12,332.83,332.54,332.25,331.96,331.67,331.38,331.09,330.8,330.5
340.74,340.44,340.15,339.85,339.55,339.25,338.95,338.65,338.35,338.05,337.76,337.46,337.16,336.86,336.56,336.27,335.97,335.67,335.38,335.08,334.79,334.49,334.2,333.9,333.61,333.32,333.02,332.73,332.44,332.15,331.86,331.57,331.28,330.99,330.7,330.41,330.12,329.83,329.54,329.25,328.96,328.68,328.39,328.1,327.81,327.52,327.23,326.94,326.64,326.35,326.05,325.76,325.46,325.16,324.86,324.55,324.25,323.94,323.63,323.31
333.8,333.53,333.25,332.97,332.69,332.42,332.14,331.86,331.58,331.3,331.02,330.75,330.47,330.19,329.91,329.63,329.35,329.07,328.79,328.51,328.23,327.95,327.67,327.39,327.11,326.83,326.54,326.26,325.98,325.7,325.41,325.13,324.85,324.56,324.28,323.99,323.7,323.41,323.13,322.83,322.54,322.25,321.95,321.66,321.36,321.05,320.75,320.44,320.13,319.82,319.5,319.17,318.84,318.51,318.17,317.81,316.96,317.08,316.69,316.29
327.51,327.25,326.98,326.72,326.46,326.19,325.93,325.66,325.39,325.13,324.86,324.59,324.32,324.05,323.78,323.51,323.24,322.97,322.69,322.42,322.14,321.87,321.59,321.31,321.03,320.75,319.98,320.18,319.89,319.61,318.83,319.03,318.73,317.95,318.13,317.83,317.52,317.21,316.9,316.58,316.25,315.92,315.58,315.23,314.87,314.49,314.11,313.21,313.27,312.32,312.31,311.74,311.05,310.11,307.7,307.54,307.37,307.21,307.05,306.89
321.5,321.24,320.98,320.72,320.46,320.19,319.44,319.66,319.39,319.12,318.36,318.58,317.81,318.02,317.74,317.46,317.17,316.89,316.1,316.3,316,315.21,315.39,315.08,314.26,314.43,314.09,313.75,313.39,313.03,312.15,312.24,311.81,311.34,310.81,310.2,309.39,307.02,306.85,306.67,306.5,306.33,306.16,305.98,305.82,305.65,305.48,305.31,305.15,304.98,304.82,304.65,304.49,304.33,304.17,304.01,303.85,303.69,303.53,303.37
314.91,314.59,314.27,313.94,313.6,313.24,312.87,312.47,312.04,311.56,311.01,310.3,308.16,307.98,307.8,307.62,307.44,307.26,307.08,306.9,306.72,306.54,306.36,306.18,306.01,305.83,305.65,305.48,305.31,305.13,304.96,304.79,304.61,304.44,304.27,304.1,303.93,303.76,303.6,303.43,303.26,303.1,302.93,302.77,302.6,302.44,302.28,302.12,301.96,301.8,301.64,301.48,301.32,301.16,301.01,300.85,300.69,300.54,300.38,300.23
307.06,306.89,306.71,306.54,306.37,305.72,306.02,305.85,305.68,305.51,305.33,305.16,304.99,304.82,304.65,304.48,304.31,304.14,303.96,303.8,303.63,303.46,303.29,303.12,302.95,302.78,302.62,302.45,302.28,302.12,301.95,301.79,301.62,301.46,301.3,301.13,300.97,300.81,300.65,300.49,300.33,300.17,300.01,299.85,299.69,299.53,299.38,299.22,299.06,298.91,298.75,298.6,298.44,298.29,298.14,297.98,297.83,297.68,297.53,297.37
304.05,303.89,303.73,303.56,303.4,303.24,303.07,302.91,302.75,302.58,302.42,302.26,302.09,301.93,301.77,301.61,301.44,301.28,301.12,300.96,300.8,300.64,300.47,300.31,300.15,299.99,299.83,299.67,299.52,299.36,299.2,299.04,298.88,298.72,298.57,298.41,298.25,298.1,297.94,297.79,297.63,297.48,297.32,297.17,297.02,296.86,296.71,296.56,296.41,296.25,296.1,295.95,295.8,295.65,295.5,295.35,295.2,295.05,294.89,294.74
301.28,301.13,300.97,300.82,300.66,300.5,300.35,300.19,300.04,299.88,299.73,299.57,299.42,299.26,299.1,298.95,298.8,298.64,298.49,298.33,298.18,298.02,297.87,297.71,297.56,297.41,297.25,297.1,296.95,296.79,296.64,296.49,296.34,296.18,296.03,295.88,295.73,295.58,295.43,295.28,295.13,294.98,294.82,294.68,294.53,294.38,294.23,294.08,293.93,293.78,293.63,293.48,293.33,293.18,293.04,292.89,292.74,292.59,292.44,292.29
298.69,298.54,298.4,298.25,298.1,297.95,297.8,297.65,297.5,297.35,297.21,297.06,296.91,296.76,296.61,296.46,296.31,296.16,296.02,295.87,295.72,295.57,295.42,295.27,295.13,294.98,294.83,294.68,294.53,294.39,294.24,294.09,293.94,293.8,293.65,293.5,293.35,293.21,293.06,292.91,292.77,292.62,292.47,292.33,292.18,292.03,291.89,291.74,291.59,291.45,291.3,291.15,291.01,290.86,290.71,290.57,290.42,290.27,290.12,289.98
296.25,296.1,295.96,295.82,295.68,295.54,295.39,295.25,295.11,294.96,294.82,294.68,294.54,294.39,294.25,294.11,293.96,293.82,293.68,293.53,293.39,293.25,293.1,292.96,292.82,292.67,292.53,292.39,292.24,292.1,291.96,291.81,291.67,291.53,291.38,291.24,291.1,290.95,290.81,290.66,290.52,290.38,290.23,290.09,289.94,289.8,289.66,289.51,289.37,289.22,289.08,288.93,288.78,288.64,288.49,288.34,288.2,288.05,287.9,287.75
293.91,293.77,293.64,293.5,293.36,293.23,293.09,292.95,292.81,292.68,292.54,292.4,292.26,292.13,291.99,291.85,291.71,291.57,291.43,291.29,291.15,291.02,290.88,290.74,290.6,290.46,290.32,290.18,290.04,289.9,289.76,289.62,289.48,289.34,289.2,289.06,288.91,288.77,288.63,288.49,288.35,288.21,288.06,287.92,287.78,287.63,287.49,287.35,287.2,287.06,286.91,286.76,286.62,286.47,286.32,286.17,286.02,285.88,285.72,285.57
291.64,291.51,291.38,291.25,291.12,290.98,290.85,290.72,290.59,290.45,290.32,290.19,290.05,289.92,289.78,289.65,289.51,289.38,289.24,289.11,288.97,288.84,288.7,288.56,288.43,288.29,288.15,288.02,287.88,287.74,287.6,287.46,287.33,287.19,287.05,286.91,286.77,286.63,286.49,286.34,286.2,286.06,285.92,285.77,285.63,285.49,285.34,285.2,285.05,284.9,284.76,284.61,284.46,284.31,284.16,284,283.85,283.7,283.54,283.38
289.4,289.27,289.14,289.01,288.88,288.76,288.63,288.5,288.37,288.24,288.11,287.98,287.85,287.72,287.58,287.45,287.32,287.19,287.05,286.92,286.79,286.65,286.52,285.9,286.25,286.12,285.98,285.36,285.71,285.57,285.43,285.29,285.16,285.02,284.88,284.74,284.59,284.45,284.31,284.17,284.02,283.88,283.74,283.11,283.44,283.29,282.66,283,282.85,282.69,282.06,282.39,282.23,282.07,281.91,281.75,281.59,281.43,281.26,281.09
287.1,286.97,286.85,286.24,286.6,285.98,286.34,286.22,286.09,285.96,285.35,285.71,285.58,285.45,285.32,285.19,285.06,284.92,284.31,284.66,284.53,284.39,284.26,284.12,283.99,283.85,283.72,283.58,283.44,283.3,283.16,283.02,282.88,282.74,282.59,282.45,282.3,282.16,282.01,281.86,281.71,281.56,281.41,281.25,281.1,280.94,280.78,280.61,280.45,280.28,280.12,279.94,279.77,279.59,279.41,279.23,279.04,278.85,278.65,278.45
284.61,284,284.36,284.24,283.63,283.99,283.86,283.25,283.61,283.48,283.35,283.22,283.09,282.96,282.83,282.21,282.57,282.43,282.3,282.16,282.02,281.88,281.74,281.6,281.46,281.32,281.17,281.03,280.88,280.73,280.58,280.43,279.78,280.12,279.96,279.79,279.63,279.46,279.3,278.63,278.95,278.77,278.59,278.4,278.21,278.01,277.8,277.59,277.37,277.14,276.41,276.65,276.38,276.09,275.77,275.41,274.49,274.46,273.27,272.11
281.43,281.3,281.17,281.04,280.41,280.77,280.14,280.5,279.87,280.22,280.07,279.93,279.78,279.63,279.47,279.32,279.16,278.99,278.82,278.65,278.47,278.29,278.1,277.9,277.7,277.48,277.26,277.01,276.75,276.46,278.14,276.66,276.57,273.7,273.6,273.5,273.41,273.31,273.22,273.12,273.03,272.93,272.84,272.75,272.65,272.56,272.47,272.38,272.29,272.2,272.11,272.02,271.93,271.85,271.76,271.67,271.59,271.5,271.42,271.33
276.19,276.09,275.99,275.89,275.78,275.68,275.58,275.48,275.38,275.28,275.18,275.08,274.98,274.87,274.77,274.67,274.57,274.47,274.37,274.27,274.18,274.08,273.98,273.88,273.78,273.68,273.59,273.49,273.39,273.3,273.2,273.1,273.01,272.91,272.82,272.73,272.63,272.54,272.45,272.35,272.26,272.17,272.08,271.99,271.9,271.81,271.72,271.63,271.54,271.45,271.37,271.28,271.2,271.11,271.02,270.94,270.86,270.77,270.69,270.61
275.36,275.27,275.17,275.07,274.97,274.87,274.77,274.67,274.57,274.48,274.38,274.28,274.18,274.08,273.99,273.89,273.79,273.7,273.6,273.5,273.4,273.31,273.21,273.12,273.02,272.93,272.83,272.74,272.64,272.55,272.46,272.36,272.27,272.18,272.09,271.99,271.9,271.81,271.72,271.63,271.54,271.45,271.36,271.28,271.19,271.1,271.01,270.93,270.84,270.76,270.67,270.59,270.5,270.42,270.34,270.25,270.17,270.09,270.01,269.93
274.59,274.49,274.39,274.3,274.2,274.11,274.01,273.91,273.82,273.72,273.63,273.53,273.44,273.34,273.25,273.15,273.06,272.96,272.87,272.77,272.68,272.59,272.49,272.4,272.31,272.22,272.12,272.03,271.94,271.85,271.76,271.67,271.58,271.49,271.4,271.31,271.22,271.13,271.04,270.95,270.87,270.78,270.69,270.61,270.52,270.44,270.35,270.27,270.18,270.1,270.02,269.93,269.85,269.77,269.69,269.61,269.53,269.45,269.37,269.29
273.86,273.76,273.67,273.57,273.48,273.39,273.29,273.2,273.11,273.01,272.92,272.83,272.73,272.64,272.55,272.46,272.37,272.27,272.18,272.09,272,271.91,271.82,271.73,271.63,271.54,271.45,271.37,271.28,271.19,271.1,271.01,270.92,270.83,270.75,270.66,270.57,270.49,270.4,270.31,270.23,270.14,270.06,269.98,269.89,269.81,269.73,269.64,269.56,269.48,269.4,269.32,269.24,269.16,269.08,269,268.92,268.84,268.77,268.69
273.16,273.07,272.98,272.89,272.8,272.71,272.62,272.53,272.43,272.34,272.25,272.16,272.07,271.98,271.89,271.8,271.71,271.62,271.53,271.44,271.35,271.26,271.18,271.09,271,270.91,270.82,270.74,270.65,270.56,270.48,270.39,270.3,270.22,270.13,270.05,269.96,269.88,269.79,269.71,269.63,269.54,269.46,269.38,269.3,269.22,269.13,269.05,268.97,268.89,268.81,268.74,268.66,268.58,268.5,268.42,268.35,268.27,268.2,268.12
272.51,272.42,272.33,272.24,272.15,272.07,271.98,271.89,271.8,271.71,271.62,271.53,271.44,271.36,271.27,271.18,271.09,271,270.92,270.83,270.74,270.66,270.57,270.48,270.4,270.31,270.23,270.14,270.06,269.97,269.89,269.8,269.72,269.63,269.55,269.47,269.38,269.3,269.22,269.14,269.06,268.98,268.89,268.81,268.73,268.65,268.57,268.5,268.42,268.34,268.26,268.18,268.11,268.03,267.95,267.88,267.8,267.73,267.65,267.58
271.89,271.8,271.72,271.63,271.54,271.46,271.37,271.28,271.2,271.11,271.02,270.94,270.85,270.76,270.68,270.59,270.51,270.42,270.33,270.25,270.16,270.08,269.99,269.91,269.83,269.74,269.66,269.58,269.49,269.41,269.33,269.24,269.16,269.08,269,268.92,268.84,268.76,268.67,268.59,268.52,268.44,268.36,268.28,268.2,268.12,268.04,267.97,267.89,267.81,267.74,267.66,267.59,267.51,267.44,267.36,267.29,267.22,267.14,267.07
271.3,271.22,271.13,271.05,270.96,270.88,270.79,270.71,270.62,270.54,270.45,270.37,270.28,270.2,270.12,270.03,269.95,269.86,269.78,269.7,269.61,269.53,269.45,269.37,269.28,269.2,269.12,269.04,268.96,268.88,268.79,268.71,268.63,268.55,268.47,268.39,268.31,268.24,268.16,268.08,268,267.92,267.85,267.77,267.69,267.62,267.54,267.46,267.39,267.31,267.24,267.16,267.09,267.02,266.94,266.87,266.8,266.73,266.65,266.58
270.74,270.66,270.58,270.49,270.41,270.33,270.24,270.16,270.08,269.99,269.91,269.83,269.75,269.66,269.58,269.5,269.42,269.34,269.25,269.17,269.09,269.01,268.93,268.85,268.77,268.69,268.61,268.53,268.45,268.37,268.29,268.21,268.13,268.05,267.97,267.9,267.82,267.74,267.66,267.59,267.51,267.43,267.36,267.28,267.21,267.13,267.06,266.98,266.91,266.84,266.76,266.69,266.62,266.55,266.47,266.4,266.33,266.26,266.19,266.12
270.21,270.13,270.05,269.96,269.88,269.8,269.72,269.64,269.56,269.48,269.4,269.31,269.23,269.15,269.07,268.99,268.91,268.83,268.75,268.67,268.59,268.51,268.43,268.35,268.27,268.2,268.12,268.04,267.96,267.88,267.81,267.73,267.65,267.57,267.5,267.42,267.34,267.27,267.19,267.12,267.04,266.97,266.89,266.82,266.75,266.67,266.6,266.53,266.45,266.38,266.31,266.24,266.17,266.1,266.03,265.95,265.89,265.82,265.75,265.68
269.7,269.62,269.54,269.46,269.38,269.3,269.22,269.14,269.06,268.98,268.9,268.82,268.74,268.66,268.59,268.51,268.43,268.35,268.27,268.19,268.11,268.04,267.96,267.88,267.8,267.73,267.65,267.57,267.5,267.42,267.34,267.27,267.19,267.12,267.04,266.97,266.89,266.82,266.74,266.67,266.6,266.52,266.45,266.38,266.31,266.23,266.16,266.09,266.02,265.95,265.88,265.81,265.74,265.67,265.6,265.53,265.46,265.39,265.32,265.26
269.21,269.14,269.06,268.98,268.9,268.82,268.74,268.66,268.59,268.51,268.43,268.35,268.28,268.2,268.12,268.04,267.97,267.89,267.81,267.73,267.66,267.58,267.51,267.43,267.35,267.28,267.2,267.13,267.05,266.98,266.9,266.83,266.75,266.68,266.61,266.53,266.46,266.39,266.31,266.24,266.17,266.1,266.03,265.95,265.88,265.81,265.74,265.67,265.6,265.53,265.46,265.39,265.32,265.26,265.19,265.12,265.05,264.99,264.92,264.85
268.75,268.67,268.59,268.52,268.44,268.36,268.29,268.21,268.13,268.06,267.98,267.9,267.83,267.75,267.67,267.6,267.52,267.45,267.37,267.3,267.22,267.15,267.07,267,266.92,266.85,266.77,266.7,266.63,266.55,266.48,266.41,266.33,266.26,266.19,266.12,266.05,265.97,265.9,265.83,265.76,265.69,265.62,265.55,265.48,265.41,265.34,265.27,265.2,265.13,265.07,265,264.93,264.86,264.8,264.73,264.66,264.6,264.53,264.47
268.3,268.23,268.15,268.07,268,267.92,267.85,267.77,267.7,267.62,267.55,267.47,267.4,267.32,267.25,267.17,267.1,267.02,266.95,266.88,266.8,266.73,266.66,266.58,266.51,266.44,266.36,266.29,266.22,266.15,266.08,266,265.93,265.86,265.79,265.72,265.65,265.58,265.51,265.44,265.37,265.3,265.23,265.16,265.09,265.02,264.95,264.89,264.82,264.75,264.68,264.62,264.55,264.49,264.42,264.35,264.29,264.22,264.16,264.09
267.87,267.8,267.72,267.65,267.57,267.5,267.43,267.35,267.28,267.21,267.13,267.06,266.98,266.91,266.84,266.76,266.69,266.62,266.55,266.47,266.4,266.33,266.26,266.18,266.11,266.04,265.97,265.9,265.83,265.76,265.69,265.62,265.55,265.47,265.4,265.34,265.27,265.2,265.13,265.06,264.99,264.92,264.85,264.79,264.72,264.65,264.58,264.52,264.45,264.38,264.32,264.25,264.19,264.12,264.06,263.99,263.93,263.86,263.8,263.74
267.46,267.39,267.31,267.24,267.17,267.1,267.02,266.95,266.88,266.8,266.73,266.66,266.59,266.52,266.44,266.37,266.3,266.23,266.16,266.09,266.01,265.94,265.87,265.8,265.73,265.66,265.59,265.52,265.45,265.38,265.31,265.24,265.17,265.1,265.04,264.97,264.9,264.83,264.76,264.69,264.63,264.56,264.49,264.43,264.36,264.29,264.23,264.16,264.1,264.03,263.97,263.9,263.84,263.77,263.71,263.65,263.58,263.52,263.46,263.39
267.06,266.99,266.92,266.85,266.78,266.71,266.63,266.56,266.49,266.42,266.35,266.28,266.21,266.14,266.06,265.99,265.92,265.85,265.78,265.71,265.64,265.57,265.5,265.43,265.36,265.3,265.23,265.16,265.09,265.02,264.95,264.88,264.82,264.75,264.68,264.61,264.55,264.48,264.41,264.35,264.28,264.21,264.15,264.08,264.02,263.95,263.89,263.82,263.76,263.69,263.63,263.56,263.5,263.44,263.38,263.31,263.25,263.19,263.13,263.06
266.68,266.61,266.54,266.47,266.4,266.33,266.26,266.19,266.12,266.05,265.98,265.91,265.84,265.77,265.7,265.63,265.56,265.49,265.42,265.35,265.28,265.22,265.15,265.08,265.01,264.94,264.87,264.81,264.74,264.67,264.6,264.54,264.47,264.4,264.34,264.27,264.2,264.14,264.07,264.01,263.94,263.88,263.81,263.75,263.68,263.62,263.56,263.49,263.43,263.37,263.3,263.24,263.18,263.11,263.05,262.99,262.93,262.87,262.81,262.75
266.32,266.25,266.18,266.11,266.04,265.97,265.9,265.83,265.76,265.69,265.62,265.55,265.48,265.42,265.35,265.28,265.21,265.14,265.08,265.01,264.94,264.87,264.8,264.74,264.67,264.6,264.54,264.47,264.4,264.34,264.27,264.2,264.14,264.07,264.01,263.94,263.88,263.81,263.75,263.68,263.62,263.55,263.49,263.43,263.36,263.3,263.24,263.17,263.11,263.05,262.99,262.93,262.86,262.8,262.74,262.68,262.62,262.56,262.5,262.44
265.96,265.89,265.82,265.76,265.69,265.62,265.55,265.48,265.41,265.35,265.28,265.21,265.14,265.08,265.01,264.94,264.87,264.81,264.74,264.67,264.61,264.54,264.47,264.41,264.34,264.27,264.21,264.14,264.08,264.01,263.95,263.88,263.82,263.75,263.69,263.62,263.56,263.5,263.43,263.37,263.3,263.24,263.18,263.12,263.05,262.99,262.93,262.87,262.81,262.74,262.68,262.62,262.56,262.5,262.44,262.38,262.32,262.26,262.2,262.14
265.62,265.55,265.48,265.42,265.35,265.28,265.21,265.15,265.08,265.01,264.95,264.88,264.81,264.75,264.68,264.61,264.55,264.48,264.42,264.35,264.28,264.22,264.15,264.09,264.02,263.96,263.89,263.83,263.76,263.7,263.63,263.57,263.51,263.44,263.38,263.32,263.25,263.19,263.13,263.06,263,262.94,262.88,262.82,262.75,262.69,262.63,262.57,262.51,262.45,262.39,262.33,262.27,262.21,262.15,262.09,262.03,261.97,261.92,261.86
265.29,265.22,265.15,265.09,265.02,264.96,264.89,264.82,264.76,264.69,264.63,264.56,264.49,264.43,264.36,264.3,264.23,264.17,264.1,264.04,263.97,263.91,263.84,263.78,263.72,263.65,263.59,263.52,263.46,263.4,263.33,263.27,263.21,263.14,263.08,263.02,262.96,262.89,262.83,262.77,262.71,262.65,262.59,262.53,262.47,262.4,262.34,262.28,262.22,262.17,262.11,262.05,261.99,261.93,261.87,261.81,261.75,261.7,261.64,261.58
264.97,264.9,264.84,264.77,264.7,264.64,264.57,264.51,264.44,264.38,264.31,264.25,264.19,264.12,264.06,263.99,263.93,263.86,263.8,263.74,263.67,263.61,263.54,263.48,263.42,263.35,263.29,263.23,263.17,263.1,263.04,262.98,262.92,262.85,262.79,262.73,262.67,262.61,262.55,262.49,262.43,262.37,262.31,262.25,262.19,262.13,262.07,262.01,261.95,261.89,261.83,261.77,261.71,261.66,261.6,261.54,261.48,261.43,261.37,261.31
264.66,264.59,264.53,264.46,264.4,264.33,264.27,264.21,264.14,264.08,264.01,263.95,263.89,263.82,263.76,263.7,263.63,263.57,263.51,263.44,263.38,263.32,263.25,263.19,263.13,263.07,263.01,262.94,262.88,262.82,262.76,262.7,262.64,262.57,262.51,262.45,262.39,262.33,262.27,262.21,262.15,262.09,262.03,261.97,261.91,261.86,261.8,261.74,261.68,261.62,261.56,261.51,261.45,261.39,261.33,261.28,261.22,261.16,261.11,261.05
264.36,264.29,264.23,264.17,264.1,264.04,263.98,263.91,263.85,263.79,263.72,263.66,263.6,263.53,263.47,263.41,263.35,263.28,263.22,263.16,263.1,263.04,262.97,262.91,262.85,262.79,262.73,262.67,262.61,262.55,262.48,262.42,262.36,262.3,262.24,262.18,262.12,262.06,262,261.95,261.89,261.83,261.77,261.71,261.65,261.59,261.54,261.48,261.42,261.36,261.31,261.25,261.19,261.14,261.08,261.02,260.97,260.91,260.86,260.8
264.07,264,263.94,263.88,263.81,263.75,263.69,263.63,263.56,263.5,263.44,263.38,263.32,263.25,263.19,263.13,263.07,263.01,262.95,262.88,262.82,262.76,262.7,262.64,262.58,262.52,262.46,262.4,262.34,262.28,262.22,262.16,262.1,262.04,261.98,261.92,261.86,261.8,261.75,261.69,261.63,261.57,261.51,261.45,261.4,261.34,261.28,261.23,261.17,261.11,261.06,261,260.94,260.89,260.83,260.78,260.72,260.67,260.61,260.56
263.78,263.72,263.66,263.6,263.54,263.47,263.41,263.35,263.29,263.23,263.17,263.11,263.04,262.98,262.92,262.86,262.8,262.74,262.68,262.62,262.56,262.5,262.44,262.38,262.32,262.26,262.2,262.14,262.08,262.02,261.96,261.9,261.84,261.78,261.73,261.67,261.61,261.55,261.49,261.44,261.38,261.32,261.26,261.21,261.15,261.09,261.04,260.98,260.92,260.87,260.81,260.76,260.7,260.65,260.59,260.54,260.48,260.43,260.37,260.32
263.51,263.45,263.39,263.33,263.26,263.2,263.14,263.08,263.02,262.96,262.9,262.84,262.78,262.72,262.66,262.6,262.54,262.48,262.42,262.36,262.3,262.24,262.18,262.12,262.06,262,261.94,261.89,261.83,261.77,261.71,261.65,261.59,261.54,261.48,261.42,261.36,261.31,261.25,261.19,261.14,261.08,261.02,260.97,260.91,260.85,260.8,260.74,260.69,260.63,260.58,260.52,260.47,260.41,260.36,260.3,260.25,260.2,260.14,260.09
263.24,263.18,263.12,263.06,263,262.94,262.88,262.82,262.76,262.7,262.64,262.58,262.52,262.46,262.4,262.34,262.28,262.23,262.17,262.11,262.05,261.99,261.93,261.87,261.81,261.76,261.7,261.64,261.58,261.52,261.47,261.41,261.35,261.29,261.24,261.18,261.12,261.07,261.01,260.95,260.9,260.84,260.79,260.73,260.68,260.62,260.57,260.51,260.46,260.4,260.35,260.29,260.24,260.18,260.13,260.08,260.02,259.97,259.92,259.86
262.98,262.92,262.87,262.81,262.75,262.69,262.63,262.57,262.51,262.45,262.39,262.33,262.27,262.21,262.16,262.1,262.04,261.98,261.92,261.86,261.81,261.75,261.69,261.63,261.57,261.52,261.46,261.4,261.34,261.29,261.23,261.17,261.12,261.06,261,260.95,260.89,260.84,260.78,260.72,260.67,260.61,260.56,260.5,260.45,260.39,260.34,260.29,260.23,260.18,260.12,260.07,260.02,259.96,259.91,259.86,259.8,259.75,259.7,259.65
262.73,262.67,262.62,262.56,262.5,262.44,262.38,262.32,262.26,262.2,262.15,262.09,262.03,261.97,261.91,261.86,261.8,261.74,261.68,261.63,261.57,261.51,261.45,261.4,261.34,261.28,261.23,261.17,261.11,261.06,261,260.94,260.89,260.83,260.78,260.72,260.67,260.61,260.56,260.5,260.45,260.39,260.34,260.28,260.23,260.17,260.12,260.07,260.01,259.96,259.91,259.85,259.8,259.75,259.7,259.64,259.59,259.54,259.49,259.44
262.49,262.43,262.37,262.31,262.26,262.2,262.14,262.08,262.02,261.97,261.91,261.85,261.79,261.74,261.68,261.62,261.56,261.51,261.45,261.39,261.34,261.28,261.22,261.17,261.11,261.05,261,260.94,260.89,260.83,260.78,260.72,260.67,260.61,260.56,260.5,260.45,260.39,260.34,260.28,260.23,260.17,260.12,260.07,260.01,259.96,259.91,259.85,259.8,259.75,259.69,259.64,259.59,259.54,259.49,259.43,259.38,259.33,259.28,259.23
262.25,262.19,262.13,262.08,262.02,261.96,261.91,261.85,261.79,261.73,261.68,261.62,261.56,261.51,261.45,261.39,261.34,261.28,261.22,261.17,261.11,261.06,261,260.94,260.89,260.83,260.78,260.72,260.67,260.61,260.56,260.5,260.45,260.39,260.34,260.28,260.23,260.18,260.12,260.07,260.02,259.96,259.91,259.86,259.8,259.75,259.7,259.65,259.59,259.54,259.49,259.44,259.39,259.33,259.28,259.23,259.18,259.13,259.08,259.03
262.02,261.96,261.9,261.85,261.79,261.73,261.68,261.62,261.56,261.51,261.45,261.4,261.34,261.28,261.23,261.17,261.12,261.06,261,260.95,260.89,260.84,260.78,260.73,260.67,260.62,260.56,260.51,260.45,260.4,260.34,260.29,260.24,260.18,260.13,260.08,260.02,259.97,259.92,259.86,259.81,259.76,259.7,259.65,259.6,259.55,259.49,259.44,259.39,259.34,259.29,259.24,259.19,259.13,259.08,259.03,258.98,258.93,258.88,258.83
261.79,261.74,261.68,261.62,261.57,261.51,261.45,261.4,261.34,261.29,261.23,261.18,261.12,261.07,261.01,260.95,260.9,260.84,260.79,260.73,260.68,260.62,260.57,260.52,260.46,260.41,260.35,260.3,260.25,260.19,260.14,260.08,260.03,259.98,259.92,259.87,259.82,259.77,259.71,259.66,259.61,259.56,259.5,259.45,259.4,259.35,259.3,259.25,259.19,259.14,259.09,259.04,258.99,258.94,258.89,258.84,258.79,258.74,258.69,258.64
261.57,261.52,261.46,261.4,261.35,261.29,261.24,261.18,261.13,261.07,261.02,260.96,260.91,260.85,260.8,260.74,260.69,260.63,260.58,260.53,260.47,260.42,260.36,260.31,260.26,260.2,260.15,260.1,260.04,259.99,259.94,259.88,259.83,259.78,259.72,259.67,259.62,259.57,259.52,259.46,259.41,259.36,259.31,259.26,259.21,259.15,259.1,259.05,259,258.95,258.9,258.85,258.8,258.75,258.7,258.65,258.6,258.55,258.5,258.45
261.36,261.3,261.25,261.19,261.14,261.08,261.03,260.97,260.92,260.86,260.81,260.75,260.7,260.65,260.59,260.54,260.48,260.43,260.38,260.32,260.27,260.21,260.16,260.11,260.05,260,259.95,259.9,259.84,259.79,259.74,259.69,259.63,259.58,259.53,259.48,259.43,259.37,259.32,259.27,259.22,259.17,259.12,259.07,259.02,258.97,258.91,258.86,258.81,258.76,258.71,258.67,258.62,258.57,258.52,258.47,258.42,258.37,258.32,258.27
261.15,261.09,261.04,260.98,260.93,260.87,260.82,260.77,260.71,260.66,260.6,260.55,260.5,260.44,260.39,260.34,260.28,260.23,260.18,260.12,260.07,260.02,259.96,259.91,259.86,259.81,259.75,259.7,259.65,259.6,259.55,259.49,259.44,259.39,259.34,259.29,259.24,259.19,259.13,259.08,259.03,258.98,258.93,258.88,258.83,258.78,258.73,258.68,258.63,258.58,258.53,258.48,258.43,258.39,258.34,258.29,258.24,258.19,258.14,258.1
260.94,260.89,260.83,260.78,260.73,260.67,260.62,260.57,260.51,260.46,260.4,260.35,260.3,260.25,260.19,260.14,260.09,260.03,259.98,259.93,259.88,259.82,259.77,259.72,259.67,259.62,259.56,259.51,259.46,259.41,259.36,259.31,259.25,259.2,259.15,259.1,259.05,259,258.95,258.9,258.85,258.8,258.75,258.7,258.65,258.6,258.55,258.5,258.45,258.4,258.36,258.31,258.26,258.21,258.16,258.11,258.06,258.02,257.97,257.92
260.74,260.69,260.64,260.58,260.53,260.47,260.42,260.37,260.32,260.26,260.21,260.16,260.11,260.05,260,259.95,259.9,259.84,259.79,259.74,259.69,259.64,259.58,259.53,259.48,259.43,259.38,259.33,259.28,259.22,259.17,259.12,259.07,259.02,258.97,258.92,258.87,258.82,258.77,258.72,258.67,258.62,258.57,258.52,258.47,258.42,258.38,258.33,258.28,258.23,258.18,258.13,258.09,258.04,257.99,257.94,257.89,257.85,257.8,257.75
