-10,-9.322,-8.6441,-7.9661,-7.2881,-6.6102,-5.9322,-5.2542,-4.5763,-3.8983,-3.2203,-2.5424,-1.8644,-1.1864,-0.50847,0.16949,0.84746,1.5254,2.2034,2.8814,3.5593,4.2373,4.9153,5.5932,6.2712,6.9492,7.6271,8.3051,8.9831,9.661,10.339,11.017,11.695,12.373,13.051,13.729,14.407,15.085,15.763,16.441,17.119,17.797,18.475,19.153,19.831,20.508,21.186,21.864,22.542,23.22,23.898,24.576,25.254,25.932,26.61,27.288,27.966,28.644,29.322,30
0,0.00042373,0.00084746,0.0012712,0.0016949,0.0021186,0.0025424,0.0029661,0.0033898,0.0038136,0.0042373,0.004661,0.0050847,0.0055085,0.0059322,0.0063559,0.0067797,0.0072034,0.0076271,0.0080508,0.0084746,0.0088983,0.009322,0.0097458,0.010169,0.010593,0.011017,0.011441,0.011864,0.012288,0.012712,0.013136,0.013559,0.013983,0.014407,0.014831,0.015254,0.015678,0.016102,0.016525,0.016949,0.017373,0.017797,0.01822,0.018644,0.019068,0.019492,0.019915,0.020339,0.020763,0.021186,0.02161,0.022034,0.022458,0.022881,0.023305,0.023729,0.024153,0.024576,0.025
212.16,211.24,210.32,209.41,208.51,207.61,206.71,205.8,204.87,203.91,202.91,201.91,200.92,199.94,198.98,198.01,197.02,196,194.95,193.9,192.86,191.82,190.78,189.72,176.56,175.53,174.51,173.48,172.45,171.41,170.38,169.34,168.3,167.26,166.24,165.21,164.18,163.15,162.12,161.09,160.07,159.06,158.06,157.05,156.05,155.05,154.07,153.09,152.12,151.15,150.2,149.25,148.32,147.4,146.48,145.58,144.7,143.82,142.97,142.12
218.15,217.33,216.51,215.68,214.84,213.98,213.12,212.26,211.39,210.52,209.65,208.78,207.91,207.02,206.12,205.2,204.25,203.3,202.35,201.41,200.48,199.56,198.63,197.68,196.71,195.69,194.66,193.64,192.62,191.62,190.63,189.62,176.53,175.51,174.48,173.45,172.42,171.38,170.34,169.3,168.26,167.22,166.18,165.14,164.1,163.05,162.01,160.96,159.92,158.89,157.86,156.83,155.8,154.77,153.74,152.73,151.72,150.72,149.72,148.73
158.72,161.1,221.27,220.49,219.71,218.92,218.13,217.34,216.54,215.72,214.91,214.08,213.25,212.42,211.59,210.75,209.91,209.06,208.2,207.33,206.45,205.56,204.66,203.76,202.87,201.97,201.07,200.16,199.24,198.31,197.35,196.37,195.39,194.41,193.43,192.47,191.52,190.55,189.57,188.54,187.48,186.42,185.36,184.32,171.55,170.52,169.48,168.44,167.4,166.36,165.31,164.27,163.22,162.16,161.11,160.07,159.02,157.98,156.93,155.88
149.2,149.43,149.73,150.12,150.64,151.28,152.07,153.06,154.29,155.96,158.54,218.25,217.48,216.7,215.92,215.12,214.32,213.51,212.7,211.89,211.07,210.26,209.43,208.6,207.76,206.91,206.05,205.19,204.33,203.46,202.59,201.71,200.83,199.94,199.03,198.11,197.18,196.25,195.31,194.38,193.45,192.51,191.56,190.6,189.61,188.59,187.57,186.55,185.54,184.55,183.55,182.56,181.54,168.9,167.87,166.83,165.79,164.75,163.7,162.65
146.93,146.73,146.58,146.47,146.4,146.39,146.43,146.55,146.73,146.98,147.32,147.74,148.24,148.87,149.62,150.57,151.75,153.39,156.07,215.59,214.81,214.01,213.22,212.42,211.63,210.83,210.04,209.24,208.44,207.62,206.79,205.96,205.12,204.27,203.43,202.58,201.72,200.87,200,199.12,198.23,197.33,196.43,195.53,194.62,193.71,192.79,191.87,190.92,189.97,189,188.02,187.05,186.08,185.1,184.13,183.14,182.14,169.77,168.75
147.77,147.28,146.82,146.4,146.01,145.65,145.34,145.07,144.83,144.65,144.51,144.42,144.38,144.4,144.47,144.6,144.8,145.07,145.43,145.87,146.44,147.15,148.08,149.29,151.02,153.96,213.3,212.52,211.74,210.96,210.19,209.42,208.64,207.87,207.08,206.27,205.45,204.62,203.78,202.95,202.11,201.28,200.45,199.61,198.76,197.9,197.02,196.14,195.26,194.37,193.48,192.58,191.68,190.77,189.85,188.91,187.97,187.02,186.07,185.12
150.82,150.09,149.38,148.7,148.05,147.43,146.85,146.29,145.77,145.28,144.83,144.42,144.04,143.7,143.4,143.15,142.95,142.79,142.68,142.62,142.62,142.68,142.8,143,143.27,143.65,144.13,144.76,145.58,146.63,148.07,150.19,211.62,210.86,210.1,209.34,208.57,207.81,207.04,206.26,205.47,204.68,203.86,203.04,202.21,201.39,200.56,199.74,198.92,198.1,197.28,196.46,195.61,194.75,193.87,192.98,192.09,191.2,190.32,189.43
155.9,154.97,154.07,153.19,152.33,151.49,150.66,149.86,149.08,148.33,147.61,146.92,146.26,145.64,145.05,144.5,143.98,143.5,143.05,142.65,142.28,141.96,141.68,141.44,141.26,141.13,141.06,141.05,141.09,141.22,141.41,141.7,142.08,142.59,143.24,144.12,145.27,146.9,149.69,209.23,208.48,207.72,206.95,206.19,205.42,204.65,203.88,203.1,202.32,201.52,200.72,199.91,199.1,198.28,197.46,196.63,195.81,194.99,194.16,193.34
215.9,214.99,214.08,213.17,212.2,211.24,210.23,209.3,208.35,207.39,206.41,205.42,204.39,203.35,202.3,201.25,200.2,199.15,198.09,197.01,195.9,194.75,193.6,192.47,191.35,190.16,189.06,187.93,174.63,173.5,172.36,171.22,170.08,168.93,167.77,166.62,165.47,164.31,163.15,161.99,160.83,159.68,158.53,157.39,156.24,155.11,153.97,152.86,151.76,150.67,149.58,148.5,147.44,146.41,145.39,144.38,143.39,142.42,141.48,140.55
211.77,210.79,209.83,208.85,207.77,206.79,205.77,204.71,203.66,202.61,201.55,200.49,199.41,198.3,197.15,195.97,194.77,193.59,192.44,191.3,190.16,188.99,175.6,174.45,173.3,172.14,170.97,169.81,168.65,167.48,166.31,165.15,163.98,162.81,161.65,160.5,159.35,158.21,157.07,155.94,154.82,153.71,152.62,151.54,150.47,149.41,148.36,147.34,146.34,145.35,144.38,143.43,142.5,141.59,140.71,139.86,139.03,138.22,137.45,136.71
208.25,207.18,206.14,205.06,203.92,202.89,201.82,200.73,199.63,198.5,197.33,196.13,194.93,193.74,192.57,191.4,190.23,189.01,175.42,174.26,173.1,171.95,170.82,169.64,168.46,167.28,166.1,164.92,163.75,162.59,161.43,160.29,159.15,158.01,156.88,155.76,154.66,153.57,152.49,151.43,150.37,149.33,148.31,147.31,146.32,145.35,144.41,143.48,142.58,141.7,140.85,140.03,139.24,138.48,137.75,137.06,136.41,135.8,135.23,134.7
205.04,203.92,202.82,201.69,200.58,199.49,198.36,197.12,195.88,194.65,193.45,192.26,191.09,189.9,176.15,174.98,173.81,172.65,171.48,170.31,169.14,167.95,166.77,165.56,164.39,163.21,162.03,160.88,159.74,158.6,157.44,156.33,155.23,154.15,153.09,152.03,150.99,149.96,148.95,147.96,146.99,146.02,145.07,144.15,143.25,142.37,141.53,140.71,139.93,139.19,138.49,137.82,137.18,136.59,136.04,135.53,135.07,134.65,134.29,133.98
202.21,201.02,199.91,198.68,197.5,196.29,195.08,193.89,192.66,191.39,190.15,176.26,175.09,173.92,172.75,171.58,170.4,169.21,168.03,166.84,165.64,164.46,163.28,162.12,160.97,159.81,158.67,157.54,156.43,155.33,154.25,153.18,152.13,151.08,150.05,149.04,148.05,147.07,146.12,145.19,144.34,143.45,142.58,141.76,140.97,140.21,139.49,138.81,138.17,137.56,137,136.48,135.99,135.56,135.18,134.85,134.58,134.37,134.23,134.17
199.59,198.36,197.19,195.84,194.6,193.37,192.16,190.92,189.69,175.71,174.5,173.3,172.12,170.94,169.75,168.56,167.37,166.17,164.98,163.79,162.61,161.44,160.29,159.15,158.02,156.91,155.82,154.73,153.67,152.62,151.57,150.53,149.51,148.5,147.53,146.58,145.66,144.76,143.89,143.05,142.24,141.47,140.72,140,139.32,138.68,138.08,137.51,136.99,136.52,136.09,135.71,135.39,135.13,134.92,134.79,134.73,134.76,134.87,135.09
197.06,195.81,194.49,193.24,192.02,190.81,189.54,175.43,174.22,173.03,171.84,170.64,169.45,168.25,167.06,165.87,164.67,163.48,162.3,161.13,159.97,158.83,157.7,156.58,155.48,154.4,153.34,152.31,151.3,150.28,149.27,148.28,147.32,146.38,145.47,144.57,143.72,142.9,142.12,141.37,140.65,139.96,139.32,138.7,138.13,137.59,137.1,136.64,136.25,135.91,135.62,135.4,135.24,135.15,135.13,135.2,135.36,135.64,136.04,136.63
194.68,193.46,192.1,190.91,189.69,188.45,174.33,173.01,171.8,170.56,169.39,168.22,167.04,165.84,164.65,163.46,162.27,161.1,159.94,158.81,157.68,156.57,155.47,154.39,153.34,152.31,151.29,150.28,149.29,148.27,147.31,146.4,145.49,144.61,143.77,142.96,142.19,141.44,140.73,140.05,139.41,138.81,138.25,137.72,137.26,136.82,136.43,136.1,135.83,135.62,135.49,135.41,135.41,135.49,135.66,135.94,136.35,136.95,137.77,139.01
192.52,191.32,189.98,188.74,187.48,173.31,172.08,170.78,169.58,168.39,167.12,165.98,164.86,163.7,162.51,161.31,160.14,158.99,157.86,156.75,155.66,154.58,153.52,152.48,151.45,150.43,149.42,148.44,147.51,146.57,145.65,144.78,143.94,143.13,142.35,141.61,140.9,140.23,139.6,139,138.44,137.9,137.42,136.99,136.61,136.28,136,135.79,135.64,135.55,135.53,135.61,135.77,136.03,136.42,136.99,137.78,138.9,140.58,144.02
190.54,189.33,188.01,173.62,172.49,171.24,170.01,168.77,167.56,166.36,165.21,164.03,162.87,161.75,160.59,159.39,158.22,157.09,155.99,154.91,153.84,152.79,151.76,150.74,149.73,148.74,147.77,146.85,145.98,145.09,144.23,143.41,142.63,141.88,141.17,140.49,139.84,139.23,138.65,138.12,137.63,137.19,136.79,136.45,136.16,135.93,135.76,135.65,135.61,135.64,135.76,135.97,136.31,136.79,137.5,138.46,139.8,141.83,202.94,202.2
188.77,187.44,186.06,171.75,170.59,169.33,168.1,166.9,165.7,164.51,163.35,162.19,161.03,159.85,158.75,157.59,156.47,155.37,154.29,153.23,152.19,151.17,150.17,149.17,148.19,147.24,146.32,145.43,144.61,143.78,142.98,142.22,141.49,140.8,140.13,139.51,138.91,138.36,137.86,137.39,136.98,136.61,136.3,136.04,135.83,135.71,135.63,135.63,135.7,135.85,136.08,136.45,136.96,137.72,138.75,140.23,142.65,203.06,202.31,201.56
186.95,185.64,171.22,170.01,168.81,167.56,166.31,165.14,163.97,162.8,161.64,160.46,159.34,158.23,157.09,155.94,154.85,153.77,152.72,151.69,150.69,149.71,148.73,147.77,146.84,145.93,145.04,144.19,143.4,142.62,141.87,141.16,140.48,139.84,139.22,138.65,138.11,137.63,137.18,136.79,136.44,136.15,135.9,135.72,135.6,135.54,135.55,135.64,135.81,136.09,136.51,137.07,137.85,138.89,140.35,142.73,203.27,202.51,201.76,200.99
185.2,170.82,169.54,168.26,167.15,165.94,164.71,163.49,162.33,161.18,160.03,158.82,157.73,156.65,155.59,154.48,153.34,152.28,151.26,150.27,149.3,148.35,147.42,146.5,145.6,144.73,143.88,143.07,142.3,141.57,140.87,140.21,139.58,138.98,138.41,137.89,137.42,136.98,136.6,136.27,135.99,135.75,135.58,135.46,135.41,135.44,135.54,135.74,136.03,136.46,137.01,137.77,138.76,140.15,142.33,203.53,202.77,202,201.23,200.45
170.34,169.19,168.05,166.74,165.55,164.4,163.11,161.93,160.77,159.63,158.47,157.35,156.26,155.18,154.11,153.04,151.93,150.88,149.88,148.92,148,147.08,146.18,145.3,144.43,143.6,142.77,142.01,141.3,140.61,139.95,139.34,138.75,138.2,137.69,137.22,136.79,136.41,136.09,135.81,135.58,135.41,135.3,135.25,135.27,135.37,135.57,135.86,136.27,136.82,137.55,138.48,139.77,141.64,146.36,203.08,202.31,201.53,200.75,199.96
168.85,167.62,166.48,165.16,163.97,162.85,161.68,160.46,159.35,158.19,157.05,155.94,154.86,153.79,152.76,151.73,150.69,149.66,148.67,147.71,146.79,145.89,145,144.18,143.37,142.58,141.81,141.08,140.38,139.72,139.1,138.53,137.98,137.47,137.01,136.6,136.22,135.89,135.61,135.39,135.21,135.09,135.06,135.09,135.16,135.33,135.61,135.98,136.49,137.14,137.99,139.14,140.75,143.54,203.42,202.64,201.86,201.07,200.28,199.51
167.4,166.15,164.97,163.75,162.48,161.39,160.26,159.06,157.92,156.78,155.68,154.61,153.56,152.47,151.42,150.39,149.38,148.37,147.44,146.55,145.66,144.79,143.94,143.12,142.34,141.57,140.85,140.16,139.53,138.91,138.34,137.78,137.28,136.81,136.4,136.02,135.69,135.41,135.18,135,134.88,134.83,134.83,134.91,135.06,135.29,135.65,136.1,136.69,137.47,138.47,139.88,142.03,203.8,203.02,202.23,201.45,200.67,199.89,199.09
165.95,164.74,163.47,162.29,161.21,159.99,158.83,157.65,156.58,155.48,154.37,153.29,152.25,151.21,150.18,149.17,148.2,147.26,146.35,145.46,144.58,143.76,142.94,142.13,141.38,140.67,140,139.33,138.71,138.13,137.58,137.08,136.61,136.19,135.81,135.48,135.19,134.95,134.77,134.64,134.57,134.56,134.65,134.79,135,135.27,135.65,136.21,136.93,137.87,139.09,140.72,143.42,203.46,202.68,201.89,201.09,200.27,199.44,198.61
164.54,163.35,162.09,160.97,159.8,158.64,157.49,156.39,155.3,154.24,153.09,152.03,151.01,150,149.01,148.03,147.08,146.17,145.28,144.4,143.55,142.73,141.95,141.2,140.49,139.81,139.16,138.52,137.94,137.39,136.88,136.41,135.99,135.6,135.26,134.97,134.71,134.51,134.38,134.3,134.28,134.31,134.4,134.58,134.85,135.22,135.7,136.32,137.12,138.25,139.7,141.48,145.09,203.13,202.29,201.48,200.68,199.87,199.07,198.25
163.16,161.99,160.8,159.63,158.45,157.32,156.18,155.09,154,152.95,151.87,150.8,149.82,148.83,147.81,146.93,145.99,145.08,144.2,143.35,142.54,141.76,141,140.28,139.6,138.97,138.36,137.78,137.22,136.7,136.21,135.77,135.38,135.04,134.73,134.46,134.26,134.1,134,133.95,133.96,134.03,134.18,134.41,134.74,135.17,135.7,136.37,137.25,138.36,139.91,142.33,203.53,202.73,201.92,201.11,200.3,199.49,198.68,197.85
161.8,160.62,159.45,158.34,157.12,156.01,154.89,153.79,152.77,151.69,150.65,149.59,148.62,147.68,146.74,145.87,144.92,144.04,143.2,142.37,141.59,140.85,140.14,139.45,138.79,138.16,137.57,137.01,136.49,136,135.55,135.16,134.8,134.49,134.21,133.99,133.82,133.7,133.63,133.61,133.67,133.78,133.97,134.24,134.62,135.12,135.71,136.45,137.38,138.55,140.19,142.97,203.19,202.38,201.58,200.78,199.98,199.17,198.33,197.47
160.44,159.29,158.15,157.01,155.85,154.74,153.67,152.51,151.51,150.52,149.53,148.49,147.53,146.57,145.65,144.74,143.87,143.04,142.2,141.43,140.64,139.97,139.27,138.58,137.95,137.36,136.8,136.28,135.79,135.34,134.93,134.56,134.23,133.95,133.71,133.52,133.38,133.29,133.25,133.27,133.36,133.51,133.75,134.07,134.49,135.02,135.64,136.42,137.43,138.8,140.74,144.37,202.86,202.03,201.22,200.43,199.6,198.73,197.88,197.03
159.17,157.99,156.81,155.74,154.62,153.52,152.46,151.4,150.35,149.33,148.33,147.35,146.4,145.52,144.6,143.73,142.86,142.05,141.27,140.52,139.77,139.08,138.41,137.76,137.16,136.59,136.06,135.57,135.12,134.7,134.31,133.98,133.68,133.43,133.22,133.05,132.93,132.89,132.87,132.91,133.03,133.21,133.5,133.89,134.38,134.99,135.68,136.53,137.59,139.06,141.23,203.34,202.52,201.7,200.87,200.04,199.2,198.35,197.49,196.62
157.88,156.7,155.58,154.48,153.37,152.28,151.23,150.19,149.16,148.17,147.2,146.25,145.34,144.43,143.55,142.7,141.87,141.07,140.28,139.61,138.92,138.25,137.6,136.97,136.38,135.85,135.35,134.89,134.46,134.06,133.71,133.4,133.14,132.91,132.74,132.6,132.51,132.48,132.51,132.62,132.8,133.05,133.34,133.71,134.18,134.78,135.52,136.48,137.66,139.26,141.62,203.02,202.19,201.36,200.51,199.66,198.81,197.95,197.09,196.23
156.62,155.41,154.34,153.24,152.13,151.09,150.05,149.1,148.02,147.02,146.1,145.19,144.27,143.41,142.57,141.75,140.91,140.13,139.4,138.7,138.01,137.37,136.75,136.17,135.61,135.11,134.64,134.2,133.8,133.44,133.12,132.84,132.6,132.41,132.26,132.16,132.1,132.11,132.16,132.3,132.47,132.71,133.04,133.47,134.01,134.67,135.45,136.44,137.67,139.35,141.94,202.67,201.86,201.01,200.15,199.27,198.39,197.52,196.65,195.78
155.28,154.16,153.11,152.06,150.92,149.86,148.88,147.86,146.9,145.9,144.98,144.11,143.25,142.4,141.51,140.72,139.95,139.2,138.48,137.8,137.16,136.57,135.95,135.39,134.88,134.4,133.95,133.54,133.17,132.83,132.54,132.28,132.07,131.89,131.78,131.7,131.69,131.72,131.81,131.95,132.15,132.44,132.8,133.26,133.79,134.5,135.38,136.33,137.61,139.38,142.23,202.31,201.44,200.59,199.75,198.91,198.05,197.17,196.26,195.32
154.01,152.92,151.78,150.79,149.71,148.65,147.69,146.7,145.74,144.78,143.86,143.04,142.17,141.33,140.51,139.73,139,138.29,137.6,136.94,136.32,135.73,135.16,134.63,134.14,133.68,133.27,132.88,132.54,132.23,131.96,131.73,131.54,131.4,131.29,131.24,131.26,131.34,131.45,131.62,131.85,132.16,132.56,133.03,133.64,134.35,135.23,136.31,137.62,139.53,142.6,201.94,201.08,200.22,199.35,198.47,197.57,196.66,195.75,194.85
152.73,151.65,150.63,149.51,148.5,147.5,146.49,145.56,144.62,143.72,142.79,141.97,141.13,140.32,139.53,138.79,138.08,137.39,136.72,136.1,135.5,134.93,134.4,133.89,133.42,132.99,132.6,132.24,131.92,131.64,131.4,131.19,131.04,130.92,130.85,130.83,130.87,130.95,131.08,131.28,131.54,131.88,132.31,132.83,133.42,134.14,135.01,136.13,137.51,139.5,143.05,201.52,200.68,199.8,198.92,198.02,197.11,196.2,195.29,194.38
151.46,150.4,149.36,148.31,147.31,146.31,145.38,144.43,143.5,142.63,141.79,140.93,140.11,139.33,138.57,137.84,137.13,136.5,135.86,135.24,134.66,134.12,133.62,133.14,132.7,132.3,131.93,131.6,131.3,131.04,130.83,130.67,130.54,130.41,130.36,130.39,130.45,130.55,130.7,130.91,131.19,131.59,132.05,132.58,133.19,133.99,134.93,136.11,137.63,139.68,143.18,201.17,200.26,199.36,198.46,197.54,196.61,195.71,194.78,193.85
150.19,149.14,148.11,147.1,146.13,145.18,144.19,143.33,142.4,141.54,140.7,139.89,139.14,138.34,137.61,136.89,136.24,135.6,134.99,134.41,133.85,133.33,132.85,132.41,132,131.62,131.28,130.97,130.7,130.47,130.28,130.13,130.02,129.95,129.93,129.96,130.04,130.17,130.35,130.6,130.91,131.31,131.78,132.37,132.99,133.79,134.77,135.88,137.53,139.89,143.58,200.71,199.81,198.89,197.96,197.04,196.12,195.19,194.24,193.28
148.92,147.87,146.87,145.89,144.95,144.03,143.14,142.18,141.36,140.46,139.65,138.87,138.1,137.36,136.65,135.99,135.35,134.75,134.14,133.58,133.06,132.57,132.11,131.69,131.3,130.95,130.63,130.35,130.1,129.89,129.73,129.6,129.51,129.47,129.47,129.52,129.63,129.77,129.97,130.24,130.58,131.01,131.51,132.09,132.73,133.6,134.62,135.86,137.48,139.62,143.89,200.24,199.32,198.4,197.46,196.53,195.59,194.63,193.68,192.69
147.66,146.65,145.61,144.69,143.76,142.84,141.96,141.09,140.24,139.41,138.59,137.83,137.12,136.39,135.71,135.08,134.45,133.86,133.3,132.77,132.27,131.81,131.38,130.98,130.61,130.28,129.99,129.73,129.5,129.32,129.18,129.08,129.02,129,129.02,129.1,129.22,129.37,129.57,129.85,130.21,130.69,131.26,131.92,132.62,133.42,134.42,135.71,137.39,139.92,144.68,199.75,198.81,197.86,196.91,195.98,195,194.06,193.04,192.05
146.4,145.42,144.42,143.5,142.59,141.68,140.84,139.96,139.14,138.34,137.58,136.85,136.13,135.44,134.78,134.15,133.57,133.02,132.46,131.96,131.48,131.05,130.64,130.27,129.93,129.62,129.35,129.13,128.93,128.76,128.64,128.56,128.53,128.55,128.58,128.65,128.77,128.95,129.26,129.59,129.96,130.43,130.95,131.57,132.31,133.2,134.27,135.54,137.2,139.55,144.41,199.21,198.26,197.3,196.35,195.38,194.4,193.4,192.39,191.39
145.14,144.18,143.25,142.32,141.39,140.55,139.7,138.87,138.08,137.31,136.57,135.85,135.16,134.5,133.86,133.27,132.7,132.16,131.64,131.16,130.72,130.3,129.92,129.57,129.25,128.97,128.73,128.52,128.35,128.21,128.1,128.05,128.04,128.08,128.11,128.21,128.41,128.63,128.91,129.24,129.62,130.09,130.65,131.32,132.08,132.97,134.01,135.36,137.05,139.43,144.93,198.63,197.67,196.72,195.75,194.77,193.75,192.72,191.68,190.65
143.89,142.95,142.05,141.15,140.26,139.42,138.59,137.78,136.99,136.28,135.58,134.88,134.22,133.58,132.96,132.36,131.81,131.32,130.83,130.38,129.95,129.56,129.2,128.88,128.59,128.33,128.11,127.91,127.77,127.64,127.56,127.54,127.55,127.59,127.67,127.8,128,128.24,128.53,128.95,129.3,129.79,130.39,131.06,131.82,132.7,133.79,135.14,136.94,139.49,198.98,198.03,197.06,196.08,195.07,194.06,193.03,191.99,190.96,189.92
142.68,141.74,140.85,140.02,139.11,138.3,137.48,136.7,135.93,135.2,134.55,133.89,133.25,132.62,132.04,131.49,130.97,130.49,130.02,129.6,129.2,128.83,128.5,128.2,127.92,127.7,127.49,127.32,127.2,127.09,127.06,127.05,127.07,127.14,127.23,127.39,127.61,127.87,128.2,128.57,128.97,129.48,130.08,130.82,131.69,132.61,133.64,134.93,136.75,139.52,198.36,197.4,196.41,195.38,194.32,193.29,192.27,191.24,190.17,189.09
141.44,140.54,139.7,138.82,137.97,137.16,136.39,135.63,134.91,134.21,133.55,132.91,132.29,131.7,131.15,130.63,130.13,129.67,129.23,128.82,128.45,128.11,127.8,127.52,127.28,127.07,126.89,126.75,126.64,126.54,126.52,126.55,126.6,126.68,126.79,126.97,127.22,127.47,127.8,128.19,128.64,129.19,129.82,130.59,131.33,132.28,133.43,134.85,136.64,139.22,197.69,196.69,195.66,194.66,193.56,192.52,191.48,190.4,189.33,188.25
140.21,139.33,138.5,137.63,136.83,136.05,135.31,134.57,133.88,133.22,132.57,131.95,131.36,130.8,130.26,129.77,129.3,128.85,128.44,128.06,127.71,127.4,127.11,126.85,126.63,126.45,126.3,126.17,126.06,126,126.03,126.05,126.11,126.2,126.37,126.56,126.81,127.09,127.44,127.86,128.34,128.88,129.56,130.24,131.07,132.04,133.18,134.69,136.7,139.04,196.98,195.97,194.9,193.81,192.79,191.72,190.65,189.53,188.4,187.29
139.01,138.13,137.3,136.48,135.71,134.96,134.23,133.52,132.84,132.2,131.62,131,130.43,129.89,129.38,128.93,128.47,128.05,127.67,127.31,126.99,126.69,126.43,126.19,126,125.83,125.7,125.6,125.53,125.5,125.52,125.56,125.66,125.77,125.92,126.15,126.41,126.7,127.09,127.49,128.01,128.61,129.28,129.98,130.81,131.81,133.05,134.54,136.36,138.87,196.19,195.13,194.07,193.02,191.93,190.82,189.71,188.57,187.4,186.33
137.78,136.93,136.14,135.36,134.61,133.88,133.18,132.49,131.83,131.19,130.62,130.06,129.52,129.01,128.53,128.08,127.66,127.27,126.9,126.57,126.27,125.99,125.75,125.55,125.37,125.22,125.11,125.03,124.98,124.98,125.02,125.08,125.17,125.3,125.48,125.74,126.06,126.34,126.72,127.17,127.7,128.27,128.93,129.68,130.49,131.6,132.82,134.22,136.12,138.73,195.35,194.28,193.22,192.12,191,189.87,188.74,187.63,186.52,185.31
136.56,135.75,134.99,134.21,133.46,132.82,132.11,131.46,130.83,130.21,129.69,129.14,128.62,128.13,127.68,127.26,126.86,126.49,126.15,125.84,125.56,125.3,125.09,124.91,124.75,124.62,124.54,124.48,124.46,124.48,124.53,124.62,124.72,124.85,125.03,125.3,125.66,126.05,126.4,126.81,127.35,128.01,128.68,129.45,130.3,131.36,132.58,134.08,135.89,138.51,194.45,193.33,192.28,191.2,190.07,188.84,187.71,186.49,185.37,184.16
135.37,134.58,133.83,133.1,132.36,131.73,131.08,130.43,129.84,129.27,128.73,128.22,127.73,127.27,126.83,126.44,126.06,125.72,125.4,125.12,124.86,124.63,124.44,124.27,124.13,124.03,123.96,123.94,123.93,123.95,123.99,124.09,124.24,124.45,124.65,124.95,125.29,125.63,126.03,126.51,127.06,127.67,128.35,129.14,130.06,131.12,132.34,133.78,135.69,138.48,193.51,192.4,191.27,190.14,188.95,187.77,186.58,185.41,184.2,182.97
134.18,133.43,132.7,132,131.3,130.67,130.06,129.43,128.86,128.32,127.81,127.32,126.85,126.41,126.01,125.63,125.28,124.96,124.67,124.4,124.17,123.97,123.79,123.65,123.56,123.45,123.4,123.39,123.41,123.46,123.52,123.63,123.81,124.06,124.32,124.54,124.88,125.25,125.69,126.17,126.73,127.34,128.04,128.86,129.81,130.89,132.12,133.49,135.31,138.07,192.48,191.28,190.17,189.03,187.82,186.58,185.36,184.22,182.97,181.7
133,132.28,131.59,130.9,130.23,129.62,129.01,128.44,127.9,127.38,126.88,126.43,125.99,125.57,125.19,124.83,124.51,124.21,123.94,123.7,123.49,123.31,123.16,123.03,122.95,122.87,122.85,122.86,122.89,122.99,123.04,123.2,123.38,123.62,123.86,124.15,124.51,124.9,125.33,125.84,126.41,127.02,127.79,128.65,129.61,130.63,132,133.41,135.34,138.21,191.4,190.24,189.05,187.84,186.63,185.39,184.17,182.92,181.65,180.38
131.85,131.18,130.47,129.84,129.18,128.59,128.01,127.47,126.94,126.46,125.99,125.54,125.13,124.74,124.38,124.05,123.75,123.48,123.23,123.01,122.81,122.66,122.53,122.44,122.34,122.3,122.3,122.34,122.38,122.47,122.58,122.75,122.95,123.19,123.44,123.76,124.06,124.51,125,125.51,126.09,126.77,127.56,128.37,129.27,130.34,131.68,133.25,135.18,137.89,190.27,189.05,187.82,186.6,185.37,184.12,182.85,181.55,180.27,179
130.71,130.04,129.39,128.75,128.13,127.57,127.02,126.5,125.99,125.53,125.1,124.67,124.29,123.92,123.59,123.28,123,122.75,122.53,122.33,122.16,122.01,121.92,121.85,121.76,121.75,121.76,121.83,121.9,121.98,122.12,122.3,122.51,122.79,123.01,123.34,123.76,124.19,124.67,125.15,125.79,126.38,127.23,128.06,128.99,129.99,131.44,133.03,134.95,137.77,189.01,187.78,186.57,185.34,184.05,182.72,181.39,180.12,178.86,177.47
129.58,128.92,128.29,127.69,127.11,126.58,126.05,125.55,125.07,124.63,124.22,123.82,123.46,123.12,122.81,122.53,122.27,122.04,121.84,121.66,121.5,121.38,121.31,121.24,121.2,121.19,121.25,121.3,121.39,121.51,121.67,121.86,122.09,122.35,122.61,122.97,123.42,123.9,124.34,124.84,125.45,126.18,126.93,127.78,128.76,129.9,131.26,132.96,134.55,137.26,187.74,186.44,185.18,183.94,182.62,181.25,180,178.7,177.31,175.85
128.48,127.83,127.23,126.66,126.1,125.58,125.08,124.61,124.16,123.75,123.35,122.99,122.65,122.33,122.04,121.78,121.55,121.35,121.17,121.03,120.89,120.78,120.72,120.68,120.66,120.67,120.72,120.81,120.91,121.05,121.22,121.41,121.65,121.92,122.26,122.61,123.07,123.46,123.91,124.51,125.19,125.87,126.63,127.51,128.52,129.65,130.96,132.49,134.51,137.1,186.3,185.02,183.73,182.5,181.06,179.71,178.37,177,175.61,174.18
127.35,126.76,126.18,125.64,125.11,124.61,124.15,123.69,123.27,122.87,122.51,122.16,121.84,121.56,121.29,121.05,120.85,120.66,120.49,120.36,120.26,120.18,120.13,120.11,120.11,120.15,120.21,120.31,120.42,120.58,120.77,121,121.25,121.57,121.87,122.25,122.68,123.15,123.65,124.23,124.89,125.57,126.36,127.24,128.28,129.39,130.71,132.15,134.38,137.36,184.82,183.53,182.2,180.9,179.45,178.09,176.72,175.33,173.86,172.44
126.27,125.7,125.13,124.63,124.12,123.66,123.21,122.79,122.39,122.02,121.67,121.36,121.06,120.79,120.55,120.34,120.14,119.98,119.84,119.73,119.65,119.58,119.55,119.53,119.56,119.63,119.71,119.82,119.94,120.11,120.32,120.58,120.87,121.16,121.48,121.84,122.37,122.86,123.33,123.86,124.6,125.27,126.04,126.99,128.02,129.12,130.43,132.07,134.19,137.04,183.33,181.96,180.56,179.15,177.75,176.43,174.96,173.51,172.1,170.69
125.21,124.66,124.14,123.64,123.16,122.72,122.29,121.9,121.53,121.18,120.86,120.56,120.29,120.04,119.82,119.63,119.47,119.31,119.18,119.11,119.04,119.01,118.99,119.01,119.05,119.14,119.23,119.32,119.49,119.68,119.9,120.17,120.45,120.77,121.12,121.53,121.99,122.45,123,123.62,124.29,125,125.81,126.73,127.81,128.95,130.29,131.69,133.99,136.88,181.61,180.28,178.83,177.38,176,174.58,173.1,171.62,170.21,168.71
124.16,123.63,123.14,122.67,122.22,121.8,121.4,121.03,120.68,120.36,120.06,119.78,119.54,119.32,119.11,118.94,118.79,118.67,118.57,118.49,118.46,118.44,118.45,118.47,118.53,118.63,118.7,118.82,119.02,119.27,119.51,119.75,120.01,120.38,120.76,121.19,121.65,122.1,122.64,123.29,124.02,124.76,125.47,126.35,127.53,128.82,130.06,131.51,133.82,137.07,179.87,178.47,177.01,175.56,174.14,172.66,171.19,169.72,168.22,166.69
123.13,122.63,122.16,121.71,121.29,120.89,120.52,120.17,119.85,119.55,119.27,119.02,118.8,118.59,118.42,118.27,118.14,118.04,117.96,117.91,117.89,117.86,117.9,117.94,118.01,118.12,118.26,118.41,118.6,118.82,119.1,119.35,119.67,120.02,120.39,120.8,121.29,121.82,122.29,122.99,123.78,124.49,125.24,126.18,127.32,128.48,129.83,131.48,133.6,136.5,178.06,176.59,175.14,173.69,172.18,170.67,169.17,167.66,166.12,164.58
78.285,78.272,78.256,78.237,78.214,78.187,78.159,78.131,78.106,78.089,78.078,78.065,78.048,78.026,78,77.973,77.948,77.93,77.915,77.898,77.879,77.856,77.833,77.811,79.76,79.714,79.669,79.623,79.578,79.532,79.486,79.44,79.394,79.347,79.301,79.254,79.208,79.161,79.114,79.067,79.019,78.972,78.924,78.876,78.828,78.779,78.731,78.682,78.633,78.584,78.534,78.484,78.434,78.384,78.333,78.282,78.231,78.18,78.127,78.075
75.563,75.543,75.522,75.501,75.483,75.467,75.45,75.433,75.414,75.394,75.372,75.348,75.325,75.302,75.282,75.266,75.253,75.24,75.225,75.205,75.181,75.154,75.126,75.1,75.079,75.067,75.056,75.042,75.023,74.999,74.972,74.946,76.978,76.933,76.889,76.844,76.799,76.755,76.71,76.665,76.62,76.574,76.529,76.483,76.437,76.391,76.346,76.299,76.253,76.206,76.16,76.113,76.066,76.019,75.971,75.924,75.876,75.828,75.78,75.731
104.99,104.76,72.673,72.655,72.636,72.616,72.596,72.575,72.556,72.538,72.52,72.503,72.486,72.467,72.448,72.428,72.407,72.387,72.367,72.349,72.333,72.317,72.301,72.284,72.264,72.243,72.22,72.197,72.175,72.156,72.141,72.13,72.117,72.102,72.082,72.058,72.031,72.004,71.979,71.963,71.953,71.942,71.926,71.905,73.865,73.821,73.777,73.732,73.688,73.644,73.599,73.554,73.509,73.464,73.419,73.374,73.328,73.283,73.237,73.191
102.91,102.81,102.71,102.6,102.5,102.39,102.27,102.13,101.98,101.8,101.56,69.511,69.489,69.468,69.45,69.435,69.419,69.403,69.386,69.368,69.35,69.33,69.31,69.292,69.275,69.258,69.242,69.225,69.207,69.189,69.169,69.149,69.13,69.111,69.095,69.08,69.066,69.049,69.032,69.012,68.99,68.968,68.946,68.927,68.912,68.901,68.89,68.876,68.857,68.834,68.807,68.781,68.757,70.726,70.683,70.639,70.596,70.552,70.508,70.464
100.26,100.19,100.1,100.02,99.935,99.85,99.764,99.678,99.59,99.499,99.402,99.3,99.191,99.074,98.947,98.807,98.653,98.468,98.216,66.199,66.187,66.175,66.163,66.149,66.132,66.114,66.094,66.073,66.052,66.034,66.02,66.005,65.99,65.974,65.957,65.939,65.92,65.902,65.884,65.868,65.853,65.837,65.821,65.804,65.786,65.767,65.748,65.729,65.713,65.698,65.685,65.67,65.654,65.635,65.615,65.593,65.572,65.553,67.58,67.538
97.273,97.204,97.132,97.06,96.987,96.913,96.838,96.763,96.688,96.612,96.534,96.455,96.373,96.288,96.2,96.108,96.012,95.912,95.807,95.697,95.581,95.457,95.321,95.171,94.989,94.727,62.742,62.73,62.715,62.697,62.677,62.655,62.632,62.609,62.589,62.572,62.56,62.55,62.538,62.525,62.509,62.491,62.472,62.452,62.433,62.417,62.403,62.39,62.375,62.36,62.343,62.325,62.307,62.29,62.274,62.26,62.245,62.23,62.214,62.196
93.91,93.847,93.783,93.718,93.652,93.585,93.517,93.449,93.379,93.309,93.238,93.167,93.095,93.022,92.948,92.873,92.795,92.716,92.634,92.55,92.463,92.374,92.281,92.185,92.085,91.981,91.871,91.755,91.629,91.488,91.323,91.111,58.99,58.974,58.957,58.938,58.919,58.899,58.879,58.86,58.843,58.829,58.819,58.81,58.801,58.79,58.776,58.759,58.739,58.718,58.696,58.674,58.655,58.642,58.633,58.623,58.611,58.597,58.581,58.562
90.011,89.948,89.885,89.821,89.757,89.694,89.631,89.569,89.508,89.446,89.384,89.32,89.256,89.19,89.123,89.054,88.984,88.913,88.841,88.767,88.693,88.618,88.543,88.466,88.387,88.306,88.224,88.137,88.049,87.956,87.859,87.758,87.652,87.539,87.418,87.284,87.133,86.951,86.69,54.708,54.695,54.681,54.666,54.651,54.635,54.618,54.602,54.586,54.57,54.556,54.543,54.532,54.522,54.511,54.499,54.485,54.47,54.453,54.434,54.415
67.62,67.607,67.592,67.576,67.573,67.566,67.568,67.547,67.528,67.51,67.494,67.481,67.471,67.464,67.457,67.447,67.434,67.419,67.403,67.389,67.381,67.377,67.371,67.359,67.342,67.337,67.31,67.288,69.264,69.22,69.176,69.133,69.089,69.046,69.003,68.96,68.917,68.874,68.832,68.789,68.746,68.703,68.66,68.617,68.573,68.529,68.485,68.44,68.395,68.349,68.302,68.256,68.208,68.16,68.111,68.062,68.011,67.961,67.909,67.857
67.841,67.827,67.804,67.787,67.791,67.766,67.749,67.741,67.727,67.711,67.693,67.675,67.657,67.643,67.637,67.636,67.634,67.625,67.609,67.587,67.562,67.541,69.497,69.452,69.407,69.363,69.32,69.275,69.23,69.185,69.141,69.097,69.052,69.007,68.962,68.916,68.87,68.824,68.777,68.73,68.682,68.634,68.585,68.536,68.486,68.436,68.385,68.334,68.282,68.229,68.176,68.123,68.068,68.014,67.959,67.903,67.846,67.789,67.732,67.674
67.893,67.884,67.866,67.857,67.856,67.83,67.807,67.789,67.77,67.754,67.744,67.74,67.732,67.719,67.699,67.676,67.653,67.636,69.589,69.542,69.495,69.446,69.392,69.347,69.303,69.258,69.214,69.168,69.121,69.074,69.026,68.978,68.93,68.881,68.831,68.781,68.731,68.68,68.629,68.578,68.526,68.473,68.42,68.367,68.313,68.259,68.205,68.151,68.096,68.041,67.985,67.929,67.871,67.813,67.754,67.693,67.631,67.567,67.502,67.436
67.903,67.891,67.875,67.86,67.839,67.813,67.791,67.789,67.786,67.778,67.763,67.74,67.713,67.688,69.651,69.603,69.555,69.506,69.457,69.407,69.36,69.314,69.268,69.225,69.178,69.132,69.085,69.036,68.987,68.938,68.892,68.84,68.788,68.734,68.68,68.625,68.57,68.515,68.46,68.404,68.349,68.295,68.241,68.188,68.134,68.08,68.024,67.967,67.909,67.849,67.787,67.724,67.659,67.593,67.526,67.457,67.386,67.314,67.24,67.164
67.868,67.861,67.833,67.829,67.812,67.8,67.784,67.761,67.745,67.732,67.713,69.678,69.629,69.579,69.529,69.479,69.43,69.382,69.335,69.288,69.242,69.195,69.147,69.098,69.048,69.001,68.951,68.899,68.847,68.794,68.74,68.687,68.634,68.58,68.525,68.472,68.418,68.364,68.31,68.254,68.188,68.135,68.08,68.024,67.966,67.906,67.844,67.781,67.716,67.65,67.582,67.514,67.444,67.374,67.302,67.229,67.153,67.075,66.994,66.909
67.833,67.823,67.8,67.811,67.795,67.776,67.751,67.728,67.703,69.659,69.613,69.567,69.517,69.466,69.417,69.368,69.321,69.275,69.228,69.18,69.132,69.084,69.034,68.984,68.933,68.88,68.824,68.77,68.716,68.662,68.608,68.555,68.502,68.451,68.397,68.341,68.285,68.228,68.17,68.111,68.051,67.991,67.929,67.867,67.803,67.739,67.674,67.607,67.54,67.472,67.402,67.331,67.257,67.181,67.102,67.02,66.934,66.844,66.75,66.649
67.819,67.804,67.802,67.783,67.756,67.725,67.704,69.663,69.617,69.568,69.518,69.469,69.419,69.37,69.322,69.274,69.227,69.18,69.132,69.084,69.035,68.985,68.934,68.883,68.83,68.776,68.721,68.664,68.606,68.55,68.497,68.444,68.39,68.335,68.279,68.227,68.169,68.109,68.048,67.985,67.921,67.856,67.79,67.723,67.655,67.587,67.519,67.459,67.389,67.317,67.241,67.163,67.083,66.998,66.91,66.817,66.719,66.615,66.504,66.381
67.809,67.783,67.781,67.742,67.709,67.678,69.614,69.586,69.538,69.495,69.442,69.387,69.336,69.287,69.24,69.192,69.144,69.096,69.046,68.996,68.944,68.892,68.838,68.784,68.728,68.672,68.615,68.559,68.503,68.457,68.404,68.345,68.29,68.234,68.176,68.116,68.054,67.991,67.929,67.865,67.799,67.733,67.667,67.6,67.521,67.451,67.382,67.313,67.241,67.166,67.096,67.01,66.92,66.826,66.726,66.62,66.508,66.385,66.251,66.093
67.789,67.751,67.738,67.705,67.674,69.601,69.556,69.522,69.472,69.42,69.383,69.325,69.264,69.21,69.163,69.117,69.07,69.021,68.97,68.917,68.862,68.807,68.752,68.698,68.644,68.59,68.537,68.483,68.424,68.372,68.318,68.26,68.203,68.144,68.083,68.021,67.957,67.892,67.826,67.759,67.692,67.632,67.565,67.496,67.425,67.352,67.277,67.198,67.117,67.033,66.946,66.856,66.76,66.658,66.549,66.432,66.304,66.154,65.966,65.653
67.76,67.72,67.699,69.656,69.593,69.551,69.505,69.46,69.412,69.362,69.306,69.254,69.202,69.143,69.093,69.05,69.005,68.955,68.903,68.848,68.793,68.738,68.684,68.631,68.578,68.525,68.471,68.415,68.352,68.297,68.241,68.183,68.123,68.061,67.998,67.934,67.869,67.804,67.739,67.674,67.608,67.541,67.471,67.4,67.331,67.255,67.175,67.092,67.005,66.914,66.819,66.721,66.616,66.507,66.386,66.251,66.087,65.871,33.791,33.782
67.716,67.694,67.68,69.605,69.546,69.504,69.458,69.409,69.359,69.308,69.256,69.202,69.151,69.103,69.045,68.999,68.95,68.899,68.845,68.79,68.735,68.68,68.626,68.573,68.52,68.467,68.414,68.36,68.293,68.234,68.175,68.115,68.052,67.989,67.926,67.863,67.8,67.736,67.671,67.604,67.535,67.464,67.391,67.315,67.237,67.168,67.085,66.997,66.904,66.807,66.705,66.597,66.484,66.361,66.222,66.054,65.818,33.793,33.783,33.772
67.702,67.673,69.608,69.557,69.506,69.462,69.421,69.365,69.314,69.261,69.209,69.161,69.104,69.049,69.001,68.956,68.905,68.851,68.797,68.741,68.685,68.629,68.573,68.519,68.465,68.412,68.358,68.304,68.239,68.179,68.118,68.056,67.993,67.93,67.867,67.805,67.742,67.677,67.61,67.54,67.469,67.394,67.318,67.243,67.163,67.08,66.992,66.901,66.805,66.707,66.602,66.491,66.366,66.224,66.054,65.82,33.787,33.778,33.769,33.761
67.69,69.613,69.574,69.536,69.469,69.42,69.374,69.33,69.277,69.224,69.171,69.13,69.072,69.013,68.954,68.906,68.868,68.814,68.759,68.702,68.644,68.586,68.528,68.472,68.418,68.364,68.309,68.252,68.195,68.133,68.07,68.006,67.942,67.878,67.816,67.753,67.69,67.624,67.556,67.486,67.412,67.331,67.254,67.174,67.091,67.006,66.917,66.825,66.728,66.624,66.512,66.388,66.249,66.083,65.864,33.786,33.777,33.77,33.764,33.759
69.65,69.587,69.525,69.493,69.439,69.382,69.349,69.3,69.248,69.194,69.146,69.093,69.037,68.981,68.927,68.877,68.836,68.786,68.732,68.674,68.613,68.552,68.493,68.438,68.384,68.329,68.28,68.224,68.156,68.094,68.03,67.965,67.899,67.833,67.768,67.704,67.639,67.573,67.502,67.43,67.355,67.278,67.199,67.117,67.032,66.944,66.853,66.758,66.657,66.547,66.427,66.292,66.134,65.935,65.541,33.779,33.77,33.763,33.757,33.752
69.615,69.568,69.507,69.477,69.425,69.363,69.312,69.27,69.213,69.165,69.115,69.063,69.009,68.956,68.897,68.841,68.79,68.741,68.691,68.639,68.583,68.525,68.472,68.41,68.348,68.291,68.234,68.177,68.12,68.061,68.001,67.933,67.869,67.809,67.74,67.669,67.597,67.528,67.457,67.381,67.307,67.225,67.154,67.074,66.98,66.89,66.796,66.697,66.59,66.473,66.344,66.196,66.019,65.763,33.783,33.778,33.773,33.767,33.758,33.742
69.589,69.546,69.491,69.445,69.409,69.344,69.287,69.245,69.193,69.144,69.091,69.034,68.979,68.933,68.882,68.83,68.779,68.734,68.676,68.614,68.555,68.498,68.443,68.387,68.328,68.276,68.217,68.156,68.087,68.026,67.957,67.902,67.839,67.774,67.705,67.635,67.565,67.493,67.421,67.347,67.272,67.193,67.111,67.025,66.936,66.843,66.747,66.642,66.53,66.406,66.271,66.11,65.901,33.79,33.784,33.776,33.765,33.753,33.741,33.732
69.572,69.524,69.486,69.434,69.367,69.326,69.277,69.233,69.173,69.119,69.069,69.019,68.964,68.912,68.862,68.811,68.757,68.7,68.643,68.587,68.532,68.47,68.416,68.366,68.306,68.243,68.178,68.123,68.063,68.002,67.941,67.879,67.816,67.75,67.682,67.611,67.536,67.463,67.391,67.316,67.239,67.157,67.083,66.997,66.904,66.802,66.698,66.594,66.48,66.353,66.204,66.025,65.773,33.774,33.763,33.755,33.752,33.752,33.754,33.754
69.558,69.507,69.468,69.408,69.358,69.309,69.261,69.206,69.149,69.092,69.054,69.004,68.949,68.894,68.84,68.787,68.733,68.678,68.623,68.569,68.514,68.459,68.402,68.343,68.281,68.219,68.157,68.103,68.042,67.98,67.917,67.86,67.788,67.72,67.65,67.579,67.496,67.43,67.364,67.294,67.215,67.129,67.042,66.954,66.862,66.766,66.663,66.553,66.433,66.303,66.144,65.943,65.622,33.761,33.774,33.769,33.761,33.751,33.74,33.732
69.545,69.492,69.443,69.394,69.348,69.296,69.247,69.194,69.142,69.085,69.037,68.991,68.934,68.879,68.837,68.767,68.717,68.667,68.615,68.56,68.501,68.445,68.39,68.332,68.27,68.201,68.133,68.069,68.008,67.952,67.897,67.841,67.78,67.691,67.619,67.547,67.485,67.417,67.341,67.263,67.181,67.098,67.013,66.925,66.833,66.735,66.628,66.514,66.388,66.249,66.083,65.861,33.789,33.784,33.778,33.77,33.76,33.749,33.738,33.729
69.535,69.486,69.436,69.377,69.341,69.288,69.24,69.189,69.127,69.079,69.028,68.986,68.93,68.869,68.813,68.745,68.705,68.652,68.597,68.545,68.485,68.424,68.363,68.303,68.244,68.187,68.125,68.064,68.005,67.948,67.888,67.821,67.752,67.681,67.611,67.541,67.471,67.398,67.321,67.242,67.162,67.078,66.991,66.9,66.806,66.71,66.6,66.483,66.352,66.204,66.029,65.785,33.79,33.783,33.771,33.755,33.739,33.727,33.72,33.721
69.531,69.478,69.424,69.373,69.33,69.278,69.224,69.189,69.126,69.064,69.007,68.964,68.909,68.858,68.803,68.75,68.697,68.64,68.59,68.527,68.482,68.407,68.349,68.299,68.241,68.181,68.119,68.056,67.992,67.929,67.865,67.799,67.733,67.665,67.597,67.527,67.454,67.378,67.301,67.221,67.139,67.056,66.97,66.88,66.785,66.683,66.57,66.45,66.318,66.166,65.98,65.681,33.787,33.785,33.772,33.751,33.742,33.744,33.739,33.732
69.515,69.468,69.424,69.364,69.315,69.266,69.211,69.161,69.111,69.058,69.008,68.957,68.904,68.84,68.792,68.735,68.686,68.63,68.571,68.51,68.458,68.4,68.343,68.288,68.23,68.17,68.11,68.047,67.976,67.915,67.853,67.79,67.725,67.656,67.583,67.507,67.431,67.362,67.28,67.198,67.115,67.032,66.948,66.862,66.77,66.668,66.555,66.43,66.293,66.134,65.933,33.794,33.787,33.777,33.767,33.757,33.75,33.744,33.737,33.732
69.504,69.462,69.409,69.357,69.308,69.259,69.207,69.155,69.106,69.052,69.001,68.947,68.892,68.838,68.784,68.73,68.678,68.628,68.579,68.5,68.438,68.379,68.324,68.273,68.22,68.158,68.095,68.026,67.959,67.907,67.831,67.778,67.712,67.644,67.572,67.496,67.42,67.344,67.27,67.196,67.119,67.037,66.946,66.848,66.748,66.642,66.529,66.405,66.268,66.104,65.89,33.788,33.779,33.771,33.764,33.758,33.751,33.743,33.732,33.72
69.492,69.457,69.398,69.348,69.304,69.248,69.197,69.131,69.097,69.048,68.99,68.932,68.885,68.825,68.766,68.71,68.667,68.618,68.559,68.497,68.443,68.386,68.329,68.269,68.219,68.154,68.088,68.025,67.963,67.896,67.834,67.772,67.707,67.634,67.561,67.492,67.416,67.341,67.262,67.186,67.1,67.013,66.923,66.83,66.732,66.627,66.513,66.386,66.245,66.076,65.85,33.787,33.769,33.763,33.76,33.758,33.756,33.75,33.738,33.725
69.497,69.448,69.387,69.332,69.296,69.249,69.19,69.142,69.085,69.043,68.988,68.929,68.869,68.811,68.774,68.717,68.663,68.61,68.555,68.497,68.436,68.367,68.324,68.266,68.203,68.141,68.08,68.019,67.957,67.893,67.827,67.759,67.688,67.616,67.551,67.477,67.408,67.333,67.255,67.172,67.087,67.003,66.913,66.818,66.716,66.612,66.5,66.367,66.223,66.052,65.814,33.789,33.786,33.778,33.762,33.744,33.729,33.721,33.721,33.726
69.491,69.438,69.4,69.333,69.29,69.249,69.189,69.139,69.087,69.042,68.994,68.923,68.873,68.821,68.77,68.719,68.659,68.603,68.546,68.488,68.43,68.372,68.316,68.259,68.204,68.142,68.078,68.015,67.941,67.885,67.825,67.751,67.679,67.607,67.535,67.465,67.396,67.327,67.248,67.165,67.081,66.994,66.904,66.807,66.71,66.6,66.486,66.355,66.206,66.031,65.777,33.787,33.778,33.767,33.757,33.75,33.746,33.744,33.738,33.726
69.488,69.437,69.377,69.342,69.289,69.238,69.191,69.133,69.083,69.027,68.988,68.924,68.871,68.817,68.766,68.709,68.652,68.596,68.54,68.478,68.42,68.363,68.305,68.25,68.196,68.14,68.064,67.999,67.944,67.881,67.822,67.747,67.683,67.61,67.539,67.468,67.396,67.32,67.239,67.157,67.073,66.986,66.897,66.802,66.698,66.587,66.469,66.34,66.19,66.012,65.738,33.795,33.775,33.768,33.758,33.752,33.748,33.74,33.729,33.715
69.486,69.433,69.381,69.336,69.283,69.236,69.177,69.129,69.08,69.024,68.965,68.919,68.867,68.814,68.76,68.708,68.657,68.586,68.532,68.479,68.426,68.371,68.308,68.252,68.194,68.129,68.065,68.002,67.939,67.865,67.811,67.754,67.684,67.594,67.522,67.464,67.39,67.311,67.231,67.145,67.061,66.98,66.891,66.793,66.688,66.581,66.463,66.333,66.181,65.995,65.712,33.773,33.775,33.767,33.761,33.755,33.751,33.736,33.727,33.718
69.483,69.434,69.382,69.334,69.279,69.224,69.187,69.119,69.077,69.023,68.971,68.916,68.853,68.812,68.757,68.71,68.648,68.591,68.534,68.478,68.426,68.373,68.314,68.25,68.182,68.115,68.059,67.997,67.936,67.873,67.808,67.745,67.674,67.601,67.529,67.459,67.385,67.307,67.228,67.146,67.062,66.975,66.884,66.79,66.683,66.573,66.455,66.319,66.17,65.979,65.676,33.782,33.772,33.768,33.765,33.756,33.745,33.736,33.729,33.722
69.482,69.437,69.384,69.332,69.276,69.218,69.159,69.124,69.058,69.024,68.969,68.914,68.861,68.81,68.757,68.695,68.637,68.574,68.53,68.475,68.42,68.36,68.301,68.239,68.18,68.121,68.061,67.998,67.933,67.867,67.802,67.734,67.665,67.596,67.527,67.455,67.379,67.301,67.22,67.138,67.056,66.97,66.88,66.781,66.674,66.567,66.448,66.316,66.161,65.968,65.644,33.782,33.776,33.767,33.762,33.751,33.742,33.736,33.724,33.721
69.481,69.429,69.392,69.329,69.277,69.225,69.168,69.116,69.065,69.018,68.974,68.92,68.857,68.808,68.754,68.692,68.639,68.584,68.527,68.472,68.418,68.358,68.295,68.235,68.17,68.115,68.056,67.992,67.926,67.861,67.796,67.732,67.666,67.596,67.522,67.453,67.376,67.294,67.21,67.126,67.044,66.962,66.878,66.785,66.678,66.563,66.441,66.309,66.153,65.953,65.589,33.779,33.773,33.771,33.763,33.748,33.747,33.73,33.732,33.724
69.478,69.426,69.383,69.327,69.272,69.227,69.165,69.124,69.072,69.019,68.965,68.91,68.856,68.805,68.751,68.699,68.636,68.568,68.527,68.474,68.424,68.355,68.293,68.235,68.175,68.116,68.05,67.998,67.931,67.861,67.796,67.729,67.667,67.6,67.525,67.444,67.362,67.283,67.217,67.137,67.052,66.964,66.871,66.772,66.668,66.558,66.437,66.302,66.145,65.947,65.586,33.782,33.776,33.768,33.758,33.749,33.742,33.737,33.73,33.721
69.48,69.428,69.373,69.324,69.281,69.221,69.171,69.119,69.066,69.012,68.96,68.906,68.852,68.801,68.751,68.691,68.636,68.577,68.525,68.469,68.411,68.352,68.292,68.234,68.175,68.116,68.057,67.995,67.934,67.864,67.793,67.728,67.662,67.596,67.516,67.439,67.369,67.295,67.217,67.132,67.046,66.957,66.865,66.769,66.665,66.553,66.429,66.297,66.138,65.939,65.543,33.784,33.776,33.763,33.751,33.742,33.738,33.737,33.735,33.726
69.479,69.428,69.37,69.32,69.274,69.217,69.169,69.12,69.073,69.006,68.949,68.898,68.84,68.787,68.74,68.7,68.648,68.573,68.52,68.466,68.41,68.357,68.29,68.233,68.173,68.114,68.047,67.98,67.921,67.85,67.784,67.727,67.657,67.586,67.514,67.44,67.366,67.292,67.211,67.139,67.043,66.954,66.864,66.767,66.66,66.546,66.424,66.291,66.134,65.93,33.797,33.783,33.77,33.762,33.755,33.748,33.744,33.74,33.728,33.717
69.471,69.424,69.371,69.306,69.272,69.213,69.168,69.12,69.074,69.025,68.958,68.898,68.849,68.803,68.747,68.694,68.636,68.578,68.522,68.465,68.412,68.351,68.297,68.23,68.165,68.114,68.048,67.976,67.92,67.846,67.793,67.728,67.659,67.587,67.512,67.44,67.367,67.291,67.215,67.131,67.041,66.952,66.86,66.766,66.667,66.553,66.424,66.286,66.129,65.921,33.794,33.777,33.767,33.765,33.767,33.76,33.746,33.734,33.727,33.723
69.47,69.421,69.357,69.314,69.271,69.222,69.165,69.119,69.063,69.012,68.957,68.905,68.851,68.801,68.745,68.688,68.632,68.576,68.521,68.465,68.408,68.348,68.288,68.227,68.17,68.111,68.047,67.987,67.92,67.844,67.782,67.726,67.658,67.585,67.511,67.439,67.366,67.286,67.205,67.123,67.038,66.952,66.861,66.768,66.656,66.543,66.421,66.286,66.125,65.918,33.789,33.781,33.775,33.761,33.767,33.757,33.743,33.737,33.728,33.716
69.469,69.421,69.36,69.324,69.27,69.221,69.165,69.118,69.062,69.004,68.954,68.905,68.853,68.797,68.745,68.686,68.633,68.578,68.521,68.465,68.406,68.344,68.283,68.223,68.166,68.111,68.052,67.985,67.909,67.841,67.79,67.724,67.653,67.576,67.511,67.439,67.363,67.284,67.204,67.123,67.039,66.95,66.861,66.759,66.653,66.541,66.417,66.284,66.124,65.914,33.788,33.774,33.775,33.775,33.757,33.748,33.738,33.737,33.734,33.724
69.462,69.419,69.367,69.321,69.267,69.217,69.164,69.115,69.067,69.013,68.939,68.902,68.853,68.803,68.756,68.675,68.629,68.581,68.526,68.463,68.403,68.343,68.287,68.225,68.166,68.109,68.048,67.982,67.916,67.852,67.788,67.721,67.656,67.581,67.506,67.437,67.361,67.28,67.204,67.118,67.037,66.952,66.86,66.758,66.651,66.54,66.418,66.283,66.119,65.911,33.79,33.784,33.775,33.763,33.756,33.75,33.744,33.741,33.743,33.719
69.466,69.421,69.364,69.315,69.262,69.211,69.159,69.11,69.067,69.022,68.957,68.902,68.853,68.795,68.738,68.684,68.631,68.576,68.52,68.469,68.4,68.339,68.282,68.229,68.167,68.103,68.043,67.978,67.914,67.851,67.788,67.721,67.648,67.573,67.502,67.435,67.366,67.281,67.2,67.12,67.037,66.947,66.853,66.754,66.645,66.54,66.416,66.278,66.116,65.907,33.791,33.784,33.769,33.761,33.757,33.752,33.742,33.728,33.71,33.712
69.469,69.42,69.364,69.32,69.281,69.201,69.162,69.11,69.063,69.024,68.943,68.897,68.852,68.794,68.734,68.677,68.62,68.574,68.52,68.46,68.403,68.331,68.281,68.227,68.165,68.104,68.043,67.981,67.919,67.858,67.789,67.725,67.65,67.571,67.495,67.427,67.363,67.294,67.205,67.116,67.033,66.951,66.856,66.757,66.649,66.538,66.414,66.278,66.114,65.905,33.794,33.792,33.769,33.75,33.742,33.754,33.742,33.746,33.722,33.72
69.47,69.419,69.368,69.319,69.281,69.212,69.159,69.116,69.062,69.009,68.952,68.901,68.85,68.792,68.745,68.678,68.632,68.578,68.529,68.461,68.402,68.337,68.286,68.226,68.162,68.103,68.041,67.983,67.919,67.847,67.775,67.706,67.642,67.579,67.503,67.437,67.365,67.283,67.201,67.119,67.035,66.946,66.851,66.752,66.649,66.537,66.412,66.274,66.112,65.9,33.791,33.78,33.771,33.759,33.759,33.753,33.746,33.733,33.726,33.72
69.471,69.416,69.367,69.315,69.272,69.212,69.149,69.114,69.059,69.009,68.95,68.893,68.85,68.794,68.74,68.668,68.629,68.577,68.521,68.459,68.401,68.346,68.287,68.228,68.178,68.101,68.04,67.979,67.919,67.85,67.777,67.708,67.646,67.586,67.52,67.433,67.358,67.281,67.202,67.118,67.033,66.942,66.848,66.751,66.648,66.537,66.411,66.27,66.109,65.902,33.795,33.798,33.779,33.764,33.759,33.763,33.756,33.73,33.725,33.723
69.472,69.418,69.359,69.317,69.274,69.213,69.165,69.114,69.056,69.005,68.954,68.889,68.834,68.798,68.736,68.671,68.63,68.576,68.516,68.461,68.4,68.345,68.285,68.223,68.167,68.097,68.039,67.98,67.916,67.859,67.776,67.715,67.649,67.582,67.508,67.433,67.358,67.281,67.2,67.116,67.031,66.939,66.85,66.756,66.651,66.535,66.414,66.273,66.109,65.895,33.793,33.781,33.773,33.767,33.758,33.753,33.741,33.734,33.728,33.718
69.467,69.401,69.366,69.301,69.269,69.213,69.165,69.107,69.059,68.994,68.945,68.9,68.842,68.797,68.746,68.684,68.628,68.575,68.515,68.452,68.389,68.342,68.285,68.231,68.157,68.097,68.039,67.984,67.913,67.848,67.782,67.717,67.65,67.579,67.504,67.433,67.346,67.276,67.201,67.116,67.031,66.944,66.855,66.754,66.645,66.532,66.41,66.273,66.108,65.896,33.787,33.782,33.776,33.767,33.756,33.747,33.741,33.736,33.726,33.712
69.464,69.411,69.359,69.313,69.272,69.211,69.164,69.112,69.067,69.005,68.94,68.902,68.85,68.794,68.739,68.682,68.628,68.574,68.516,68.457,68.401,68.333,68.286,68.232,68.152,68.097,68.035,67.984,67.921,67.847,67.782,67.717,67.647,67.582,67.498,67.425,67.357,67.281,67.201,67.112,67.031,66.933,66.85,66.75,66.643,66.525,66.409,66.272,66.107,65.894,33.791,33.783,33.768,33.755,33.75,33.752,33.751,33.735,33.715,33.718
69.463,69.416,69.371,69.317,69.268,69.206,69.158,69.113,69.061,69.005,68.946,68.901,68.847,68.792,68.738,68.684,68.627,68.574,68.519,68.455,68.388,68.332,68.285,68.221,68.157,68.095,68.043,67.978,67.914,67.847,67.783,67.716,67.647,67.575,67.498,67.428,67.36,67.29,67.201,67.113,67.027,66.943,66.848,66.749,66.644,66.533,66.41,66.274,66.105,65.897,33.783,33.783,33.772,33.755,33.75,33.753,33.73,33.715,33.715,33.726
69.455,69.416,69.369,69.315,69.267,69.211,69.161,69.114,69.061,69.006,68.953,68.903,68.855,68.793,68.739,68.686,68.628,68.58,68.519,68.469,68.403,68.341,68.285,68.227,68.164,68.102,68.04,67.981,67.914,67.85,67.783,67.713,67.644,67.57,67.504,67.43,67.362,67.276,67.188,67.111,67.032,66.942,66.846,66.749,66.645,66.532,66.407,66.268,66.105,65.896,33.794,33.782,33.771,33.746,33.759,33.752,33.741,33.733,33.728,33.726
69.471,69.414,69.364,69.309,69.264,69.214,69.148,69.113,69.073,69.006,68.954,68.903,68.844,68.803,68.734,68.683,68.636,68.573,68.512,68.456,68.402,68.344,68.284,68.223,68.164,68.102,68.041,67.978,67.912,67.847,67.781,67.717,67.646,67.58,67.504,67.431,67.356,67.28,67.197,67.115,67.033,66.94,66.847,66.748,66.645,66.531,66.406,66.265,66.105,65.888,33.795,33.78,33.77,33.753,33.762,33.75,33.74,33.73,33.733,33.725
69.466,69.415,69.38,69.308,69.274,69.213,69.166,69.111,69.058,69.002,68.954,68.903,68.842,68.785,68.735,68.684,68.629,68.571,68.515,68.456,68.402,68.342,68.28,68.215,68.157,68.102,68.041,67.977,67.909,67.842,67.778,67.717,67.651,67.576,67.501,67.422,67.362,67.287,67.198,67.107,67.033,66.939,66.843,66.749,66.645,66.529,66.403,66.268,66.105,65.889,33.78,33.774,33.772,33.77,33.763,33.739,33.74,33.737,33.723,33.708
69.463,69.418,69.361,69.312,69.27,69.208,69.162,69.111,69.064,69.005,68.954,68.901,68.844,68.782,68.735,68.683,68.635,68.57,68.502,68.458,68.399,68.343,68.282,68.224,68.164,68.109,68.044,67.972,67.912,67.845,67.78,67.717,67.648,67.575,67.503,67.432,67.356,67.276,67.196,67.116,67.032,66.94,66.846,66.749,66.647,66.533,66.406,66.263,66.104,65.885,33.793,33.774,33.776,33.775,33.758,33.748,33.745,33.741,33.722,33.717
69.467,69.419,69.364,69.315,69.267,69.214,69.159,69.113,69.059,69.004,68.951,68.902,68.85,68.796,68.736,68.684,68.627,68.57,68.514,68.454,68.404,68.345,68.288,68.223,68.164,68.106,68.029,67.963,67.905,67.852,67.787,67.714,67.638,67.573,67.504,67.433,67.355,67.273,67.191,67.113,67.034,66.944,66.84,66.74,66.645,66.538,66.406,66.264,66.101,65.867,33.792,33.782,33.779,33.771,33.756,33.751,33.741,33.73,33.721,33.719
69.468,69.414,69.369,69.315,69.268,69.214,69.162,69.113,69.055,69.001,68.947,68.9,68.854,68.788,68.737,68.684,68.628,68.575,68.515,68.46,68.405,68.338,68.285,68.222,68.159,68.102,68.04,67.976,67.912,67.848,67.789,67.715,67.646,67.576,67.502,67.427,67.352,67.278,67.186,67.113,67.039,66.945,66.844,66.746,66.647,66.532,66.405,66.266,66.095,65.858,33.787,33.782,33.773,33.761,33.756,33.751,33.742,33.731,33.725,33.718
