105,123.73,142.46,161.19,179.92,198.64,217.37,236.1,254.83,273.56,292.29,311.02,329.75,348.47,367.2,385.93,404.66,423.39,442.12,460.85,479.58,498.31,517.03,535.76,554.49,573.22,591.95,610.68,629.41,648.14,666.86,685.59,704.32,723.05,741.78,760.51,779.24,797.97,816.69,835.42,854.15,872.88,891.61,910.34,929.07,947.8,966.53,985.25,1004,1022.7,1041.4,1060.2,1078.9,1097.6,1116.4,1135.1,1153.8,1172.5,1191.3,1210
0.6,0.60593,0.61186,0.6178,0.62373,0.62966,0.63559,0.64153,0.64746,0.65339,0.65932,0.66525,0.67119,0.67712,0.68305,0.68898,0.69492,0.70085,0.70678,0.71271,0.71864,0.72458,0.73051,0.73644,0.74237,0.74831,0.75424,0.76017,0.7661,0.77203,0.77797,0.7839,0.78983,0.79576,0.80169,0.80763,0.81356,0.81949,0.82542,0.83136,0.83729,0.84322,0.84915,0.85508,0.86102,0.86695,0.87288,0.87881,0.88475,0.89068,0.89661,0.90254,0.90847,0.91441,0.92034,0.92627,0.9322,0.93814,0.94407,0.95
177.85,177.85,177.85,177.85,177.85,177.85,177.85,177.85,177.85,177.85,177.85,177.85,177.85,177.85,177.85,177.85,177.85,177.85,177.85,177.85,177.85,177.85,177.85,177.85,177.85,177.85,177.85,177.85,177.85,177.85,177.85,177.85,177.85,177.85,177.85,177.85,177.85,177.85,177.85,177.85,177.85,177.85,177.85,177.85,177.85,177.85,177.85,177.85,177.85,177.85,177.85,177.85,177.85,177.85,177.85,177.85,177.85,177.85,177.85,177.85
176.56,176.56,176.56,176.56,176.56,176.56,176.56,176.56,176.56,176.56,176.56,176.56,176.56,176.56,176.56,176.56,176.56,176.56,176.56,176.56,176.56,176.56,176.56,176.56,176.56,176.56,176.56,176.56,176.56,176.56,176.56,176.56,176.56,176.56,176.56,176.56,176.56,176.56,176.56,176.56,176.56,176.56,176.56,176.56,176.56,176.56,176.56,176.56,176.56,176.56,176.56,176.56,176.56,176.56,176.56,176.56,176.56,176.56,176.56,176.56
175.41,175.41,175.41,175.41,175.41,175.41,175.41,175.41,175.41,175.41,175.41,175.41,175.41,175.41,175.41,175.41,175.41,175.41,175.41,175.41,175.41,175.41,175.41,175.41,175.41,175.41,175.41,175.41,175.41,175.41,175.41,175.41,175.41,175.41,175.41,175.41,175.41,175.41,175.41,175.41,175.41,175.41,175.41,175.41,175.41,175.41,175.41,175.41,175.41,175.41,175.41,175.41,175.41,175.41,175.41,175.41,175.41,175.41,175.41,175.41
174.39,174.39,174.39,174.39,174.39,174.39,174.39,174.39,174.39,174.39,174.39,174.39,174.39,174.39,174.39,174.39,174.39,174.39,174.39,174.39,174.39,174.39,174.39,174.39,174.39,174.39,174.39,174.39,174.39,174.39,174.39,174.39,174.39,174.39,174.39,174.39,174.39,174.39,174.39,174.39,174.39,174.39,174.39,174.39,174.39,174.39,174.39,174.39,174.39,174.39,174.39,174.39,174.39,174.39,174.39,174.39,174.39,174.39,174.39,174.39
173.47,173.47,173.46,173.46,173.46,173.46,173.46,173.46,173.46,173.46,173.46,173.46,173.46,173.46,173.46,173.46,173.46,173.46,173.46,173.46,173.46,173.46,173.46,173.46,173.46,173.46,173.46,173.46,173.46,173.46,173.46,173.46,173.46,173.46,173.46,173.46,173.46,173.46,173.46,173.46,173.46,173.46,173.46,173.46,173.46,173.46,173.46,173.46,173.46,173.46,173.46,173.46,173.46,173.46,173.46,173.46,173.46,173.46,173.46,173.46
172.63,172.63,172.63,172.63,172.63,172.63,172.63,172.63,172.63,172.63,172.63,172.63,172.63,172.63,172.63,172.63,172.63,172.63,172.63,172.63,172.63,172.63,172.63,172.63,172.63,172.63,172.63,172.63,172.63,172.63,172.63,172.63,172.63,172.63,172.63,172.63,172.63,172.63,172.63,172.63,172.63,172.63,172.63,172.63,172.63,172.63,172.63,172.63,172.63,172.63,172.63,172.63,172.63,172.62,172.62,172.62,172.62,172.62,172.62,172.62
171.86,171.86,171.86,171.86,171.86,171.86,171.86,171.86,171.86,171.86,171.86,171.86,171.86,171.86,171.86,171.86,171.86,171.86,171.86,171.86,171.86,171.86,171.86,171.86,171.86,171.86,171.86,171.86,171.86,171.86,171.86,171.86,171.86,171.86,171.86,171.86,171.86,171.86,171.86,171.86,171.86,171.86,171.86,171.86,171.86,171.86,171.86,171.86,171.86,171.86,171.86,171.86,171.86,171.86,171.86,171.86,171.86,171.86,171.86,171.86
171.16,171.16,171.16,171.16,171.16,171.16,171.16,171.16,171.16,171.16,171.16,171.16,171.16,171.16,171.15,171.15,171.15,171.15,171.15,171.15,171.15,171.15,171.15,171.15,171.15,171.15,171.15,171.15,171.15,171.15,171.15,171.15,171.15,171.15,171.15,171.15,171.15,171.15,171.15,171.15,171.15,171.15,171.15,171.15,171.15,171.15,171.15,171.15,171.15,171.15,171.15,171.15,171.15,171.15,171.15,171.15,171.15,171.15,171.15,171.15
170.51,170.51,170.51,170.51,170.51,170.51,170.51,170.51,170.51,170.51,170.51,170.51,170.5,170.5,170.5,170.5,170.5,170.5,170.5,170.5,170.5,170.5,170.5,170.5,170.5,170.5,170.5,170.5,170.5,170.5,170.5,170.5,170.5,170.5,170.5,170.5,170.5,170.5,170.5,170.5,170.5,170.5,170.5,170.5,170.5,170.5,170.5,170.5,170.5,170.5,170.5,170.5,170.5,170.5,170.5,170.5,170.5,170.5,170.5,170.5
169.91,169.91,169.91,169.9,169.9,169.9,169.9,169.9,169.9,169.9,169.9,169.9,169.9,169.9,169.9,169.9,169.9,169.9,169.9,169.9,169.9,169.9,169.9,169.9,169.9,169.9,169.9,169.9,169.9,169.9,169.9,169.9,169.9,169.9,169.9,169.9,169.9,169.9,169.9,169.9,169.9,169.9,169.9,169.9,169.9,169.9,169.9,169.9,169.9,169.9,169.9,169.9,169.9,169.9,169.9,169.9,169.9,169.9,169.9,169.9
169.34,169.34,169.34,169.34,169.34,169.34,169.34,169.34,169.34,169.34,169.34,169.34,169.34,169.34,169.34,169.34,169.34,169.34,169.34,169.34,169.34,169.34,169.34,169.34,169.34,169.34,169.34,169.34,169.34,169.34,169.34,169.34,169.34,169.34,169.34,169.34,169.34,169.34,169.34,169.34,169.34,169.34,169.34,169.34,169.33,169.33,169.33,169.33,169.33,169.33,169.33,169.33,169.33,169.33,169.33,169.33,169.33,169.33,169.33,169.33
168.82,168.82,168.82,168.82,168.82,168.82,168.82,168.82,168.82,168.82,168.82,168.82,168.81,168.81,168.81,168.81,168.81,168.81,168.81,168.81,168.81,168.81,168.81,168.81,168.81,168.81,168.81,168.81,168.81,168.81,168.81,168.81,168.81,168.81,168.81,168.81,168.81,168.81,168.81,168.81,168.81,168.81,168.81,168.81,168.81,168.81,168.81,168.81,168.81,168.81,168.81,168.81,168.81,168.81,168.81,168.81,168.81,168.81,168.81,168.81
168.33,168.33,168.33,168.33,168.33,168.33,168.33,168.32,168.32,168.32,168.32,168.32,168.32,168.32,168.32,168.32,168.32,168.32,168.32,168.32,168.32,168.32,168.32,168.32,168.32,168.32,168.32,168.32,168.32,168.32,168.32,168.32,168.32,168.32,168.32,168.32,168.32,168.32,168.32,168.32,168.32,168.32,168.32,168.32,168.32,168.32,168.32,168.32,168.32,168.32,168.32,168.32,168.32,168.31,168.31,168.31,168.31,168.31,168.31,168.31
167.87,167.87,167.86,167.86,167.86,167.86,167.86,167.86,167.86,167.86,167.86,167.86,167.86,167.86,167.86,167.86,167.86,167.86,167.86,167.86,167.86,167.86,167.86,167.86,167.86,167.86,167.85,167.85,167.85,167.85,167.85,167.85,167.85,167.85,167.85,167.85,167.85,167.85,167.85,167.85,167.85,167.85,167.85,167.85,167.85,167.85,167.85,167.85,167.85,167.85,167.85,167.85,167.85,167.85,167.85,167.85,167.85,167.85,167.85,167.85
167.43,167.43,167.43,167.43,167.43,167.43,167.43,167.43,167.43,167.42,167.42,167.42,167.42,167.42,167.42,167.42,167.42,167.42,167.42,167.42,167.42,167.42,167.42,167.42,167.42,167.42,167.42,167.42,167.42,167.42,167.42,167.42,167.42,167.42,167.42,167.42,167.42,167.42,167.42,167.42,167.42,167.42,167.41,167.41,167.41,167.41,167.41,167.41,167.41,167.41,167.41,167.41,167.41,167.41,167.41,167.41,167.41,167.41,167.41,167.41
167.02,167.02,167.02,167.01,167.01,167.01,167.01,167.01,167.01,167.01,167.01,167.01,167.01,167.01,167.01,167.01,167.01,167.01,167.01,167.01,167.01,167.01,167.01,167.01,167.01,167.01,167.01,167.01,167,167,167,167,167,167,167,167,167,167,167,167,167,167,167,167,167,167,167,167,167,167,167,167,167,167,167,167,167,167,167,167
166.62,166.62,166.62,166.62,166.62,166.62,166.62,166.62,166.62,166.62,166.62,166.62,166.62,166.62,166.62,166.62,166.62,166.62,166.62,166.62,166.62,166.62,166.62,166.62,166.62,166.61,166.61,166.61,166.61,166.61,166.61,166.61,166.61,166.61,166.61,166.61,166.61,166.61,166.61,166.61,166.61,166.61,166.61,166.61,166.61,166.61,166.61,166.61,166.61,166.61,166.61,166.61,166.61,166.61,166.61,166.61,166.61,166.61,166.61,166.61
166.25,166.25,166.25,166.25,166.25,166.25,166.25,166.25,166.25,166.25,166.25,166.25,166.25,166.25,166.25,166.25,166.25,166.25,166.25,166.25,166.25,166.24,166.24,166.24,166.24,166.24,166.24,166.24,166.24,166.24,166.24,166.24,166.24,166.24,166.24,166.24,166.24,166.24,166.24,166.24,166.24,166.24,166.24,166.24,166.24,166.24,166.24,166.24,166.24,166.24,166.24,166.24,166.24,166.24,166.24,166.24,166.24,166.24,166.24,166.24
165.9,165.9,165.9,165.9,165.9,165.9,165.9,165.9,165.9,165.9,165.9,165.9,165.9,165.89,165.89,165.89,165.89,165.89,165.89,165.89,165.89,165.89,165.89,165.89,165.89,165.89,165.89,165.89,165.89,165.89,165.89,165.89,165.89,165.89,165.89,165.89,165.89,165.89,165.89,165.89,165.89,165.89,165.89,165.89,165.89,165.89,165.88,165.88,165.88,165.88,165.88,165.88,165.88,165.88,165.88,165.88,165.88,165.88,165.88,165.88
165.56,165.56,165.56,165.56,165.56,165.56,165.56,165.56,165.56,165.56,165.56,165.56,165.56,165.56,165.56,165.56,165.56,165.56,165.56,165.56,165.56,165.56,165.55,165.55,165.55,165.55,165.55,165.55,165.55,165.55,165.55,165.55,165.55,165.55,165.55,165.55,165.55,165.55,165.55,165.55,165.55,165.55,165.55,165.55,165.55,165.55,165.55,165.55,165.55,165.55,165.55,165.55,165.55,165.55,165.55,165.55,165.55,165.55,165.55,165.55
165.24,165.24,165.24,165.24,165.24,165.24,165.24,165.24,165.24,165.24,165.24,165.24,165.24,165.24,165.24,165.24,165.24,165.24,165.23,165.23,165.23,165.23,165.23,165.23,165.23,165.23,165.23,165.23,165.23,165.23,165.23,165.23,165.23,165.23,165.23,165.23,165.23,165.23,165.23,165.23,165.23,165.23,165.23,165.23,165.23,165.23,165.23,165.23,165.23,165.23,165.23,165.23,165.23,165.23,165.23,165.23,165.23,165.23,165.23,165.22
164.93,164.93,164.93,164.93,164.93,164.93,164.93,164.93,164.93,164.93,164.93,164.93,164.93,164.93,164.93,164.93,164.93,164.93,164.93,164.93,164.93,164.93,164.93,164.93,164.93,164.93,164.93,164.93,164.92,164.92,164.92,164.92,164.92,164.92,164.92,164.92,164.92,164.92,164.92,164.92,164.92,164.92,164.92,164.92,164.92,164.92,164.92,164.92,164.92,164.92,164.92,164.92,164.92,164.92,164.92,164.92,164.92,164.92,164.92,164.92
164.64,164.64,164.64,164.64,164.64,164.64,164.64,164.64,164.64,164.64,164.63,164.63,164.63,164.63,164.63,164.63,164.63,164.63,164.63,164.63,164.63,164.63,164.63,164.63,164.63,164.63,164.63,164.63,164.63,164.63,164.63,164.63,164.63,164.63,164.63,164.63,164.63,164.63,164.63,164.63,164.63,164.63,164.63,164.63,164.63,164.63,164.63,164.63,164.63,164.63,164.63,164.63,164.63,164.62,164.62,164.62,164.62,164.62,164.62,164.62
164.35,164.35,164.35,164.35,164.35,164.35,164.35,164.35,164.35,164.35,164.35,164.35,164.35,164.35,164.35,164.35,164.35,164.35,164.35,164.35,164.35,164.35,164.35,164.35,164.35,164.35,164.35,164.35,164.35,164.35,164.35,164.35,164.35,164.35,164.35,164.35,164.35,164.35,164.35,164.35,164.35,164.35,164.35,164.35,164.34,164.34,164.34,164.34,164.34,164.34,164.34,164.34,164.34,164.34,164.34,164.34,164.34,164.34,164.34,164.34
164.08,164.08,164.08,164.08,164.08,164.08,164.08,164.08,164.08,164.08,164.08,164.08,164.08,164.08,164.08,164.08,164.08,164.08,164.08,164.08,164.08,164.08,164.08,164.08,164.08,164.08,164.08,164.08,164.08,164.08,164.08,164.08,164.08,164.08,164.08,164.08,164.08,164.08,164.08,164.08,164.08,164.08,164.07,164.07,164.07,164.07,164.07,164.07,164.07,164.07,164.07,164.07,164.07,164.07,164.07,164.07,164.07,164.07,164.07,164.07
163.82,163.82,163.82,163.82,163.82,163.82,163.82,163.82,163.82,163.82,163.82,163.82,163.82,163.82,163.82,163.82,163.82,163.82,163.82,163.82,163.82,163.82,163.82,163.82,163.82,163.82,163.82,163.82,163.82,163.82,163.82,163.82,163.82,163.82,163.82,163.82,163.82,163.82,163.82,163.82,163.82,163.82,163.82,163.81,163.81,163.81,163.81,163.81,163.81,163.81,163.81,163.81,163.81,163.81,163.81,163.81,163.81,163.81,163.81,163.81
163.57,163.57,163.57,163.57,163.57,163.57,163.57,163.57,163.57,163.57,163.57,163.57,163.57,163.57,163.57,163.57,163.57,163.57,163.57,163.57,163.57,163.57,163.57,163.57,163.57,163.57,163.57,163.57,163.57,163.57,163.57,163.57,163.57,163.57,163.57,163.57,163.57,163.57,163.57,163.57,163.57,163.57,163.57,163.56,163.56,163.56,163.56,163.56,163.56,163.56,163.56,163.56,163.56,163.56,163.56,163.56,163.56,163.56,163.56,163.56
163.33,163.33,163.33,163.33,163.33,163.33,163.33,163.33,163.33,163.33,163.33,163.33,163.33,163.33,163.33,163.33,163.33,163.33,163.33,163.33,163.33,163.33,163.33,163.33,163.33,163.33,163.33,163.33,163.33,163.33,163.33,163.33,163.33,163.33,163.33,163.33,163.33,163.33,163.32,163.32,163.32,163.32,163.32,163.32,163.32,163.32,163.32,163.32,163.32,163.32,163.32,163.32,163.32,163.32,163.32,163.32,163.32,163.32,163.32,163.32
163.09,163.09,163.09,163.09,163.09,163.09,163.09,163.09,163.09,163.09,163.09,163.09,163.09,163.09,163.09,163.09,163.09,163.09,163.09,163.09,163.09,163.09,163.09,163.09,163.09,163.09,163.09,163.09,163.09,163.09,163.09,163.09,163.09,163.09,163.09,163.09,163.09,163.09,163.09,163.09,163.09,163.09,163.09,163.09,163.09,163.09,163.09,163.09,163.09,163.09,163.09,163.09,163.09,163.09,163.09,163.09,163.09,163.09,163.09,163.09
162.87,162.87,162.87,162.87,162.87,162.87,162.87,162.87,162.87,162.87,162.87,162.87,162.87,162.87,162.87,162.87,162.87,162.87,162.87,162.87,162.87,162.87,162.87,162.87,162.87,162.87,162.87,162.87,162.87,162.87,162.87,162.87,162.87,162.87,162.87,162.87,162.87,162.87,162.87,162.87,162.87,162.87,162.87,162.87,162.87,162.87,162.87,162.87,162.87,162.87,162.87,162.87,162.87,162.87,162.87,162.87,162.87,162.87,162.87,162.87
162.65,162.65,162.65,162.65,162.65,162.65,162.65,162.65,162.65,162.65,162.65,162.65,162.65,162.65,162.65,162.65,162.65,162.65,162.65,162.65,162.65,162.65,162.65,162.65,162.65,162.65,162.65,162.65,162.65,162.65,162.65,162.65,162.65,162.65,162.65,162.65,162.65,162.65,162.65,162.65,162.65,162.65,162.65,162.65,162.65,162.65,162.65,162.65,162.65,162.65,162.65,162.65,162.65,162.65,162.65,162.65,162.65,162.65,162.65,162.65
162.44,162.44,162.44,162.44,162.44,162.44,162.44,162.44,162.44,162.44,162.44,162.44,162.44,162.44,162.44,162.44,162.44,162.44,162.44,162.44,162.44,162.44,162.44,162.44,162.44,162.44,162.44,162.44,162.44,162.44,162.44,162.44,162.44,162.44,162.44,162.44,162.44,162.44,162.44,162.44,162.44,162.44,162.44,162.44,162.44,162.44,162.44,162.44,162.44,162.44,162.44,162.44,162.44,162.44,162.44,162.44,162.44,162.44,162.44,162.44
162.24,162.24,162.24,162.24,162.24,162.24,162.24,162.24,162.24,162.24,162.24,162.24,162.24,162.24,162.24,162.24,162.24,162.24,162.24,162.24,162.24,162.24,162.24,162.24,162.24,162.24,162.24,162.24,162.24,162.24,162.24,162.24,162.24,162.24,162.24,162.24,162.24,162.24,162.24,162.24,162.24,162.24,162.24,162.24,162.24,162.24,162.24,162.24,162.24,162.24,162.24,162.24,162.24,162.24,162.24,162.24,162.24,162.24,162.24,162.24
162.04,162.04,162.04,162.04,162.04,162.04,162.04,162.04,162.04,162.04,162.04,162.04,162.04,162.04,162.04,162.04,162.04,162.04,162.04,162.04,162.04,162.04,162.04,162.04,162.04,162.04,162.04,162.04,162.04,162.04,162.04,162.04,162.04,162.04,162.04,162.04,162.04,162.04,162.04,162.04,162.04,162.04,162.04,162.04,162.04,162.04,162.04,162.04,162.04,162.04,162.04,162.04,162.04,162.04,162.04,162.04,162.04,162.04,162.04,162.04
161.85,161.85,161.85,161.85,161.85,161.85,161.85,161.85,161.85,161.85,161.85,161.85,161.85,161.85,161.85,161.85,161.85,161.85,161.85,161.85,161.85,161.85,161.85,161.85,161.85,161.85,161.85,161.85,161.85,161.85,161.85,161.85,161.85,161.85,161.85,161.85,161.85,161.85,161.85,161.85,161.85,161.85,161.85,161.85,161.85,161.85,161.85,161.85,161.85,161.85,161.85,161.85,161.85,161.85,161.85,161.85,161.85,161.85,161.85,161.85
161.67,161.67,161.67,161.67,161.67,161.67,161.67,161.67,161.67,161.67,161.67,161.67,161.67,161.67,161.67,161.67,161.67,161.67,161.67,161.67,161.67,161.67,161.67,161.67,161.67,161.67,161.67,161.67,161.67,161.67,161.67,161.67,161.67,161.67,161.67,161.67,161.67,161.67,161.67,161.67,161.67,161.67,161.67,161.67,161.67,161.67,161.67,161.67,161.67,161.67,161.67,161.67,161.67,161.67,161.67,161.67,161.67,161.67,161.67,161.67
161.49,161.49,161.49,161.49,161.49,161.49,161.49,161.49,161.49,161.49,161.49,161.49,161.49,161.49,161.49,161.49,161.49,161.49,161.49,161.49,161.49,161.49,161.49,161.49,161.49,161.49,161.49,161.49,161.49,161.49,161.49,161.49,161.49,161.49,161.49,161.49,161.49,161.49,161.49,161.49,161.49,161.49,161.49,161.49,161.49,161.49,161.49,161.49,161.49,161.49,161.49,161.49,161.49,161.49,161.49,161.49,161.49,161.49,161.49,161.49
161.32,161.32,161.32,161.31,161.31,161.31,161.31,161.31,161.31,161.31,161.31,161.31,161.31,161.31,161.31,161.31,161.31,161.31,161.31,161.31,161.31,161.31,161.31,161.31,161.31,161.31,161.31,161.31,161.31,161.31,161.31,161.32,161.32,161.32,161.32,161.32,161.32,161.32,161.32,161.32,161.32,161.32,161.32,161.32,161.32,161.32,161.32,161.32,161.32,161.32,161.32,161.32,161.32,161.32,161.32,161.32,161.32,161.32,161.32,161.32
161.15,161.15,161.15,161.15,161.15,161.15,161.15,161.15,161.14,161.14,161.14,161.14,161.14,161.14,161.14,161.14,161.14,161.14,161.14,161.14,161.14,161.14,161.14,161.15,161.15,161.15,161.15,161.15,161.15,161.15,161.15,161.15,161.15,161.15,161.15,161.15,161.15,161.15,161.15,161.15,161.15,161.15,161.15,161.15,161.15,161.15,161.15,161.15,161.15,161.15,161.15,161.15,161.15,161.15,161.15,161.15,161.15,161.15,161.15,161.15
160.99,160.99,160.98,160.98,160.98,160.98,160.98,160.98,160.98,160.98,160.98,160.98,160.98,160.98,160.98,160.98,160.98,160.98,160.98,160.98,160.98,160.98,160.98,160.98,160.98,160.98,160.98,160.98,160.98,160.98,160.98,160.98,160.98,160.98,160.98,160.98,160.98,160.98,160.98,160.98,160.98,160.98,160.98,160.98,160.98,160.98,160.98,160.98,160.98,160.98,160.98,160.98,160.98,160.98,160.98,160.98,160.98,160.98,160.98,160.98
160.83,160.83,160.83,160.82,160.82,160.82,160.82,160.82,160.82,160.82,160.82,160.82,160.82,160.82,160.82,160.82,160.82,160.82,160.82,160.82,160.82,160.82,160.82,160.82,160.82,160.82,160.82,160.82,160.82,160.82,160.82,160.82,160.82,160.82,160.82,160.82,160.82,160.82,160.82,160.82,160.82,160.82,160.82,160.82,160.82,160.82,160.82,160.82,160.82,160.82,160.82,160.82,160.82,160.82,160.82,160.82,160.82,160.82,160.82,160.82
160.67,160.67,160.67,160.67,160.67,160.67,160.67,160.67,160.67,160.67,160.67,160.67,160.67,160.67,160.67,160.67,160.67,160.67,160.67,160.67,160.67,160.67,160.67,160.67,160.67,160.67,160.67,160.67,160.67,160.67,160.67,160.67,160.67,160.67,160.67,160.67,160.67,160.67,160.67,160.67,160.67,160.67,160.67,160.67,160.67,160.67,160.67,160.67,160.67,160.67,160.67,160.67,160.67,160.67,160.67,160.67,160.67,160.67,160.67,160.67
160.53,160.52,160.52,160.52,160.52,160.52,160.52,160.52,160.52,160.52,160.52,160.52,160.52,160.51,160.51,160.51,160.51,160.51,160.51,160.51,160.51,160.51,160.51,160.51,160.51,160.51,160.51,160.51,160.51,160.51,160.51,160.52,160.52,160.52,160.52,160.52,160.52,160.52,160.52,160.52,160.52,160.52,160.52,160.52,160.52,160.52,160.52,160.52,160.52,160.52,160.52,160.52,160.52,160.52,160.52,160.52,160.52,160.52,160.52,160.52
160.38,160.38,160.38,160.38,160.37,160.37,160.37,160.37,160.37,160.37,160.37,160.37,160.37,160.37,160.37,160.37,160.37,160.37,160.37,160.37,160.37,160.37,160.37,160.37,160.37,160.37,160.37,160.37,160.37,160.37,160.37,160.37,160.37,160.37,160.37,160.37,160.37,160.37,160.37,160.37,160.37,160.37,160.37,160.37,160.37,160.37,160.37,160.37,160.37,160.37,160.37,160.37,160.37,160.37,160.37,160.37,160.37,160.37,160.37,160.37
160.24,160.24,160.24,160.23,160.23,160.23,160.23,160.23,160.23,160.23,160.23,160.23,160.23,160.23,160.22,160.22,160.22,160.22,160.22,160.22,160.22,160.22,160.22,160.22,160.22,160.22,160.22,160.22,160.22,160.22,160.22,160.22,160.22,160.22,160.22,160.22,160.22,160.22,160.22,160.23,160.23,160.23,160.23,160.23,160.23,160.23,160.23,160.23,160.23,160.23,160.23,160.23,160.23,160.23,160.23,160.23,160.23,160.23,160.23,160.23
160.1,160.1,160.1,160.1,160.09,160.09,160.09,160.09,160.09,160.09,160.09,160.09,160.09,160.09,160.09,160.08,160.08,160.08,160.08,160.08,160.08,160.08,160.08,160.08,160.08,160.08,160.08,160.08,160.08,160.08,160.08,160.08,160.08,160.08,160.08,160.08,160.08,160.08,160.08,160.09,160.09,160.09,160.09,160.09,160.09,160.09,160.09,160.09,160.09,160.09,160.09,160.09,160.09,160.09,160.09,160.09,160.09,160.09,160.09,160.09
159.97,159.97,159.96,159.96,159.96,159.96,159.96,159.96,159.95,159.95,159.95,159.95,159.95,159.95,159.95,159.95,159.95,159.95,159.95,159.95,159.95,159.95,159.95,159.95,159.95,159.95,159.95,159.95,159.95,159.95,159.95,159.95,159.95,159.95,159.95,159.95,159.95,159.95,159.95,159.95,159.95,159.95,159.95,159.95,159.95,159.95,159.95,159.95,159.95,159.95,159.95,159.95,159.95,159.95,159.95,159.95,159.95,159.95,159.95,159.95
159.84,159.83,159.83,159.83,159.83,159.83,159.83,159.82,159.82,159.82,159.82,159.82,159.82,159.82,159.82,159.82,159.82,159.82,159.82,159.81,159.81,159.81,159.81,159.81,159.81,159.81,159.81,159.81,159.81,159.81,159.81,159.81,159.81,159.81,159.81,159.81,159.81,159.81,159.81,159.82,159.82,159.82,159.82,159.82,159.82,159.82,159.82,159.82,159.82,159.82,159.82,159.82,159.82,159.82,159.82,159.82,159.82,159.82,159.82,159.82
159.71,159.71,159.71,159.7,159.7,159.7,159.7,159.7,159.69,159.69,159.69,159.69,159.69,159.69,159.69,159.69,159.69,159.69,159.69,159.69,159.69,159.69,159.68,159.68,159.68,159.68,159.68,159.68,159.68,159.68,159.68,159.68,159.68,159.68,159.68,159.68,159.68,159.68,159.68,159.69,159.69,159.69,159.69,159.69,159.69,159.69,159.69,159.69,159.69,159.69,159.69,159.69,159.69,159.69,159.69,159.69,159.69,159.69,159.69,159.69
159.59,159.58,159.58,159.58,159.58,159.57,159.57,159.57,159.57,159.57,159.57,159.57,159.56,159.56,159.56,159.56,159.56,159.56,159.56,159.56,159.56,159.56,159.56,159.56,159.56,159.56,159.56,159.56,159.56,159.56,159.56,159.56,159.56,159.56,159.56,159.56,159.56,159.56,159.56,159.56,159.56,159.56,159.56,159.56,159.56,159.56,159.56,159.56,159.56,159.56,159.56,159.56,159.56,159.56,159.56,159.56,159.56,159.56,159.56,159.56
159.47,159.46,159.46,159.46,159.46,159.45,159.45,159.45,159.45,159.45,159.44,159.44,159.44,159.44,159.44,159.44,159.44,159.44,159.44,159.44,159.44,159.44,159.43,159.43,159.43,159.43,159.43,159.43,159.43,159.43,159.43,159.43,159.43,159.43,159.43,159.43,159.43,159.43,159.43,159.43,159.43,159.43,159.43,159.43,159.43,159.43,159.43,159.43,159.44,159.44,159.44,159.44,159.44,159.44,159.44,159.44,159.44,159.44,159.44,159.44
159.35,159.35,159.34,159.34,159.34,159.33,159.33,159.33,159.33,159.33,159.33,159.32,159.32,159.32,159.32,159.32,159.32,159.32,159.32,159.32,159.31,159.31,159.31,159.31,159.31,159.31,159.31,159.31,159.31,159.31,159.31,159.31,159.31,159.31,159.31,159.31,159.31,159.31,159.31,159.31,159.31,159.31,159.31,159.31,159.31,159.31,159.31,159.31,159.31,159.31,159.31,159.31,159.31,159.31,159.31,159.31,159.31,159.32,159.32,159.32
159.23,159.23,159.23,159.22,159.22,159.22,159.22,159.21,159.21,159.21,159.21,159.21,159.21,159.2,159.2,159.2,159.2,159.2,159.2,159.2,159.2,159.2,159.2,159.2,159.2,159.19,159.19,159.19,159.19,159.19,159.19,159.19,159.19,159.19,159.19,159.19,159.19,159.19,159.19,159.19,159.19,159.19,159.19,159.19,159.19,159.19,159.19,159.19,159.19,159.2,159.2,159.2,159.2,159.2,159.2,159.2,159.2,159.2,159.2,159.2
159.12,159.12,159.12,159.11,159.11,159.11,159.1,159.1,159.1,159.1,159.09,159.09,159.09,159.09,159.09,159.09,159.09,159.09,159.08,159.08,159.08,159.08,159.08,159.08,159.08,159.08,159.08,159.08,159.08,159.08,159.08,159.08,159.08,159.08,159.08,159.08,159.08,159.08,159.08,159.08,159.08,159.08,159.08,159.08,159.08,159.08,159.08,159.08,159.08,159.08,159.08,159.08,159.08,159.08,159.08,159.08,159.08,159.08,159.08,159.08
159.01,159.01,159.01,159,159,159,158.99,158.99,158.99,158.99,158.98,158.98,158.98,158.98,158.98,158.98,158.97,158.97,158.97,158.97,158.97,158.97,158.97,158.97,158.97,158.97,158.97,158.97,158.97,158.97,158.97,158.97,158.96,158.96,158.96,158.96,158.96,158.96,158.96,158.96,158.96,158.96,158.96,158.96,158.96,158.96,158.97,158.97,158.97,158.97,158.97,158.97,158.97,158.97,158.97,158.97,158.97,158.97,158.97,158.97
158.91,158.9,158.9,158.9,158.89,158.89,158.89,158.88,158.88,158.88,158.88,158.87,158.87,158.87,158.87,158.87,158.86,158.86,158.86,158.86,158.86,158.86,158.86,158.86,158.86,158.86,158.86,158.86,158.86,158.85,158.85,158.85,158.85,158.85,158.85,158.85,158.85,158.85,158.85,158.85,158.85,158.85,158.85,158.85,158.85,158.85,158.85,158.85,158.85,158.85,158.85,158.85,158.85,158.85,158.86,158.86,158.86,158.86,158.86,158.86
158.8,158.8,158.79,158.79,158.79,158.78,158.78,158.78,158.77,158.77,158.77,158.77,158.76,158.76,158.76,158.76,158.76,158.76,158.76,158.75,158.75,158.75,158.75,158.75,158.75,158.75,158.75,158.75,158.75,158.75,158.75,158.75,158.75,158.75,158.75,158.75,158.75,158.75,158.74,158.74,158.74,158.74,158.74,158.74,158.75,158.75,158.75,158.75,158.75,158.75,158.75,158.75,158.75,158.75,158.75,158.75,158.75,158.75,158.75,158.75
158.7,158.7,158.69,158.69,158.68,158.68,158.68,158.67,158.67,158.67,158.67,158.66,158.66,158.66,158.66,158.65,158.65,158.65,158.65,158.65,158.65,158.65,158.65,158.64,158.64,158.64,158.64,158.64,158.64,158.64,158.64,158.64,158.64,158.64,158.64,158.64,158.64,158.64,158.64,158.64,158.64,158.64,158.64,158.64,158.64,158.64,158.64,158.64,158.64,158.64,158.64,158.64,158.64,158.64,158.64,158.64,158.64,158.64,158.64,158.64
158.6,158.6,158.59,158.59,158.58,158.58,158.58,158.57,158.57,158.57,158.56,158.56,158.56,158.56,158.55,158.55,158.55,158.55,158.55,158.55,158.54,158.54,158.54,158.54,158.54,158.54,158.54,158.54,158.54,158.54,158.54,158.54,158.54,158.54,158.54,158.54,158.53,158.53,158.53,158.53,158.53,158.53,158.53,158.53,158.53,158.53,158.53,158.53,158.53,158.53,158.53,158.53,158.53,158.54,158.54,158.54,158.54,158.54,158.54,158.54
158.51,158.5,158.5,158.49,158.49,158.48,158.48,158.47,158.47,158.47,158.47,158.46,158.46,158.46,158.46,158.45,158.45,158.45,158.45,158.45,158.44,158.44,158.44,158.44,158.44,158.44,158.44,158.44,158.44,158.44,158.44,158.43,158.43,158.43,158.43,158.43,158.43,158.43,158.43,158.43,158.43,158.43,158.43,158.43,158.43,158.43,158.43,158.43,158.43,158.43,158.43,158.43,158.43,158.43,158.43,158.43,158.43,158.43,158.43,158.43
69.153,69.153,69.153,69.153,69.153,69.153,69.153,69.153,69.153,69.153,69.153,69.153,69.153,69.153,69.153,69.153,69.153,69.153,69.153,69.153,69.153,69.153,69.153,69.153,69.153,69.153,69.153,69.153,69.153,69.153,69.153,69.153,69.153,69.153,69.153,69.153,69.153,69.153,69.153,69.153,69.153,69.153,69.153,69.153,69.153,69.153,69.153,69.153,69.153,69.153,69.153,69.153,69.153,69.153,69.153,69.153,69.153,69.153,69.153,69.153
69.153,69.153,69.153,69.153,69.153,69.153,69.153,69.153,69.153,69.153,69.153,69.153,69.153,69.153,69.153,69.153,69.153,69.153,69.153,69.153,69.153,69.153,69.153,69.153,69.153,69.153,69.153,69.153,69.153,69.153,69.153,69.153,69.153,69.153,69.153,69.153,69.153,69.153,69.153,69.153,69.153,69.153,69.153,69.153,69.153,69.153,69.153,69.153,69.153,69.153,69.153,69.153,69.153,69.153,69.153,69.153,69.153,69.153,69.153,69.153
69.153,69.153,69.153,69.153,69.153,69.153,69.153,69.153,69.153,69.153,69.153,69.153,69.153,69.153,69.153,69.153,69.153,69.153,69.153,69.153,69.153,69.153,69.153,69.153,69.153,69.153,69.153,69.153,69.153,69.153,69.153,69.153,69.153,69.153,69.153,69.153,69.153,69.153,69.153,69.153,69.153,69.153,69.153,69.153,69.153,69.153,69.153,69.153,69.153,69.153,69.153,69.153,69.153,69.153,69.153,69.153,69.153,69.153,69.153,69.153
69.153,69.153,69.153,69.153,69.153,69.153,69.153,69.153,69.153,69.153,69.153,69.153,69.153,69.153,69.153,69.153,69.153,69.153,69.153,69.153,69.153,69.153,69.153,69.153,69.153,69.153,69.153,69.153,69.153,69.153,69.153,69.153,69.153,69.153,69.153,69.153,69.153,69.153,69.153,69.153,69.153,69.153,69.153,69.153,69.153,69.153,69.153,69.153,69.153,69.153,69.153,69.153,69.153,69.153,69.153,69.153,69.153,69.153,69.153,69.153
69.153,69.153,69.153,69.153,69.153,69.153,69.153,69.153,69.153,69.153,69.153,69.153,69.153,69.153,69.153,69.153,69.153,69.153,69.153,69.153,69.153,69.153,69.153,69.153,69.153,69.153,69.153,69.153,69.153,69.153,69.153,69.153,69.153,69.153,69.153,69.153,69.153,69.153,69.153,69.153,69.153,69.153,69.153,69.153,69.153,69.153,69.153,69.153,69.153,69.153,69.153,69.153,69.153,69.153,69.153,69.153,69.153,69.153,69.153,69.153
69.153,69.153,69.153,69.153,69.153,69.153,69.153,69.153,69.153,69.153,69.153,69.153,69.153,69.153,69.153,69.153,69.153,69.153,69.153,69.153,69.153,69.153,69.153,69.153,69.153,69.153,69.153,69.153,69.153,69.153,69.153,69.153,69.153,69.153,69.153,69.153,69.153,69.153,69.153,69.153,69.153,69.153,69.153,69.153,69.153,69.153,69.153,69.153,69.153,69.153,69.153,69.153,69.153,69.153,69.153,69.153,69.153,69.153,69.153,69.153
69.153,69.153,69.153,69.153,69.153,69.153,69.153,69.153,69.153,69.153,69.153,69.153,69.153,69.153,69.153,69.153,69.153,69.153,69.153,69.153,69.153,69.153,69.153,69.153,69.153,69.153,69.153,69.153,69.153,69.153,69.153,69.153,69.153,69.153,69.153,69.153,69.153,69.153,69.153,69.153,69.153,69.153,69.153,69.153,69.153,69.153,69.153,69.153,69.153,69.153,69.153,69.153,69.153,69.153,69.153,69.153,69.153,69.153,69.153,69.153
69.153,69.153,69.153,69.153,69.153,69.153,69.153,69.153,69.153,69.153,69.153,69.153,69.153,69.153,69.153,69.153,69.153,69.153,69.153,69.153,69.153,69.153,69.153,69.153,69.153,69.153,69.153,69.153,69.153,69.153,69.153,69.153,69.153,69.153,69.153,69.153,69.153,69.153,69.153,69.153,69.153,69.153,69.153,69.153,69.153,69.153,69.153,69.153,69.153,69.153,69.153,69.153,69.153,69.153,69.153,69.153,69.153,69.153,69.153,69.153
69.153,69.153,69.153,69.153,69.153,69.153,69.153,69.153,69.153,69.153,69.153,69.153,69.153,69.153,69.153,69.153,69.153,69.153,69.153,69.153,69.153,69.153,69.153,69.153,69.153,69.153,69.153,69.153,69.153,69.153,69.153,69.153,69.153,69.153,69.153,69.153,69.153,69.153,69.153,69.153,69.153,69.153,69.153,69.153,69.153,69.153,69.153,69.153,69.153,69.153,69.153,69.153,69.153,69.153,69.153,69.153,69.153,69.153,69.153,69.153
69.153,69.153,69.153,69.153,69.153,69.153,69.153,69.153,69.153,69.153,69.153,69.153,69.153,69.153,69.153,69.153,69.153,69.153,69.153,69.153,69.153,69.153,69.153,69.153,69.153,69.153,69.153,69.153,69.153,69.153,69.153,69.153,69.153,69.153,69.153,69.153,69.153,69.153,69.153,69.153,69.153,69.153,69.153,69.153,69.153,69.153,69.153,69.153,69.153,69.153,69.153,69.153,69.153,69.153,69.153,69.153,69.153,69.153,69.153,69.153
69.153,69.153,69.153,69.153,69.153,69.153,69.153,69.153,69.153,69.153,69.153,69.153,69.153,69.153,69.153,69.153,69.153,69.153,69.153,69.153,69.153,69.153,69.153,69.153,69.153,69.153,69.153,69.153,69.153,69.153,69.153,69.153,69.153,69.153,69.153,69.153,69.153,69.153,69.153,69.153,69.153,69.153,69.153,69.153,69.153,69.153,69.153,69.153,69.153,69.153,69.153,69.153,69.153,69.153,69.153,69.153,69.153,69.153,69.153,69.153
69.153,69.153,69.153,69.153,69.153,69.153,69.153,69.153,69.153,69.153,69.153,69.153,69.153,69.153,69.153,69.153,69.153,69.153,69.153,69.153,69.153,69.153,69.153,69.153,69.153,69.153,69.153,69.153,69.153,69.153,69.153,69.153,69.153,69.153,69.153,69.153,69.153,69.153,69.153,69.153,69.153,69.153,69.153,69.153,69.153,69.153,69.153,69.153,69.153,69.153,69.153,69.153,69.153,69.153,69.153,69.153,69.153,69.153,69.153,69.153
69.153,69.153,69.153,69.153,69.153,69.153,69.153,69.153,69.153,69.153,69.153,69.153,69.153,69.153,69.153,69.153,69.153,69.153,69.153,69.153,69.153,69.153,69.153,69.153,69.153,69.153,69.153,69.153,69.153,69.153,69.153,69.153,69.153,69.153,69.153,69.153,69.153,69.153,69.153,69.153,69.153,69.153,69.153,69.153,69.153,69.153,69.153,69.153,69.153,69.153,69.153,69.153,69.153,69.153,69.153,69.153,69.153,69.153,69.153,69.153
69.153,69.153,69.153,69.153,69.153,69.153,69.153,69.153,69.153,69.153,69.153,69.153,69.153,69.153,69.153,69.153,69.153,69.153,69.153,69.153,69.153,69.153,69.153,69.153,69.153,69.153,69.153,69.153,69.153,69.153,69.153,69.153,69.153,69.153,69.153,69.153,69.153,69.153,69.153,69.153,69.153,69.153,69.153,69.153,69.153,69.153,69.153,69.153,69.153,69.153,69.153,69.153,69.153,69.153,69.153,69.153,69.153,69.153,69.153,69.153
69.153,69.153,69.153,69.153,69.153,69.153,69.153,69.153,69.153,69.153,69.153,69.153,69.153,69.153,69.153,69.153,69.153,69.153,69.153,69.153,69.153,69.153,69.153,69.153,69.153,69.153,69.153,69.153,69.153,69.153,69.153,69.153,69.153,69.153,69.153,69.153,69.153,69.153,69.153,69.153,69.153,69.153,69.153,69.153,69.153,69.153,69.153,69.153,69.153,69.153,69.153,69.153,69.153,69.153,69.153,69.153,69.153,69.153,69.153,69.153
69.153,69.153,69.153,69.153,69.153,69.153,69.153,69.153,69.153,69.153,69.153,69.153,69.153,69.153,69.153,69.153,69.153,69.153,69.153,69.153,69.153,69.153,69.153,69.153,69.153,69.153,69.153,69.153,69.153,69.153,69.153,69.153,69.153,69.153,69.153,69.153,69.153,69.153,69.153,69.153,69.153,69.153,69.153,69.153,69.153,69.153,69.153,69.153,69.153,69.153,69.153,69.153,69.153,69.153,69.153,69.153,69.153,69.153,69.153,69.153
69.153,69.153,69.153,69.153,69.153,69.153,69.153,69.153,69.153,69.153,69.153,69.153,69.153,69.153,69.153,69.153,69.153,69.153,69.153,69.153,69.153,69.153,69.153,69.153,69.153,69.153,69.153,69.153,69.153,69.153,69.153,69.153,69.153,69.153,69.153,69.153,69.153,69.153,69.153,69.153,69.153,69.153,69.153,69.153,69.153,69.153,69.153,69.153,69.153,69.153,69.153,69.153,69.153,69.153,69.153,69.153,69.153,69.153,69.153,69.153
69.153,69.153,69.153,69.153,69.153,69.153,69.153,69.153,69.153,69.153,69.153,69.153,69.153,69.153,69.153,69.153,69.153,69.153,69.153,69.153,69.153,69.153,69.153,69.153,69.153,69.153,69.153,69.153,69.153,69.153,69.153,69.153,69.153,69.153,69.153,69.153,69.153,69.153,69.153,69.153,69.153,69.153,69.153,69.153,69.153,69.153,69.153,69.153,69.153,69.153,69.153,69.153,69.153,69.153,69.153,69.153,69.153,69.153,69.153,69.153
69.153,69.153,69.153,69.153,69.153,69.153,69.153,69.153,69.153,69.153,69.153,69.153,69.153,69.153,69.153,69.153,69.153,69.153,69.153,69.153,69.153,69.153,69.153,69.153,69.153,69.153,69.153,69.153,69.153,69.153,69.153,69.153,69.153,69.153,69.153,69.153,69.153,69.153,69.153,69.153,69.153,69.153,69.153,69.153,69.153,69.153,69.153,69.153,69.153,69.153,69.153,69.153,69.153,69.153,69.153,69.153,69.153,69.153,69.153,69.153
69.153,69.153,69.153,69.153,69.153,69.153,69.153,69.153,69.153,69.153,69.153,69.153,69.153,69.153,69.153,69.153,69.153,69.153,69.153,69.153,69.153,69.153,69.153,69.153,69.153,69.153,69.153,69.153,69.153,69.153,69.153,69.153,69.153,69.153,69.153,69.153,69.153,69.153,69.153,69.153,69.153,69.153,69.153,69.153,69.153,69.153,69.153,69.153,69.153,69.153,69.153,69.153,69.153,69.153,69.153,69.153,69.153,69.153,69.153,69.153
69.153,69.153,69.153,69.153,69.153,69.153,69.153,69.153,69.153,69.153,69.153,69.153,69.153,69.153,69.153,69.153,69.153,69.153,69.153,69.153,69.153,69.153,69.153,69.153,69.153,69.153,69.153,69.153,69.153,69.153,69.153,69.153,69.153,69.153,69.153,69.153,69.153,69.153,69.153,69.153,69.153,69.153,69.153,69.153,69.153,69.153,69.153,69.153,69.153,69.153,69.153,69.153,69.153,69.153,69.153,69.153,69.153,69.153,69.153,69.153
69.153,69.153,69.153,69.153,69.153,69.153,69.153,69.153,69.153,69.153,69.153,69.153,69.153,69.153,69.153,69.153,69.153,69.153,69.153,69.153,69.153,69.153,69.153,69.153,69.153,69.153,69.153,69.153,69.153,69.153,69.153,69.153,69.153,69.153,69.153,69.153,69.153,69.153,69.153,69.153,69.153,69.153,69.153,69.153,69.153,69.153,69.153,69.153,69.153,69.153,69.153,69.153,69.153,69.153,69.153,69.153,69.153,69.153,69.153,69.153
69.153,69.153,69.153,69.153,69.153,69.153,69.153,69.153,69.153,69.153,69.153,69.153,69.153,69.153,69.153,69.153,69.153,69.153,69.153,69.153,69.153,69.153,69.153,69.153,69.153,69.153,69.153,69.153,69.153,69.153,69.153,69.153,69.153,69.153,69.153,69.153,69.153,69.153,69.153,69.153,69.153,69.153,69.153,69.153,69.153,69.153,69.153,69.153,69.153,69.153,69.153,69.153,69.153,69.153,69.153,69.153,69.153,69.153,69.153,69.153
69.153,69.153,69.153,69.153,69.153,69.153,69.153,69.153,69.153,69.153,69.153,69.153,69.153,69.153,69.153,69.153,69.153,69.153,69.153,69.153,69.153,69.153,69.153,69.153,69.153,69.153,69.153,69.153,69.153,69.153,69.153,69.153,69.153,69.153,69.153,69.153,69.153,69.153,69.153,69.153,69.153,69.153,69.153,69.153,69.153,69.153,69.153,69.153,69.153,69.153,69.153,69.153,69.153,69.153,69.153,69.153,69.153,69.153,69.153,69.153
69.153,69.153,69.153,69.153,69.153,69.153,69.153,69.153,69.153,69.153,69.153,69.153,69.153,69.153,69.153,69.153,69.153,69.153,69.153,69.153,69.153,69.153,69.153,69.153,69.153,69.153,69.153,69.153,69.153,69.153,69.153,69.153,69.153,69.153,69.153,69.153,69.153,69.153,69.153,69.153,69.153,69.153,69.153,69.153,69.153,69.153,69.153,69.153,69.153,69.153,69.153,69.153,69.153,69.153,69.153,69.153,69.153,69.153,69.153,69.153
69.153,69.153,69.153,69.153,69.153,69.153,69.153,69.153,69.153,69.153,69.153,69.153,69.153,69.153,69.153,69.153,69.153,69.153,69.153,69.153,69.153,69.153,69.153,69.153,69.153,69.153,69.153,69.153,69.153,69.153,69.153,69.153,69.153,69.153,69.153,69.153,69.153,69.153,69.153,69.153,69.153,69.153,69.153,69.153,69.153,69.153,69.153,69.153,69.153,69.153,69.153,69.153,69.153,69.153,69.153,69.153,69.153,69.153,69.153,69.153
69.153,69.153,69.153,69.153,69.153,69.153,69.153,69.153,69.153,69.153,69.153,69.153,69.153,69.153,69.153,69.153,69.153,69.153,69.153,69.153,69.153,69.153,69.153,69.153,69.153,69.153,69.153,69.153,69.153,69.153,69.153,69.153,69.153,69.153,69.153,69.153,69.153,69.153,69.153,69.153,69.153,69.153,69.153,69.153,69.153,69.153,69.153,69.153,69.153,69.153,69.153,69.153,69.153,69.153,69.153,69.153,69.153,69.153,69.153,69.153
69.153,69.153,69.153,69.153,69.153,69.153,69.153,69.153,69.153,69.153,69.153,69.153,69.153,69.153,69.153,69.153,69.153,69.153,69.153,69.153,69.153,69.153,69.153,69.153,69.153,69.153,69.153,69.153,69.153,69.153,69.153,69.153,69.153,69.153,69.153,69.153,69.153,69.153,69.153,69.153,69.153,69.153,69.153,69.153,69.153,69.153,69.153,69.153,69.153,69.153,69.153,69.153,69.153,69.153,69.153,69.153,69.153,69.153,69.153,69.153
69.153,69.153,69.153,69.153,69.153,69.153,69.153,69.153,69.153,69.153,69.153,69.153,69.153,69.153,69.153,69.153,69.153,69.153,69.153,69.153,69.153,69.153,69.153,69.153,69.153,69.153,69.153,69.153,69.153,69.153,69.153,69.153,69.153,69.153,69.153,69.153,69.153,69.153,69.153,69.153,69.153,69.153,69.153,69.153,69.153,69.153,69.153,69.153,69.153,69.153,69.153,69.153,69.153,69.153,69.153,69.153,69.153,69.153,69.153,69.153
69.153,69.153,69.153,69.153,69.153,69.153,69.153,69.153,69.153,69.153,69.153,69.153,69.153,69.153,69.153,69.153,69.153,69.153,69.153,69.153,69.153,69.153,69.153,69.153,69.153,69.153,69.153,69.153,69.153,69.153,69.153,69.153,69.153,69.153,69.153,69.153,69.153,69.153,69.153,69.153,69.153,69.153,69.153,69.153,69.153,69.153,69.153,69.153,69.153,69.153,69.153,69.153,69.153,69.153,69.153,69.153,69.153,69.153,69.153,69.153
69.153,69.153,69.153,69.153,69.153,69.153,69.153,69.153,69.153,69.153,69.153,69.153,69.153,69.153,69.153,69.153,69.153,69.153,69.153,69.153,69.153,69.153,69.153,69.153,69.153,69.153,69.153,69.153,69.153,69.153,69.153,69.153,69.153,69.153,69.153,69.153,69.153,69.153,69.153,69.153,69.153,69.153,69.153,69.153,69.153,69.153,69.153,69.153,69.153,69.153,69.153,69.153,69.153,69.153,69.153,69.153,69.153,69.153,69.153,69.153
69.153,69.153,69.153,69.153,69.153,69.153,69.153,69.153,69.153,69.153,69.153,69.153,69.153,69.153,69.153,69.153,69.153,69.153,69.153,69.153,69.153,69.153,69.153,69.153,69.153,69.153,69.153,69.153,69.153,69.153,69.153,69.153,69.153,69.153,69.153,69.153,69.153,69.153,69.153,69.153,69.153,69.153,69.153,69.153,69.153,69.153,69.153,69.153,69.153,69.153,69.153,69.153,69.153,69.153,69.153,69.153,69.153,69.153,69.153,69.153
69.153,69.153,69.153,69.153,69.153,69.153,69.153,69.153,69.153,69.153,69.153,69.153,69.153,69.153,69.153,69.153,69.153,69.153,69.153,69.153,69.153,69.153,69.153,69.153,69.153,69.153,69.153,69.153,69.153,69.153,69.153,69.153,69.153,69.153,69.153,69.153,69.153,69.153,69.153,69.153,69.153,69.153,69.153,69.153,69.153,69.153,69.153,69.153,69.153,69.153,69.153,69.153,69.153,69.153,69.153,69.153,69.153,69.153,69.153,69.153
69.153,69.153,69.153,69.153,69.153,69.153,69.153,69.153,69.153,69.153,69.153,69.153,69.153,69.153,69.153,69.153,69.153,69.153,69.153,69.153,69.153,69.153,69.153,69.153,69.153,69.153,69.153,69.153,69.153,69.153,69.153,69.153,69.153,69.153,69.153,69.153,69.153,69.153,69.153,69.153,69.153,69.153,69.153,69.153,69.153,69.153,69.153,69.153,69.153,69.153,69.153,69.153,69.153,69.153,69.153,69.153,69.153,69.153,69.153,69.153
69.153,69.153,69.153,69.153,69.153,69.153,69.153,69.153,69.153,69.153,69.153,69.153,69.153,69.153,69.153,69.153,69.153,69.153,69.153,69.153,69.153,69.153,69.153,69.153,69.153,69.153,69.153,69.153,69.153,69.153,69.153,69.153,69.153,69.153,69.153,69.153,69.153,69.153,69.153,69.153,69.153,69.153,69.153,69.153,69.153,69.153,69.153,69.153,69.153,69.153,69.153,69.153,69.153,69.153,69.153,69.153,69.153,69.153,69.153,69.153
69.153,69.153,69.153,69.153,69.153,69.153,69.153,69.153,69.153,69.153,69.153,69.153,69.153,69.153,69.153,69.153,69.153,69.153,69.153,69.153,69.153,69.153,69.153,69.153,69.153,69.153,69.153,69.153,69.153,69.153,69.153,69.153,69.153,69.153,69.153,69.153,69.153,69.153,69.153,69.153,69.153,69.153,69.153,69.153,69.153,69.153,69.153,69.153,69.153,69.153,69.153,69.153,69.153,69.153,69.153,69.153,69.153,69.153,69.153,69.153
69.153,69.153,69.153,69.153,69.153,69.153,69.153,69.153,69.153,69.153,69.153,69.153,69.153,69.153,69.153,69.153,69.153,69.153,69.153,69.153,69.153,69.153,69.153,69.153,69.153,69.153,69.153,69.153,69.153,69.153,69.153,69.153,69.153,69.153,69.153,69.153,69.153,69.153,69.153,69.153,69.153,69.153,69.153,69.153,69.153,69.153,69.153,69.153,69.153,69.153,69.153,69.153,69.153,69.153,69.153,69.153,69.153,69.153,69.153,69.153
69.153,69.153,69.153,69.153,69.153,69.153,69.153,69.153,69.153,69.153,69.153,69.153,69.153,69.153,69.153,69.153,69.153,69.153,69.153,69.153,69.153,69.153,69.153,69.153,69.153,69.153,69.153,69.153,69.153,69.153,69.153,69.153,69.153,69.153,69.153,69.153,69.153,69.153,69.153,69.153,69.153,69.153,69.153,69.153,69.153,69.153,69.153,69.153,69.153,69.153,69.153,69.153,69.153,69.153,69.153,69.153,69.153,69.153,69.153,69.153
69.153,69.153,69.153,69.153,69.153,69.153,69.153,69.153,69.153,69.153,69.153,69.153,69.153,69.153,69.153,69.153,69.153,69.153,69.153,69.153,69.153,69.153,69.153,69.153,69.153,69.153,69.153,69.153,69.153,69.153,69.153,69.153,69.153,69.153,69.153,69.153,69.153,69.153,69.153,69.153,69.153,69.153,69.153,69.153,69.153,69.153,69.153,69.153,69.153,69.153,69.153,69.153,69.153,69.153,69.153,69.153,69.153,69.153,69.153,69.153
69.153,69.153,69.153,69.153,69.153,69.153,69.153,69.153,69.153,69.153,69.153,69.153,69.153,69.153,69.153,69.153,69.153,69.153,69.153,69.153,69.153,69.153,69.153,69.153,69.153,69.153,69.153,69.153,69.153,69.153,69.153,69.153,69.153,69.153,69.153,69.153,69.153,69.153,69.153,69.153,69.153,69.153,69.153,69.153,69.153,69.153,69.153,69.153,69.153,69.153,69.153,69.153,69.153,69.153,69.153,69.153,69.153,69.153,69.153,69.153
69.153,69.153,69.153,69.153,69.153,69.153,69.153,69.153,69.153,69.153,69.153,69.153,69.153,69.153,69.153,69.153,69.153,69.153,69.153,69.153,69.153,69.153,69.153,69.153,69.153,69.153,69.153,69.153,69.153,69.153,69.153,69.153,69.153,69.153,69.153,69.153,69.153,69.153,69.153,69.153,69.153,69.153,69.153,69.153,69.153,69.153,69.153,69.153,69.153,69.153,69.153,69.153,69.153,69.153,69.153,69.153,69.153,69.153,69.153,69.153
69.153,69.153,69.153,69.153,69.153,69.153,69.153,69.153,69.153,69.153,69.153,69.153,69.153,69.153,69.153,69.153,69.153,69.153,69.153,69.153,69.153,69.153,69.153,69.153,69.153,69.153,69.153,69.153,69.153,69.153,69.153,69.153,69.153,69.153,69.153,69.153,69.153,69.153,69.153,69.153,69.153,69.153,69.153,69.153,69.153,69.153,69.153,69.153,69.153,69.153,69.153,69.153,69.153,69.153,69.153,69.153,69.153,69.153,69.153,69.153
69.153,69.153,69.153,69.153,69.153,69.153,69.153,69.153,69.153,69.153,69.153,69.153,69.153,69.153,69.153,69.153,69.153,69.153,69.153,69.153,69.153,69.153,69.153,69.153,69.153,69.153,69.153,69.153,69.153,69.153,69.153,69.153,69.153,69.153,69.153,69.153,69.153,69.153,69.153,69.153,69.153,69.153,69.153,69.153,69.153,69.153,69.153,69.153,69.153,69.153,69.153,69.153,69.153,69.153,69.153,69.153,69.153,69.153,69.153,69.153
69.153,69.153,69.153,69.153,69.153,69.153,69.153,69.153,69.153,69.153,69.153,69.153,69.153,69.153,69.153,69.153,69.153,69.153,69.153,69.153,69.153,69.153,69.153,69.153,69.153,69.153,69.153,69.153,69.153,69.153,69.153,69.153,69.153,69.153,69.153,69.153,69.153,69.153,69.153,69.153,69.153,69.153,69.153,69.153,69.153,69.153,69.153,69.153,69.153,69.153,69.153,69.153,69.153,69.153,69.153,69.153,69.153,69.153,69.153,69.153
69.153,69.153,69.153,69.153,69.153,69.153,69.153,69.153,69.153,69.153,69.153,69.153,69.153,69.153,69.153,69.153,69.153,69.153,69.153,69.153,69.153,69.153,69.153,69.153,69.153,69.153,69.153,69.153,69.153,69.153,69.153,69.153,69.153,69.153,69.153,69.153,69.153,69.153,69.153,69.153,69.153,69.153,69.153,69.153,69.153,69.153,69.153,69.153,69.153,69.153,69.153,69.153,69.153,69.153,69.153,69.153,69.153,69.153,69.153,69.153
69.153,69.153,69.153,69.153,69.153,69.153,69.153,69.153,69.153,69.153,69.153,69.153,69.153,69.153,69.153,69.153,69.153,69.153,69.153,69.153,69.153,69.153,69.153,69.153,69.153,69.153,69.153,69.153,69.153,69.153,69.153,69.153,69.153,69.153,69.153,69.153,69.153,69.153,69.153,69.153,69.153,69.153,69.153,69.153,69.153,69.153,69.153,69.153,69.153,69.153,69.153,69.153,69.153,69.153,69.153,69.153,69.153,69.153,69.153,69.153
69.153,69.153,69.153,69.153,69.153,69.153,69.153,69.153,69.153,69.153,69.153,69.153,69.153,69.153,69.153,69.153,69.153,69.153,69.153,69.153,69.153,69.153,69.153,69.153,69.153,69.153,69.153,69.153,69.153,69.153,69.153,69.153,69.153,69.153,69.153,69.153,69.153,69.153,69.153,69.153,69.153,69.153,69.153,69.153,69.153,69.153,69.153,69.153,69.153,69.153,69.153,69.153,69.153,69.153,69.153,69.153,69.153,69.153,69.153,69.153
69.153,69.153,69.153,69.153,69.153,69.153,69.153,69.153,69.153,69.153,69.153,69.153,69.153,69.153,69.153,69.153,69.153,69.153,69.153,69.153,69.153,69.153,69.153,69.153,69.153,69.153,69.153,69.153,69.153,69.153,69.153,69.153,69.153,69.153,69.153,69.153,69.153,69.153,69.153,69.153,69.153,69.153,69.153,69.153,69.153,69.153,69.153,69.153,69.153,69.153,69.153,69.153,69.153,69.153,69.153,69.153,69.153,69.153,69.153,69.153
69.153,69.153,69.153,69.153,69.153,69.153,69.153,69.153,69.153,69.153,69.153,69.153,69.153,69.153,69.153,69.153,69.153,69.153,69.153,69.153,69.153,69.153,69.153,69.153,69.153,69.153,69.153,69.153,69.153,69.153,69.153,69.153,69.153,69.153,69.153,69.153,69.153,69.153,69.153,69.153,69.153,69.153,69.153,69.153,69.153,69.153,69.153,69.153,69.153,69.153,69.153,69.153,69.153,69.153,69.153,69.153,69.153,69.153,69.153,69.153
69.153,69.153,69.153,69.153,69.153,69.153,69.153,69.153,69.153,69.153,69.153,69.153,69.153,69.153,69.153,69.153,69.153,69.153,69.153,69.153,69.153,69.153,69.153,69.153,69.153,69.153,69.153,69.153,69.153,69.153,69.153,69.153,69.153,69.153,69.153,69.153,69.153,69.153,69.153,69.153,69.153,69.153,69.153,69.153,69.153,69.153,69.153,69.153,69.153,69.153,69.153,69.153,69.153,69.153,69.153,69.153,69.153,69.153,69.153,69.153
69.153,69.153,69.153,69.153,69.153,69.153,69.153,69.153,69.153,69.153,69.153,69.153,69.153,69.153,69.153,69.153,69.153,69.153,69.153,69.153,69.153,69.153,69.153,69.153,69.153,69.153,69.153,69.153,69.153,69.153,69.153,69.153,69.153,69.153,69.153,69.153,69.153,69.153,69.153,69.153,69.153,69.153,69.153,69.153,69.153,69.153,69.153,69.153,69.153,69.153,69.153,69.153,69.153,69.153,69.153,69.153,69.153,69.153,69.153,69.153
69.153,69.153,69.153,69.153,69.153,69.153,69.153,69.153,69.153,69.153,69.153,69.153,69.153,69.153,69.153,69.153,69.153,69.153,69.153,69.153,69.153,69.153,69.153,69.153,69.153,69.153,69.153,69.153,69.153,69.153,69.153,69.153,69.153,69.153,69.153,69.153,69.153,69.153,69.153,69.153,69.153,69.153,69.153,69.153,69.153,69.153,69.153,69.153,69.153,69.153,69.153,69.153,69.153,69.153,69.153,69.153,69.153,69.153,69.153,69.153
69.153,69.153,69.153,69.153,69.153,69.153,69.153,69.153,69.153,69.153,69.153,69.153,69.153,69.153,69.153,69.153,69.153,69.153,69.153,69.153,69.153,69.153,69.153,69.153,69.153,69.153,69.153,69.153,69.153,69.153,69.153,69.153,69.153,69.153,69.153,69.153,69.153,69.153,69.153,69.153,69.153,69.153,69.153,69.153,69.153,69.153,69.153,69.153,69.153,69.153,69.153,69.153,69.153,69.153,69.153,69.153,69.153,69.153,69.153,69.153
69.153,69.153,69.153,69.153,69.153,69.153,69.153,69.153,69.153,69.153,69.153,69.153,69.153,69.153,69.153,69.153,69.153,69.153,69.153,69.153,69.153,69.153,69.153,69.153,69.153,69.153,69.153,69.153,69.153,69.153,69.153,69.153,69.153,69.153,69.153,69.153,69.153,69.153,69.153,69.153,69.153,69.153,69.153,69.153,69.153,69.153,69.153,69.153,69.153,69.153,69.153,69.153,69.153,69.153,69.153,69.153,69.153,69.153,69.153,69.153
69.153,69.153,69.153,69.153,69.153,69.153,69.153,69.153,69.153,69.153,69.153,69.153,69.153,69.153,69.153,69.153,69.153,69.153,69.153,69.153,69.153,69.153,69.153,69.153,69.153,69.153,69.153,69.153,69.153,69.153,69.153,69.153,69.153,69.153,69.153,69.153,69.153,69.153,69.153,69.153,69.153,69.153,69.153,69.153,69.153,69.153,69.153,69.153,69.153,69.153,69.153,69.153,69.153,69.153,69.153,69.153,69.153,69.153,69.153,69.153
69.153,69.153,69.153,69.153,69.153,69.153,69.153,69.153,69.153,69.153,69.153,69.153,69.153,69.153,69.153,69.153,69.153,69.153,69.153,69.153,69.153,69.153,69.153,69.153,69.153,69.153,69.153,69.153,69.153,69.153,69.153,69.153,69.153,69.153,69.153,69.153,69.153,69.153,69.153,69.153,69.153,69.153,69.153,69.153,69.153,69.153,69.153,69.153,69.153,69.153,69.153,69.153,69.153,69.153,69.153,69.153,69.153,69.153,69.153,69.153
69.153,69.153,69.153,69.153,69.153,69.153,69.153,69.153,69.153,69.153,69.153,69.153,69.153,69.153,69.153,69.153,69.153,69.153,69.153,69.153,69.153,69.153,69.153,69.153,69.153,69.153,69.153,69.153,69.153,69.153,69.153,69.153,69.153,69.153,69.153,69.153,69.153,69.153,69.153,69.153,69.153,69.153,69.153,69.153,69.153,69.153,69.153,69.153,69.153,69.153,69.153,69.153,69.153,69.153,69.153,69.153,69.153,69.153,69.153,69.153
69.153,69.153,69.153,69.153,69.153,69.153,69.153,69.153,69.153,69.153,69.153,69.153,69.153,69.153,69.153,69.153,69.153,69.153,69.153,69.153,69.153,69.153,69.153,69.153,69.153,69.153,69.153,69.153,69.153,69.153,69.153,69.153,69.153,69.153,69.153,69.153,69.153,69.153,69.153,69.153,69.153,69.153,69.153,69.153,69.153,69.153,69.153,69.153,69.153,69.153,69.153,69.153,69.153,69.153,69.153,69.153,69.153,69.153,69.153,69.153
69.153,69.153,69.153,69.153,69.153,69.153,69.153,69.153,69.153,69.153,69.153,69.153,69.153,69.153,69.153,69.153,69.153,69.153,69.153,69.153,69.153,69.153,69.153,69.153,69.153,69.153,69.153,69.153,69.153,69.153,69.153,69.153,69.153,69.153,69.153,69.153,69.153,69.153,69.153,69.153,69.153,69.153,69.153,69.153,69.153,69.153,69.153,69.153,69.153,69.153,69.153,69.153,69.153,69.153,69.153,69.153,69.153,69.153,69.153,69.153
69.153,69.153,69.153,69.153,69.153,69.153,69.153,69.153,69.153,69.153,69.153,69.153,69.153,69.153,69.153,69.153,69.153,69.153,69.153,69.153,69.153,69.153,69.153,69.153,69.153,69.153,69.153,69.153,69.153,69.153,69.153,69.153,69.153,69.153,69.153,69.153,69.153,69.153,69.153,69.153,69.153,69.153,69.153,69.153,69.153,69.153,69.153,69.153,69.153,69.153,69.153,69.153,69.153,69.153,69.153,69.153,69.153,69.153,69.153,69.153
