0.6,0.59661,0.59322,0.58983,0.58644,0.58305,0.57966,0.57627,0.57288,0.56949,0.5661,0.56271,0.55932,0.55593,0.55254,0.54915,0.54576,0.54237,0.53898,0.53559,0.5322,0.52881,0.52542,0.52203,0.51864,0.51525,0.51186,0.50847,0.50508,0.50169,0.49831,0.49492,0.49153,0.48814,0.48475,0.48136,0.47797,0.47458,0.47119,0.4678,0.46441,0.46102,0.45763,0.45424,0.45085,0.44746,0.44407,0.44068,0.43729,0.4339,0.43051,0.42712,0.42373,0.42034,0.41695,0.41356,0.41017,0.40678,0.40339,0.4
12,16.068,20.136,24.203,28.271,32.339,36.407,40.475,44.542,48.61,52.678,56.746,60.814,64.881,68.949,73.017,77.085,81.153,85.22,89.288,93.356,97.424,101.49,105.56,109.63,113.69,117.76,121.83,125.9,129.97,134.03,138.1,142.17,146.24,150.31,154.37,158.44,162.51,166.58,170.64,174.71,178.78,182.85,186.92,190.98,195.05,199.12,203.19,207.25,211.32,215.39,219.46,223.53,227.59,231.66,235.73,239.8,243.86,247.93,252
90.131,97.224,130.98,130.6,195.87,168.29,157.3,225.01,220.84,216.45,211.81,206.87,201.54,183.18,178.86,176.08,176.25,187.27,259.74,259.74,259.74,259.74,259.74,259.74,259.74,259.74,259.74,259.74,259.74,259.74,259.74,259.74,259.74,259.74,259.74,259.74,259.74,259.74,259.74,259.74,259.74,259.74,259.74,259.74,259.74,259.74,259.74,259.74,259.74,259.74,259.74,259.74,259.74,259.74,259.74,259.74,259.74,259.74,259.74,259.74
89.354,96.945,130.4,130.23,195.76,168.04,157.01,225.05,220.88,216.49,211.84,206.88,201.54,183.07,178.69,175.85,175.99,187.02,259.74,259.74,259.74,259.74,259.74,259.74,259.74,259.74,259.74,259.74,259.74,259.74,259.74,259.74,259.74,259.74,259.74,259.74,259.74,259.74,259.74,259.74,259.74,259.74,259.74,259.74,259.74,259.74,259.74,259.74,259.74,259.74,259.74,259.74,259.74,259.74,259.74,259.74,259.74,259.74,259.74,259.74
88.567,96.644,129.84,129.86,195.66,167.79,156.71,225.1,220.92,216.52,211.87,206.9,201.53,182.95,178.52,175.63,175.72,186.77,259.74,259.74,259.74,259.74,259.74,259.74,259.74,259.74,259.74,259.74,259.74,259.74,259.74,259.74,259.74,259.74,259.74,259.74,259.74,259.74,259.74,259.74,259.74,259.74,259.74,259.74,259.74,259.74,259.74,259.74,259.74,259.74,259.74,259.74,259.74,259.74,259.74,259.74,259.74,259.74,259.74,259.74
87.794,96.339,129.28,129.5,195.55,167.53,156.42,225.14,220.96,216.56,211.89,206.91,201.53,182.84,178.35,175.41,175.46,186.53,259.74,259.74,259.74,259.74,259.74,259.74,259.74,259.74,259.74,259.74,259.74,259.74,259.74,259.74,259.74,259.74,259.74,259.74,259.74,259.74,259.74,259.74,259.74,259.74,259.74,259.74,259.74,259.74,259.74,259.74,259.74,259.74,259.74,259.74,259.74,259.74,259.74,259.74,259.74,259.74,259.74,259.74
87.047,96.046,128.71,129.13,195.46,167.26,156.12,225.18,221,216.59,211.92,206.93,201.52,182.72,178.18,175.18,175.2,186.29,259.74,259.74,259.74,259.74,259.74,259.74,259.74,259.74,259.74,259.74,259.74,259.74,259.74,259.74,259.74,259.74,259.74,259.74,259.74,259.74,259.74,259.74,259.74,259.74,259.74,259.74,259.74,259.74,259.74,259.74,259.74,259.74,259.74,259.74,259.74,259.74,259.74,259.74,259.74,259.74,259.74,259.74
86.328,95.758,128.11,128.77,195.37,166.99,155.82,225.22,221.03,216.63,211.94,206.94,201.51,182.61,178,174.96,174.94,186.04,259.74,259.74,259.74,259.74,259.74,259.74,259.74,259.74,259.74,259.74,259.74,259.74,259.74,259.74,259.74,259.74,259.74,259.74,259.74,259.74,259.74,259.74,259.74,259.74,259.74,259.74,259.74,259.74,259.74,259.74,259.74,259.74,259.74,259.74,259.74,259.74,259.74,259.74,259.74,259.74,259.74,259.74
85.637,95.475,127.5,128.4,195.29,166.72,155.52,225.26,221.07,216.66,211.97,206.95,201.51,182.49,177.83,174.74,174.68,185.8,259.74,259.74,259.74,259.74,259.74,259.74,259.74,259.74,259.74,259.74,259.74,259.74,259.74,259.74,259.74,259.74,259.74,259.74,259.74,259.74,259.74,259.74,259.74,259.74,259.74,259.74,259.74,259.74,259.74,259.74,259.74,259.74,259.74,259.74,259.74,259.74,259.74,259.74,259.74,259.74,259.74,259.74
84.939,95.199,126.87,128.04,195.2,166.44,155.21,225.3,221.11,216.69,211.99,206.96,201.5,182.37,177.66,174.51,174.43,185.56,259.74,259.74,259.74,259.74,259.74,259.74,259.74,259.74,259.74,259.74,259.74,259.74,259.74,259.74,259.74,259.74,259.74,259.74,259.74,259.74,259.74,259.74,259.74,259.74,259.74,259.74,259.74,259.74,259.74,259.74,259.74,259.74,259.74,259.74,259.74,259.74,259.74,259.74,259.74,259.74,259.74,259.74
84.191,94.933,126.26,127.68,195.1,166.15,154.9,225.33,221.14,216.72,212.02,206.97,201.49,182.26,177.49,174.29,174.17,185.33,259.74,259.74,259.74,259.74,259.74,259.74,259.74,259.74,259.74,259.74,259.74,259.74,259.74,259.74,259.74,259.74,259.74,259.74,259.74,259.74,259.74,259.74,259.74,259.74,259.74,259.74,259.74,259.74,259.74,259.74,259.74,259.74,259.74,259.74,259.74,259.74,259.74,259.74,259.74,259.74,259.74,259.74
83.43,94.676,125.65,127.32,194.96,165.86,154.59,225.37,221.18,216.75,212.04,206.98,201.48,182.14,177.32,174.07,173.91,185.09,259.74,259.74,259.74,259.74,259.74,259.74,259.74,259.74,259.74,259.74,259.74,259.74,259.74,259.74,259.74,259.74,259.74,259.74,259.74,259.74,259.74,259.74,259.74,259.74,259.74,259.74,259.74,259.74,259.74,259.74,259.74,259.74,259.74,259.74,259.74,259.74,259.74,259.74,259.74,259.74,259.74,259.74
82.682,94.417,125.04,126.97,194.8,165.56,154.28,225.4,221.21,216.78,212.06,206.99,201.47,182.02,177.15,173.84,173.65,184.86,259.74,259.74,259.74,259.74,259.74,259.74,259.74,259.74,259.74,259.74,259.74,259.74,259.74,259.74,259.74,259.74,259.74,259.74,259.74,259.74,259.74,259.74,259.74,259.74,259.74,259.74,259.74,259.74,259.74,259.74,259.74,259.74,259.74,259.74,259.74,259.74,259.74,259.74,259.74,259.74,259.74,259.74
81.958,94.157,124.43,126.62,194.63,165.26,153.96,225.44,221.24,216.81,212.08,207,201.46,181.9,176.97,173.62,173.4,184.62,259.74,259.74,259.74,259.74,259.74,259.74,259.74,259.74,259.74,259.74,259.74,259.74,259.74,259.74,259.74,259.74,259.74,259.74,259.74,259.74,259.74,259.74,259.74,259.74,259.74,259.74,259.74,259.74,259.74,259.74,259.74,259.74,259.74,259.74,259.74,259.74,259.74,259.74,259.74,259.74,259.74,259.74
81.257,93.897,123.81,126.26,194.47,164.95,153.65,225.47,221.27,216.83,212.1,207.01,201.45,181.78,176.8,173.4,173.14,184.39,259.74,259.74,259.74,259.74,259.74,259.74,259.74,259.74,259.74,259.74,259.74,259.74,259.74,259.74,259.74,259.74,259.74,259.74,259.74,259.74,259.74,259.74,259.74,259.74,259.74,259.74,259.74,259.74,259.74,259.74,259.74,259.74,259.74,259.74,259.74,259.74,259.74,259.74,259.74,259.74,259.74,259.74
80.578,93.642,123.18,125.91,194.34,164.63,153.33,225.51,221.31,216.86,212.12,207.02,201.44,181.66,176.63,173.17,172.88,184.16,259.74,259.74,259.74,259.74,259.74,259.74,259.74,259.74,259.74,259.74,259.74,259.74,259.74,259.74,259.74,259.74,259.74,259.74,259.74,259.74,259.74,259.74,259.74,259.74,259.74,259.74,259.74,259.74,259.74,259.74,259.74,259.74,259.74,259.74,259.74,259.74,259.74,259.74,259.74,259.74,259.74,259.74
79.918,93.398,122.55,125.55,194.25,164.32,153.01,225.54,221.34,216.89,212.14,207.02,201.43,181.54,176.45,172.95,172.63,183.93,259.74,259.74,259.74,259.74,259.74,259.74,259.74,259.74,259.74,259.74,259.74,259.74,259.74,259.74,259.74,259.74,259.74,259.74,259.74,259.74,259.74,259.74,259.74,259.74,259.74,259.74,259.74,259.74,259.74,259.74,259.74,259.74,259.74,259.74,259.74,259.74,259.74,259.74,259.74,259.74,259.74,259.74
79.249,93.158,121.92,125.21,194.11,164,152.69,225.57,221.37,216.91,212.16,207.03,201.42,181.42,176.28,172.73,172.37,183.7,259.74,259.74,259.74,259.74,259.74,259.74,259.74,259.74,259.74,259.74,259.74,259.74,259.74,259.74,259.74,259.74,259.74,259.74,259.74,259.74,259.74,259.74,259.74,259.74,259.74,259.74,259.74,259.74,259.74,259.74,259.74,259.74,259.74,259.74,259.74,259.74,259.74,259.74,259.74,259.74,259.74,259.74
78.574,92.922,121.29,124.87,193.95,163.67,152.36,225.6,221.4,216.94,212.17,207.03,201.4,181.3,176.1,172.5,172.12,183.47,259.74,259.74,259.74,259.74,259.74,259.74,259.74,259.74,259.74,259.74,259.74,259.74,259.74,259.74,259.74,259.74,259.74,259.74,259.74,259.74,259.74,259.74,259.74,259.74,259.74,259.74,259.74,259.74,259.74,259.74,259.74,259.74,259.74,259.74,259.74,259.74,259.74,259.74,259.74,259.74,259.74,259.74
77.898,92.694,120.67,124.53,193.76,163.33,152.03,225.63,221.42,216.96,212.19,207.04,201.39,181.17,175.93,172.28,171.87,183.25,259.74,259.74,259.74,259.74,259.74,259.74,259.74,259.74,259.74,259.74,259.74,259.74,259.74,259.74,259.74,259.74,259.74,259.74,259.74,259.74,259.74,259.74,259.74,259.74,259.74,259.74,259.74,259.74,259.74,259.74,259.74,259.74,259.74,259.74,259.74,259.74,259.74,259.74,259.74,259.74,259.74,259.74
77.219,92.469,120.03,124.19,193.55,162.99,151.71,225.66,221.45,216.99,212.21,207.04,201.38,181.05,175.75,172.05,171.61,183.02,259.74,259.74,259.74,259.74,259.74,259.74,259.74,259.74,259.74,259.74,259.74,259.74,259.74,259.74,259.74,259.74,259.74,259.74,259.74,259.74,259.74,259.74,259.74,259.74,259.74,259.74,259.74,259.74,259.74,259.74,259.74,259.74,259.74,259.74,259.74,259.74,259.74,259.74,259.74,259.74,259.74,259.74
76.552,92.246,119.41,123.85,193.35,162.64,151.38,225.69,221.48,217.01,212.22,207.05,201.36,180.93,175.57,171.83,171.36,182.8,259.74,259.74,259.74,259.74,259.74,259.74,259.74,259.74,259.74,259.74,259.74,259.74,259.74,259.74,259.74,259.74,259.74,259.74,259.74,259.74,259.74,259.74,259.74,259.74,259.74,259.74,259.74,259.74,259.74,259.74,259.74,259.74,259.74,259.74,259.74,259.74,259.74,259.74,259.74,259.74,259.74,259.74
75.909,92.048,118.79,123.51,193.17,162.29,151.04,225.72,221.51,217.03,212.24,207.05,201.35,180.8,175.4,171.6,171.11,182.58,259.74,259.74,259.74,259.74,259.74,259.74,259.74,259.74,259.74,259.74,259.74,259.74,259.74,259.74,259.74,259.74,259.74,259.74,259.74,259.74,259.74,259.74,259.74,259.74,259.74,259.74,259.74,259.74,259.74,259.74,259.74,259.74,259.74,259.74,259.74,259.74,259.74,259.74,259.74,259.74,259.74,259.74
75.279,91.834,118.16,123.18,193.01,161.94,150.71,225.75,221.53,217.05,212.25,207.06,201.33,180.67,175.22,171.38,170.85,182.36,259.74,259.74,259.74,259.74,259.74,259.74,259.74,259.74,259.74,259.74,259.74,259.74,259.74,259.74,259.74,259.74,259.74,259.74,259.74,259.74,259.74,259.74,259.74,259.74,259.74,259.74,259.74,259.74,259.74,259.74,259.74,259.74,259.74,259.74,259.74,259.74,259.74,259.74,259.74,259.74,259.74,259.74
74.678,91.622,117.52,122.85,192.85,161.58,150.37,225.78,221.56,217.07,212.27,207.06,201.32,180.55,175.04,171.15,170.6,182.14,259.74,259.74,259.74,259.74,259.74,259.74,259.74,259.74,259.74,259.74,259.74,259.74,259.74,259.74,259.74,259.74,259.74,259.74,259.74,259.74,259.74,259.74,259.74,259.74,259.74,259.74,259.74,259.74,259.74,259.74,259.74,259.74,259.74,259.74,259.74,259.74,259.74,259.74,259.74,259.74,259.74,259.74
74.073,91.41,116.88,122.52,192.7,161.22,150.03,225.8,221.58,217.09,212.28,207.06,201.3,180.42,174.86,170.93,170.35,181.92,259.74,259.74,259.74,259.74,259.74,259.74,259.74,259.74,259.74,259.74,259.74,259.74,259.74,259.74,259.74,259.74,259.74,259.74,259.74,259.74,259.74,259.74,259.74,259.74,259.74,259.74,259.74,259.74,259.74,259.74,259.74,259.74,259.74,259.74,259.74,259.74,259.74,259.74,259.74,259.74,259.74,259.74
73.464,91.205,116.25,122.2,192.52,160.85,149.69,225.83,221.61,217.12,212.29,207.06,201.28,180.29,174.68,170.7,170.1,181.7,259.74,259.74,259.74,259.74,259.74,259.74,259.74,259.74,259.74,259.74,259.74,259.74,259.74,259.74,259.74,259.74,259.74,259.74,259.74,259.74,259.74,259.74,259.74,259.74,259.74,259.74,259.74,259.74,259.74,259.74,259.74,259.74,259.74,259.74,259.74,259.74,259.74,259.74,259.74,259.74,259.74,259.74
72.858,91.011,115.62,121.89,192.29,160.47,149.35,225.86,221.63,217.13,212.31,207.06,201.27,180.16,174.5,170.47,169.85,181.49,259.74,259.74,259.74,259.74,259.74,259.74,259.74,259.74,259.74,259.74,259.74,259.74,259.74,259.74,259.74,259.74,259.74,259.74,259.74,259.74,259.74,259.74,259.74,259.74,259.74,259.74,259.74,259.74,259.74,259.74,259.74,259.74,259.74,259.74,259.74,259.74,259.74,259.74,259.74,259.74,259.74,259.74
72.259,90.819,115,121.57,192.03,160.09,149.01,225.88,221.65,217.15,212.32,207.06,201.25,180.03,174.32,170.24,169.59,181.27,259.74,259.74,259.74,259.74,259.74,259.74,259.74,259.74,259.74,259.74,259.74,259.74,259.74,259.74,259.74,259.74,259.74,259.74,259.74,259.74,259.74,259.74,259.74,259.74,259.74,259.74,259.74,259.74,259.74,259.74,259.74,259.74,259.74,259.74,259.74,259.74,259.74,259.74,259.74,259.74,259.74,259.74
71.67,90.626,114.38,121.25,191.78,159.7,148.66,225.91,221.68,217.17,212.33,207.06,201.23,179.9,174.14,170.02,169.34,181.06,259.74,259.74,259.74,259.74,259.74,259.74,259.74,259.74,259.74,259.74,259.74,259.74,259.74,259.74,259.74,259.74,259.74,259.74,259.74,259.74,259.74,259.74,259.74,259.74,259.74,259.74,259.74,259.74,259.74,259.74,259.74,259.74,259.74,259.74,259.74,259.74,259.74,259.74,259.74,259.74,259.74,259.74
71.098,90.437,113.75,120.93,191.54,159.3,148.32,225.93,221.7,217.19,212.34,207.06,201.21,179.77,173.95,169.79,169.09,180.85,259.74,259.74,259.74,259.74,259.74,259.74,259.74,259.74,259.74,259.74,259.74,259.74,259.74,259.74,259.74,259.74,259.74,259.74,259.74,259.74,259.74,259.74,259.74,259.74,259.74,259.74,259.74,259.74,259.74,259.74,259.74,259.74,259.74,259.74,259.74,259.74,259.74,259.74,259.74,259.74,259.74,259.74
70.544,90.26,113.12,120.61,191.33,158.9,147.97,225.96,221.72,217.21,212.35,207.06,201.19,179.64,173.77,169.56,168.84,180.64,259.74,259.74,259.74,259.74,259.74,259.74,259.74,259.74,259.74,259.74,259.74,259.74,259.74,259.74,259.74,259.74,259.74,259.74,259.74,259.74,259.74,259.74,259.74,259.74,259.74,259.74,259.74,259.74,259.74,259.74,259.74,259.74,259.74,259.74,259.74,259.74,259.74,259.74,259.74,259.74,259.74,259.74
70.004,90.09,112.5,120.3,191.13,158.51,147.62,225.98,221.74,217.23,212.36,207.06,201.17,179.5,173.58,169.33,168.59,180.43,259.74,259.74,259.74,259.74,259.74,259.74,259.74,259.74,259.74,259.74,259.74,259.74,259.74,259.74,259.74,259.74,259.74,259.74,259.74,259.74,259.74,259.74,259.74,259.74,259.74,259.74,259.74,259.74,259.74,259.74,259.74,259.74,259.74,259.74,259.74,259.74,259.74,259.74,259.74,259.74,259.74,259.74
69.474,89.922,111.88,119.99,190.92,158.1,147.27,226,221.76,217.24,212.37,207.06,201.15,179.37,173.4,169.1,168.34,180.22,259.74,259.74,259.74,259.74,259.74,259.74,259.74,259.74,259.74,259.74,259.74,259.74,259.74,259.74,259.74,259.74,259.74,259.74,259.74,259.74,259.74,259.74,259.74,259.74,259.74,259.74,259.74,259.74,259.74,259.74,259.74,259.74,259.74,259.74,259.74,259.74,259.74,259.74,259.74,259.74,259.74,259.74
68.959,89.759,117,119.69,190.66,157.7,146.92,226.02,221.78,217.26,212.38,207.06,201.13,179.23,173.21,168.87,168.09,180.01,259.74,259.74,259.74,259.74,259.74,259.74,259.74,259.74,259.74,259.74,259.74,259.74,259.74,259.74,259.74,259.74,259.74,259.74,259.74,259.74,259.74,259.74,259.74,259.74,259.74,259.74,259.74,259.74,259.74,259.74,259.74,259.74,259.74,259.74,259.74,259.74,259.74,259.74,259.74,259.74,259.74,259.74
68.455,89.594,110.66,119.41,190.38,157.28,146.56,226.05,221.8,217.28,212.39,207.05,201.11,179.1,173.02,168.64,167.84,179.81,259.74,259.74,259.74,259.74,259.74,259.74,259.74,259.74,259.74,259.74,259.74,259.74,259.74,259.74,259.74,259.74,259.74,259.74,259.74,259.74,259.74,259.74,259.74,259.74,259.74,259.74,259.74,259.74,259.74,259.74,259.74,259.74,259.74,259.74,259.74,259.74,259.74,259.74,259.74,259.74,259.74,259.74
67.958,89.426,110.06,119.12,190.09,156.85,146.21,226.07,221.82,217.29,212.4,207.05,201.09,178.96,172.84,168.41,167.59,179.6,259.74,259.74,259.74,259.74,259.74,259.74,259.74,259.74,259.74,259.74,259.74,259.74,259.74,259.74,259.74,259.74,259.74,259.74,259.74,259.74,259.74,259.74,259.74,259.74,259.74,259.74,259.74,259.74,259.74,259.74,259.74,259.74,259.74,259.74,259.74,259.74,259.74,259.74,259.74,259.74,259.74,259.74
67.461,89.261,109.46,118.84,189.82,156.42,145.85,226.09,221.84,217.31,212.41,207.05,201.07,178.82,172.65,168.18,167.35,179.4,259.74,259.74,259.74,259.74,259.74,259.74,259.74,259.74,259.74,259.74,259.74,259.74,259.74,259.74,259.74,259.74,259.74,259.74,259.74,259.74,259.74,259.74,259.74,259.74,259.74,259.74,259.74,259.74,259.74,259.74,259.74,259.74,259.74,259.74,259.74,259.74,259.74,259.74,259.74,259.74,259.74,259.74
66.971,89.111,108.85,118.54,189.56,155.99,145.5,226.11,221.86,217.32,212.41,207.04,201.05,178.68,172.46,167.95,167.1,179.19,259.74,259.74,259.74,259.74,259.74,259.74,259.74,259.74,259.74,259.74,259.74,259.74,259.74,259.74,259.74,259.74,259.74,259.74,259.74,259.74,259.74,259.74,259.74,259.74,259.74,259.74,259.74,259.74,259.74,259.74,259.74,259.74,259.74,259.74,259.74,259.74,259.74,259.74,259.74,259.74,259.74,259.74
66.493,88.965,108.25,118.24,189.29,155.55,145.14,226.13,221.88,217.34,212.42,207.04,201.02,178.54,172.26,167.71,166.85,178.99,259.74,259.74,259.74,259.74,259.74,259.74,259.74,259.74,259.74,259.74,259.74,259.74,259.74,259.74,259.74,259.74,259.74,259.74,259.74,259.74,259.74,259.74,259.74,259.74,259.74,259.74,259.74,259.74,259.74,259.74,259.74,259.74,259.74,259.74,259.74,259.74,259.74,259.74,259.74,259.74,259.74,259.74
66.031,88.82,112.7,117.94,189.01,155.12,144.78,226.15,221.9,217.35,212.43,207.03,201,178.39,172.07,167.48,166.6,178.79,259.74,259.74,259.74,259.74,259.74,259.74,259.74,259.74,259.74,259.74,259.74,259.74,259.74,259.74,259.74,259.74,259.74,259.74,259.74,259.74,259.74,259.74,259.74,259.74,259.74,259.74,259.74,259.74,259.74,259.74,259.74,259.74,259.74,259.74,259.74,259.74,259.74,259.74,259.74,259.74,259.74,259.74
65.585,88.677,112,117.64,188.7,154.67,144.41,226.17,221.92,217.36,212.43,207.03,200.98,178.25,171.88,167.25,166.35,178.59,259.74,259.74,259.74,259.74,259.74,259.74,259.74,259.74,259.74,259.74,259.74,259.74,259.74,259.74,259.74,259.74,259.74,259.74,259.74,259.74,259.74,259.74,259.74,259.74,259.74,259.74,259.74,259.74,259.74,259.74,259.74,259.74,259.74,259.74,259.74,259.74,259.74,259.74,259.74,259.74,259.74,259.74
65.151,88.535,106.47,117.37,188.39,154.22,144.05,226.19,221.93,217.38,212.44,207.02,200.95,178.11,171.68,167.01,166.1,178.4,259.74,259.74,259.74,259.74,259.74,259.74,259.74,259.74,259.74,259.74,259.74,259.74,259.74,259.74,259.74,259.74,259.74,259.74,259.74,259.74,259.74,259.74,259.74,259.74,259.74,259.74,259.74,259.74,259.74,259.74,259.74,259.74,259.74,259.74,259.74,259.74,259.74,259.74,259.74,259.74,259.74,259.74
64.728,88.396,105.9,117.11,188.07,153.76,143.69,226.21,221.95,217.39,212.44,207.02,200.93,177.96,171.49,166.78,165.85,178.2,259.74,259.74,259.74,259.74,259.74,259.74,259.74,259.74,259.74,259.74,259.74,259.74,259.74,259.74,259.74,259.74,259.74,259.74,259.74,259.74,259.74,259.74,259.74,259.74,259.74,259.74,259.74,259.74,259.74,259.74,259.74,259.74,259.74,259.74,259.74,259.74,259.74,259.74,259.74,259.74,259.74,259.74
64.312,88.265,105.33,116.85,187.76,153.3,143.33,226.23,221.97,217.4,212.45,207.01,200.9,177.81,171.29,166.54,165.61,178,259.74,259.74,259.74,259.74,259.74,259.74,259.74,259.74,259.74,259.74,259.74,259.74,259.74,259.74,259.74,259.74,259.74,259.74,259.74,259.74,259.74,259.74,259.74,259.74,259.74,259.74,259.74,259.74,259.74,259.74,259.74,259.74,259.74,259.74,259.74,259.74,259.74,259.74,259.74,259.74,259.74,259.74
63.904,88.14,104.77,116.59,187.45,152.84,142.97,226.25,221.98,217.41,212.45,207,200.88,177.66,171.09,166.3,165.36,177.81,259.74,259.74,259.74,259.74,259.74,259.74,259.74,259.74,259.74,259.74,259.74,259.74,259.74,259.74,259.74,259.74,259.74,259.74,259.74,259.74,259.74,259.74,259.74,259.74,259.74,259.74,259.74,259.74,259.74,259.74,259.74,259.74,259.74,259.74,259.74,259.74,259.74,259.74,259.74,259.74,259.74,259.74
63.504,88.016,108.54,116.32,187.14,152.37,142.6,226.27,222,217.42,212.46,206.99,200.85,177.51,170.89,166.06,165.11,177.61,259.74,259.74,259.74,259.74,259.74,259.74,259.74,259.74,259.74,259.74,259.74,259.74,259.74,259.74,259.74,259.74,259.74,259.74,259.74,259.74,259.74,259.74,259.74,259.74,259.74,259.74,259.74,259.74,259.74,259.74,259.74,259.74,259.74,259.74,259.74,259.74,259.74,259.74,259.74,259.74,259.74,259.74
63.114,87.897,107.84,116.04,186.81,151.9,142.23,226.28,222.02,217.44,212.46,206.98,200.82,177.36,170.69,165.83,164.86,177.42,259.74,259.74,259.74,259.74,259.74,259.74,259.74,259.74,259.74,259.74,259.74,259.74,259.74,259.74,259.74,259.74,259.74,259.74,259.74,259.74,259.74,259.74,259.74,259.74,259.74,259.74,259.74,259.74,259.74,259.74,259.74,259.74,259.74,259.74,259.74,259.74,259.74,259.74,259.74,259.74,259.74,259.74
62.737,87.784,103.06,115.77,186.45,151.42,141.86,226.3,222.03,217.45,212.46,206.98,200.79,177.21,170.49,165.59,164.62,177.23,259.74,259.74,259.74,259.74,259.74,259.74,259.74,259.74,259.74,259.74,259.74,259.74,259.74,259.74,259.74,259.74,259.74,259.74,259.74,259.74,259.74,259.74,259.74,259.74,259.74,259.74,259.74,259.74,259.74,259.74,259.74,259.74,259.74,259.74,259.74,259.74,259.74,259.74,259.74,259.74,259.74,259.74
62.371,87.684,102.5,115.51,186.08,150.93,141.5,226.32,222.05,217.46,212.47,206.97,200.77,177.05,170.28,165.35,164.37,177.04,259.74,259.74,259.74,259.74,259.74,259.74,259.74,259.74,259.74,259.74,259.74,259.74,259.74,259.74,259.74,259.74,259.74,259.74,259.74,259.74,259.74,259.74,259.74,259.74,259.74,259.74,259.74,259.74,259.74,259.74,259.74,259.74,259.74,259.74,259.74,259.74,259.74,259.74,259.74,259.74,259.74,259.74
62.016,87.6,101.96,115.27,185.71,150.44,141.13,226.34,222.06,217.47,212.47,206.96,200.74,176.9,170.08,165.11,164.12,176.85,259.74,259.74,259.74,259.74,259.74,259.74,259.74,259.74,259.74,259.74,259.74,259.74,259.74,259.74,259.74,259.74,259.74,259.74,259.74,259.74,259.74,259.74,259.74,259.74,259.74,259.74,259.74,259.74,259.74,259.74,259.74,259.74,259.74,259.74,259.74,259.74,259.74,259.74,259.74,259.74,259.74,259.74
61.669,87.533,105.1,115.03,185.35,149.95,140.77,226.35,222.07,217.48,212.47,206.95,200.71,176.74,169.87,164.86,163.87,176.66,259.74,259.74,259.74,259.74,259.74,259.74,259.74,259.74,259.74,259.74,259.74,259.74,259.74,259.74,259.74,259.74,259.74,259.74,259.74,259.74,259.74,259.74,259.74,259.74,259.74,259.74,259.74,259.74,259.74,259.74,259.74,259.74,259.74,259.74,259.74,259.74,259.74,259.74,259.74,259.74,259.74,259.74
61.332,87.478,104.47,114.79,184.99,149.46,140.4,226.37,222.09,217.49,212.47,206.94,200.68,176.58,169.66,164.62,163.63,176.48,259.74,259.74,259.74,259.74,259.74,259.74,259.74,259.74,259.74,259.74,259.74,259.74,259.74,259.74,259.74,259.74,259.74,259.74,259.74,259.74,259.74,259.74,259.74,259.74,259.74,259.74,259.74,259.74,259.74,259.74,259.74,259.74,259.74,259.74,259.74,259.74,259.74,259.74,259.74,259.74,259.74,259.74
61.003,87.431,103.83,114.54,184.64,148.96,140.03,226.38,222.1,217.49,212.47,206.93,200.65,176.42,169.45,164.38,163.38,176.29,259.74,259.74,259.74,259.74,259.74,259.74,259.74,259.74,259.74,259.74,259.74,259.74,259.74,259.74,259.74,259.74,259.74,259.74,259.74,259.74,259.74,259.74,259.74,259.74,259.74,259.74,259.74,259.74,259.74,259.74,259.74,259.74,259.74,259.74,259.74,259.74,259.74,259.74,259.74,259.74,259.74,259.74
60.684,87.392,99.866,114.29,184.27,148.46,139.66,226.4,222.11,217.5,212.48,206.91,200.61,176.26,169.24,164.13,163.13,176.11,259.74,259.74,259.74,259.74,259.74,259.74,259.74,259.74,259.74,259.74,259.74,259.74,259.74,259.74,259.74,259.74,259.74,259.74,259.74,259.74,259.74,259.74,259.74,259.74,259.74,259.74,259.74,259.74,259.74,259.74,259.74,259.74,259.74,259.74,259.74,259.74,259.74,259.74,259.74,259.74,259.74,259.74
60.375,87.365,99.343,114.05,183.88,147.95,139.29,226.42,222.13,217.51,212.48,206.9,200.58,176.09,169.03,163.89,162.88,175.92,259.74,259.74,259.74,259.74,259.74,259.74,259.74,259.74,259.74,259.74,259.74,259.74,259.74,259.74,259.74,259.74,259.74,259.74,259.74,259.74,259.74,259.74,259.74,259.74,259.74,259.74,259.74,259.74,259.74,259.74,259.74,259.74,259.74,259.74,259.74,259.74,259.74,259.74,259.74,259.74,259.74,259.74
60.075,87.36,98.826,113.82,183.45,147.43,138.92,226.43,222.14,217.52,212.48,206.89,200.55,175.93,168.82,163.64,162.64,175.74,259.74,259.74,259.74,259.74,259.74,259.74,259.74,259.74,259.74,259.74,259.74,259.74,259.74,259.74,259.74,259.74,259.74,259.74,259.74,259.74,259.74,259.74,259.74,259.74,259.74,259.74,259.74,259.74,259.74,259.74,259.74,259.74,259.74,259.74,259.74,259.74,259.74,259.74,259.74,259.74,259.74,259.74
59.782,87.391,101.2,113.59,183,146.91,138.55,226.44,222.15,217.53,212.48,206.88,200.52,175.76,168.6,163.39,162.39,175.56,259.74,259.74,259.74,259.74,259.74,259.74,259.74,259.74,259.74,259.74,259.74,259.74,259.74,259.74,259.74,259.74,259.74,259.74,259.74,259.74,259.74,259.74,259.74,259.74,259.74,259.74,259.74,259.74,259.74,259.74,259.74,259.74,259.74,259.74,259.74,259.74,259.74,259.74,259.74,259.74,259.74,259.74
59.496,87.486,100.58,113.37,182.56,146.39,138.18,226.46,222.16,217.53,212.47,206.86,200.48,175.59,168.39,163.15,162.14,175.38,259.74,259.74,259.74,259.74,259.74,259.74,259.74,259.74,259.74,259.74,259.74,259.74,259.74,259.74,259.74,259.74,259.74,259.74,259.74,259.74,259.74,259.74,259.74,259.74,259.74,259.74,259.74,259.74,259.74,259.74,259.74,259.74,259.74,259.74,259.74,259.74,259.74,259.74,259.74,259.74,259.74,259.74
59.218,87.658,99.973,113.15,182.14,145.87,137.81,226.47,222.18,217.54,212.47,206.85,200.45,175.42,168.17,162.9,161.9,175.2,259.74,259.74,259.74,259.74,259.74,259.74,259.74,259.74,259.74,259.74,259.74,259.74,259.74,259.74,259.74,259.74,259.74,259.74,259.74,259.74,259.74,259.74,259.74,259.74,259.74,259.74,259.74,259.74,259.74,259.74,259.74,259.74,259.74,259.74,259.74,259.74,259.74,259.74,259.74,259.74,259.74,259.74
58.95,87.895,96.859,112.92,181.74,145.34,137.44,226.49,222.19,217.55,212.47,206.83,200.41,175.24,167.95,162.65,161.65,175.02,259.74,259.74,259.74,259.74,259.74,259.74,259.74,259.74,259.74,259.74,259.74,259.74,259.74,259.74,259.74,259.74,259.74,259.74,259.74,259.74,259.74,259.74,259.74,259.74,259.74,259.74,259.74,259.74,259.74,259.74,259.74,259.74,259.74,259.74,259.74,259.74,259.74,259.74,259.74,259.74,259.74,259.74
58.694,88.192,96.384,112.69,181.34,144.81,137.07,226.5,222.2,217.55,212.47,206.82,200.38,175.07,167.72,162.4,161.4,174.85,259.74,259.74,259.74,259.74,259.74,259.74,259.74,259.74,259.74,259.74,259.74,259.74,259.74,259.74,259.74,259.74,259.74,259.74,259.74,259.74,259.74,259.74,259.74,259.74,259.74,259.74,259.74,259.74,259.74,259.74,259.74,259.74,259.74,259.74,259.74,259.74,259.74,259.74,259.74,259.74,259.74,259.74
149.13,149.5,112.9,110.29,73.618,74.646,73.013,36.863,36.679,36.489,36.292,36.085,35.872,37.156,36.512,35.787,34.897,33.082,0,0,0,0,0,0,0,0,0,0,0,0,0,0,0,0,0,0,0,0,0,0,0,0,0,0,0,0,0,0,0,0,0,0,0,0,0,0,0,0,0,0
148.33,148.78,112.33,109.78,73.252,74.295,72.688,36.674,36.495,36.311,36.12,35.919,35.712,37.007,36.372,35.656,34.777,32.982,0,0,0,0,0,0,0,0,0,0,0,0,0,0,0,0,0,0,0,0,0,0,0,0,0,0,0,0,0,0,0,0,0,0,0,0,0,0,0,0,0,0
147.56,148.03,111.77,109.27,72.892,73.949,72.368,36.487,36.314,36.136,35.95,35.756,35.555,36.861,36.234,35.527,34.658,32.883,0,0,0,0,0,0,0,0,0,0,0,0,0,0,0,0,0,0,0,0,0,0,0,0,0,0,0,0,0,0,0,0,0,0,0,0,0,0,0,0,0,0
146.79,147.29,111.21,108.77,72.536,73.609,72.054,36.304,36.137,35.963,35.784,35.595,35.4,36.716,36.098,35.4,34.541,32.785,0,0,0,0,0,0,0,0,0,0,0,0,0,0,0,0,0,0,0,0,0,0,0,0,0,0,0,0,0,0,0,0,0,0,0,0,0,0,0,0,0,0
146.02,146.56,110.67,108.27,72.181,73.275,71.744,36.124,35.962,35.794,35.62,35.436,35.248,36.574,35.963,35.274,34.425,32.688,0,0,0,0,0,0,0,0,0,0,0,0,0,0,0,0,0,0,0,0,0,0,0,0,0,0,0,0,0,0,0,0,0,0,0,0,0,0,0,0,0,0
145.26,145.85,110.14,107.78,71.83,72.945,71.439,35.947,35.79,35.627,35.458,35.281,35.098,36.433,35.831,35.15,34.311,32.592,0,0,0,0,0,0,0,0,0,0,0,0,0,0,0,0,0,0,0,0,0,0,0,0,0,0,0,0,0,0,0,0,0,0,0,0,0,0,0,0,0,0
144.49,145.16,109.62,107.3,71.481,72.621,71.138,35.773,35.621,35.463,35.299,35.127,34.95,36.295,35.7,35.027,34.198,32.498,0,0,0,0,0,0,0,0,0,0,0,0,0,0,0,0,0,0,0,0,0,0,0,0,0,0,0,0,0,0,0,0,0,0,0,0,0,0,0,0,0,0
143.74,144.47,109.11,106.83,71.139,72.302,70.842,35.602,35.454,35.302,35.143,34.976,34.804,36.158,35.571,34.906,34.087,32.404,0,0,0,0,0,0,0,0,0,0,0,0,0,0,0,0,0,0,0,0,0,0,0,0,0,0,0,0,0,0,0,0,0,0,0,0,0,0,0,0,0,0
143.04,143.81,108.61,106.37,70.804,71.988,70.55,35.433,35.29,35.142,34.989,34.827,34.66,36.023,35.443,34.787,33.977,32.312,0,0,0,0,0,0,0,0,0,0,0,0,0,0,0,0,0,0,0,0,0,0,0,0,0,0,0,0,0,0,0,0,0,0,0,0,0,0,0,0,0,0
142.35,143.15,108.11,105.91,70.482,71.678,70.262,35.267,35.129,34.986,34.837,34.68,34.518,35.891,35.318,34.669,33.868,32.22,0,0,0,0,0,0,0,0,0,0,0,0,0,0,0,0,0,0,0,0,0,0,0,0,0,0,0,0,0,0,0,0,0,0,0,0,0,0,0,0,0,0
141.68,142.51,107.62,105.46,70.171,71.373,69.978,35.104,34.97,34.832,34.687,34.535,34.379,35.76,35.194,34.553,33.761,32.13,0,0,0,0,0,0,0,0,0,0,0,0,0,0,0,0,0,0,0,0,0,0,0,0,0,0,0,0,0,0,0,0,0,0,0,0,0,0,0,0,0,0
141,141.87,107.14,105.02,69.864,71.073,69.699,34.943,34.814,34.68,34.54,34.392,34.241,35.63,35.071,34.438,33.655,32.041,0,0,0,0,0,0,0,0,0,0,0,0,0,0,0,0,0,0,0,0,0,0,0,0,0,0,0,0,0,0,0,0,0,0,0,0,0,0,0,0,0,0
140.33,141.23,106.66,104.58,69.557,70.777,69.423,34.785,34.66,34.53,34.395,34.252,34.105,35.503,34.95,34.324,33.55,31.953,0,0,0,0,0,0,0,0,0,0,0,0,0,0,0,0,0,0,0,0,0,0,0,0,0,0,0,0,0,0,0,0,0,0,0,0,0,0,0,0,0,0
139.65,140.6,106.2,104.14,69.248,70.485,69.151,34.63,34.508,34.383,34.252,34.113,33.971,35.377,34.831,34.212,33.447,31.865,0,0,0,0,0,0,0,0,0,0,0,0,0,0,0,0,0,0,0,0,0,0,0,0,0,0,0,0,0,0,0,0,0,0,0,0,0,0,0,0,0,0
138.98,139.99,105.74,103.72,68.932,70.198,68.883,34.476,34.359,34.237,34.111,33.977,33.84,35.252,34.713,34.102,33.344,31.779,0,0,0,0,0,0,0,0,0,0,0,0,0,0,0,0,0,0,0,0,0,0,0,0,0,0,0,0,0,0,0,0,0,0,0,0,0,0,0,0,0,0
138.33,139.39,105.29,103.3,68.631,69.915,68.619,34.325,34.212,34.094,33.972,33.842,33.709,35.13,34.597,33.992,33.243,31.693,0,0,0,0,0,0,0,0,0,0,0,0,0,0,0,0,0,0,0,0,0,0,0,0,0,0,0,0,0,0,0,0,0,0,0,0,0,0,0,0,0,0
137.7,138.8,104.84,102.89,68.339,69.635,68.359,34.176,34.067,33.953,33.835,33.709,33.581,35.009,34.482,33.885,33.144,31.609,0,0,0,0,0,0,0,0,0,0,0,0,0,0,0,0,0,0,0,0,0,0,0,0,0,0,0,0,0,0,0,0,0,0,0,0,0,0,0,0,0,0
137.09,138.21,104.4,102.48,68.058,69.36,68.102,34.03,33.924,33.814,33.7,33.578,33.454,34.889,34.369,33.778,33.045,31.525,0,0,0,0,0,0,0,0,0,0,0,0,0,0,0,0,0,0,0,0,0,0,0,0,0,0,0,0,0,0,0,0,0,0,0,0,0,0,0,0,0,0
136.49,137.64,103.97,102.08,67.782,69.089,67.848,33.885,33.783,33.677,33.566,33.449,33.329,34.771,34.257,33.673,32.947,31.443,0,0,0,0,0,0,0,0,0,0,0,0,0,0,0,0,0,0,0,0,0,0,0,0,0,0,0,0,0,0,0,0,0,0,0,0,0,0,0,0,0,0
135.89,137.07,103.54,101.68,67.508,68.821,67.598,33.743,33.645,33.542,33.435,33.322,33.206,34.655,34.147,33.569,32.851,31.361,0,0,0,0,0,0,0,0,0,0,0,0,0,0,0,0,0,0,0,0,0,0,0,0,0,0,0,0,0,0,0,0,0,0,0,0,0,0,0,0,0,0
135.3,136.53,103.11,101.29,67.232,68.557,67.351,33.603,33.508,33.409,33.306,33.196,33.084,34.54,34.037,33.466,32.755,31.28,0,0,0,0,0,0,0,0,0,0,0,0,0,0,0,0,0,0,0,0,0,0,0,0,0,0,0,0,0,0,0,0,0,0,0,0,0,0,0,0,0,0
134.71,135.97,102.7,100.9,66.954,68.297,67.108,33.465,33.373,33.277,33.178,33.072,32.964,34.426,33.93,33.364,32.661,31.2,0,0,0,0,0,0,0,0,0,0,0,0,0,0,0,0,0,0,0,0,0,0,0,0,0,0,0,0,0,0,0,0,0,0,0,0,0,0,0,0,0,0
134.11,135.43,102.29,100.52,66.677,68.04,66.867,33.328,33.24,33.148,33.052,32.949,32.846,34.314,33.823,33.264,32.568,31.121,0,0,0,0,0,0,0,0,0,0,0,0,0,0,0,0,0,0,0,0,0,0,0,0,0,0,0,0,0,0,0,0,0,0,0,0,0,0,0,0,0,0
133.54,134.88,101.89,100.15,66.404,67.787,66.63,33.194,33.109,33.02,32.927,32.829,32.729,34.203,33.718,33.164,32.476,31.042,0,0,0,0,0,0,0,0,0,0,0,0,0,0,0,0,0,0,0,0,0,0,0,0,0,0,0,0,0,0,0,0,0,0,0,0,0,0,0,0,0,0
132.98,134.35,101.5,99.782,66.138,67.537,66.396,33.061,32.979,32.894,32.804,32.709,32.613,34.094,33.614,33.066,32.385,30.965,0,0,0,0,0,0,0,0,0,0,0,0,0,0,0,0,0,0,0,0,0,0,0,0,0,0,0,0,0,0,0,0,0,0,0,0,0,0,0,0,0,0
132.44,133.83,101.1,99.42,65.885,67.291,66.165,32.931,32.852,32.77,32.683,32.592,32.499,33.986,33.511,32.969,32.295,30.888,0,0,0,0,0,0,0,0,0,0,0,0,0,0,0,0,0,0,0,0,0,0,0,0,0,0,0,0,0,0,0,0,0,0,0,0,0,0,0,0,0,0
131.91,133.31,100.71,99.061,65.641,67.047,65.936,32.802,32.726,32.647,32.564,32.476,32.386,33.879,33.409,32.873,32.206,30.812,0,0,0,0,0,0,0,0,0,0,0,0,0,0,0,0,0,0,0,0,0,0,0,0,0,0,0,0,0,0,0,0,0,0,0,0,0,0,0,0,0,0
131.39,132.8,100.33,98.705,65.398,66.808,65.711,32.675,32.602,32.526,32.446,32.361,32.275,33.774,33.309,32.779,32.118,30.737,0,0,0,0,0,0,0,0,0,0,0,0,0,0,0,0,0,0,0,0,0,0,0,0,0,0,0,0,0,0,0,0,0,0,0,0,0,0,0,0,0,0
130.86,132.29,99.957,98.351,65.153,66.57,65.489,32.55,32.479,32.406,32.33,32.248,32.166,33.669,33.21,32.685,32.031,30.663,0,0,0,0,0,0,0,0,0,0,0,0,0,0,0,0,0,0,0,0,0,0,0,0,0,0,0,0,0,0,0,0,0,0,0,0,0,0,0,0,0,0
130.34,131.79,99.588,98.001,64.905,66.337,65.269,32.426,32.358,32.288,32.215,32.136,32.057,33.566,33.112,32.592,31.945,30.589,0,0,0,0,0,0,0,0,0,0,0,0,0,0,0,0,0,0,0,0,0,0,0,0,0,0,0,0,0,0,0,0,0,0,0,0,0,0,0,0,0,0
129.82,131.31,99.223,97.655,64.657,66.106,65.052,32.304,32.239,32.172,32.101,32.026,31.95,33.465,33.015,32.501,31.859,30.516,0,0,0,0,0,0,0,0,0,0,0,0,0,0,0,0,0,0,0,0,0,0,0,0,0,0,0,0,0,0,0,0,0,0,0,0,0,0,0,0,0,0
129.31,130.82,98.862,97.316,64.414,65.878,64.838,32.183,32.121,32.057,31.989,31.916,31.844,33.364,32.919,32.41,31.775,30.444,0,0,0,0,0,0,0,0,0,0,0,0,0,0,0,0,0,0,0,0,0,0,0,0,0,0,0,0,0,0,0,0,0,0,0,0,0,0,0,0,0,0
128.81,130.34,96.438,96.987,64.181,65.653,64.626,32.065,32.005,31.943,31.878,31.809,31.74,33.265,32.824,32.321,31.692,30.372,0,0,0,0,0,0,0,0,0,0,0,0,0,0,0,0,0,0,0,0,0,0,0,0,0,0,0,0,0,0,0,0,0,0,0,0,0,0,0,0,0,0
128.3,129.87,98.15,96.665,63.956,65.431,64.417,31.947,31.89,31.831,31.769,31.703,31.636,33.166,32.731,32.232,31.609,30.302,0,0,0,0,0,0,0,0,0,0,0,0,0,0,0,0,0,0,0,0,0,0,0,0,0,0,0,0,0,0,0,0,0,0,0,0,0,0,0,0,0,0
127.81,129.39,97.801,96.345,63.731,65.211,64.21,31.831,31.777,31.721,31.661,31.598,31.534,33.069,32.638,32.145,31.527,30.232,0,0,0,0,0,0,0,0,0,0,0,0,0,0,0,0,0,0,0,0,0,0,0,0,0,0,0,0,0,0,0,0,0,0,0,0,0,0,0,0,0,0
127.33,128.92,97.457,96.026,63.507,64.994,64.006,31.717,31.666,31.611,31.555,31.494,31.433,32.973,32.547,32.058,31.447,30.162,0,0,0,0,0,0,0,0,0,0,0,0,0,0,0,0,0,0,0,0,0,0,0,0,0,0,0,0,0,0,0,0,0,0,0,0,0,0,0,0,0,0
126.87,128.46,97.121,95.705,63.282,64.78,63.805,31.605,31.555,31.503,31.449,31.391,31.334,32.878,32.456,31.972,31.367,30.093,0,0,0,0,0,0,0,0,0,0,0,0,0,0,0,0,0,0,0,0,0,0,0,0,0,0,0,0,0,0,0,0,0,0,0,0,0,0,0,0,0,0
126.42,128,96.79,95.385,63.06,64.569,63.605,31.493,31.446,31.397,31.345,31.29,31.235,32.785,32.366,31.887,31.288,30.025,0,0,0,0,0,0,0,0,0,0,0,0,0,0,0,0,0,0,0,0,0,0,0,0,0,0,0,0,0,0,0,0,0,0,0,0,0,0,0,0,0,0
125.96,127.54,94.411,95.068,62.842,64.36,63.408,31.383,31.338,31.292,31.243,31.19,31.138,32.692,32.278,31.803,31.209,29.958,0,0,0,0,0,0,0,0,0,0,0,0,0,0,0,0,0,0,0,0,0,0,0,0,0,0,0,0,0,0,0,0,0,0,0,0,0,0,0,0,0,0
125.51,127.09,94.084,94.757,62.63,64.154,63.214,31.274,31.232,31.188,31.141,31.091,31.042,32.6,32.19,31.72,31.132,29.891,0,0,0,0,0,0,0,0,0,0,0,0,0,0,0,0,0,0,0,0,0,0,0,0,0,0,0,0,0,0,0,0,0,0,0,0,0,0,0,0,0,0
125.05,126.64,95.814,94.457,62.421,63.95,63.021,31.167,31.127,31.085,31.041,30.993,30.947,32.509,32.104,31.638,31.055,29.825,0,0,0,0,0,0,0,0,0,0,0,0,0,0,0,0,0,0,0,0,0,0,0,0,0,0,0,0,0,0,0,0,0,0,0,0,0,0,0,0,0,0
124.59,126.19,95.492,94.166,62.214,63.748,62.831,31.061,31.023,30.983,30.942,30.896,30.853,32.419,32.018,31.557,30.979,29.76,0,0,0,0,0,0,0,0,0,0,0,0,0,0,0,0,0,0,0,0,0,0,0,0,0,0,0,0,0,0,0,0,0,0,0,0,0,0,0,0,0,0
124.15,125.74,95.173,93.877,62.007,63.549,62.643,30.957,30.921,30.883,30.844,30.801,30.76,32.331,31.933,31.477,30.904,29.695,0,0,0,0,0,0,0,0,0,0,0,0,0,0,0,0,0,0,0,0,0,0,0,0,0,0,0,0,0,0,0,0,0,0,0,0,0,0,0,0,0,0
123.72,125.29,94.859,93.587,61.801,63.353,62.458,30.853,30.819,30.784,30.747,30.706,30.668,32.243,31.849,31.397,30.829,29.631,0,0,0,0,0,0,0,0,0,0,0,0,0,0,0,0,0,0,0,0,0,0,0,0,0,0,0,0,0,0,0,0,0,0,0,0,0,0,0,0,0,0
123.3,124.85,92.513,93.296,61.597,63.158,62.274,30.751,30.719,30.686,30.651,30.613,30.577,32.156,31.766,31.318,30.756,29.567,0,0,0,0,0,0,0,0,0,0,0,0,0,0,0,0,0,0,0,0,0,0,0,0,0,0,0,0,0,0,0,0,0,0,0,0,0,0,0,0,0,0
122.89,124.4,92.216,93.006,61.397,62.966,62.092,30.65,30.62,30.589,30.556,30.521,30.487,32.07,31.684,31.24,30.683,29.504,0,0,0,0,0,0,0,0,0,0,0,0,0,0,0,0,0,0,0,0,0,0,0,0,0,0,0,0,0,0,0,0,0,0,0,0,0,0,0,0,0,0
122.48,123.96,93.963,92.719,61.203,62.776,61.912,30.55,30.523,30.494,30.463,30.429,30.398,31.985,31.603,31.163,30.611,29.442,0,0,0,0,0,0,0,0,0,0,0,0,0,0,0,0,0,0,0,0,0,0,0,0,0,0,0,0,0,0,0,0,0,0,0,0,0,0,0,0,0,0
122.07,123.51,93.672,92.441,61.012,62.588,61.735,30.452,30.426,30.399,30.37,30.339,30.311,31.901,31.522,31.087,30.539,29.38,0,0,0,0,0,0,0,0,0,0,0,0,0,0,0,0,0,0,0,0,0,0,0,0,0,0,0,0,0,0,0,0,0,0,0,0,0,0,0,0,0,0
121.66,123.07,93.379,92.17,60.822,62.403,61.559,30.355,30.331,30.305,30.279,30.25,30.224,31.818,31.443,31.011,30.468,29.319,0,0,0,0,0,0,0,0,0,0,0,0,0,0,0,0,0,0,0,0,0,0,0,0,0,0,0,0,0,0,0,0,0,0,0,0,0,0,0,0,0,0
121.24,122.63,91.06,91.901,60.632,62.219,61.385,30.258,30.236,30.213,30.189,30.162,30.138,31.736,31.364,30.936,30.398,29.258,0,0,0,0,0,0,0,0,0,0,0,0,0,0,0,0,0,0,0,0,0,0,0,0,0,0,0,0,0,0,0,0,0,0,0,0,0,0,0,0,0,0
120.84,122.19,90.764,91.633,60.442,62.038,61.214,30.163,30.143,30.122,30.099,30.074,30.053,31.654,31.286,30.862,30.329,29.198,0,0,0,0,0,0,0,0,0,0,0,0,0,0,0,0,0,0,0,0,0,0,0,0,0,0,0,0,0,0,0,0,0,0,0,0,0,0,0,0,0,0
120.45,121.75,90.474,91.365,60.252,61.858,61.044,30.069,30.05,30.031,30.011,29.988,29.969,31.574,31.209,30.789,30.26,29.138,0,0,0,0,0,0,0,0,0,0,0,0,0,0,0,0,0,0,0,0,0,0,0,0,0,0,0,0,0,0,0,0,0,0,0,0,0,0,0,0,0,0
120.07,121.3,92.219,91.1,60.065,61.681,60.875,29.976,29.959,29.942,29.923,29.903,29.885,31.494,31.133,30.716,30.192,29.079,0,0,0,0,0,0,0,0,0,0,0,0,0,0,0,0,0,0,0,0,0,0,0,0,0,0,0,0,0,0,0,0,0,0,0,0,0,0,0,0,0,0
119.7,120.85,91.949,90.838,59.883,61.505,60.709,29.884,29.869,29.853,29.837,29.818,29.803,31.415,31.057,30.645,30.125,29.021,0,0,0,0,0,0,0,0,0,0,0,0,0,0,0,0,0,0,0,0,0,0,0,0,0,0,0,0,0,0,0,0,0,0,0,0,0,0,0,0,0,0
119.32,120.4,91.684,90.582,59.709,61.331,60.545,29.793,29.78,29.766,29.751,29.735,29.722,31.337,30.982,30.573,30.058,28.963,0,0,0,0,0,0,0,0,0,0,0,0,0,0,0,0,0,0,0,0,0,0,0,0,0,0,0,0,0,0,0,0,0,0,0,0,0,0,0,0,0,0
118.94,119.95,89.403,90.33,59.538,61.16,60.382,29.703,29.692,29.68,29.667,29.652,29.641,31.26,30.908,30.503,29.992,28.905,0,0,0,0,0,0,0,0,0,0,0,0,0,0,0,0,0,0,0,0,0,0,0,0,0,0,0,0,0,0,0,0,0,0,0,0,0,0,0,0,0,0
118.56,119.49,89.133,90.08,59.366,60.99,60.221,29.614,29.605,29.594,29.583,29.57,29.561,31.183,30.835,30.433,29.926,28.848,0,0,0,0,0,0,0,0,0,0,0,0,0,0,0,0,0,0,0,0,0,0,0,0,0,0,0,0,0,0,0,0,0,0,0,0,0,0,0,0,0,0
118.18,119.03,88.863,89.831,59.191,60.822,60.061,29.527,29.518,29.509,29.5,29.489,29.482,31.107,30.762,30.364,29.861,28.792,0,0,0,0,0,0,0,0,0,0,0,0,0,0,0,0,0,0,0,0,0,0,0,0,0,0,0,0,0,0,0,0,0,0,0,0,0,0,0,0,0,0
117.82,118.56,90.616,89.582,59.014,60.656,59.904,29.44,29.433,29.426,29.418,29.409,29.404,31.032,30.69,30.295,29.797,28.736,0,0,0,0,0,0,0,0,0,0,0,0,0,0,0,0,0,0,0,0,0,0,0,0,0,0,0,0,0,0,0,0,0,0,0,0,0,0,0,0,0,0
117.48,118.07,90.355,89.336,58.837,60.491,59.747,29.354,29.348,29.343,29.337,29.33,29.327,30.958,30.619,30.228,29.733,28.68,0,0,0,0,0,0,0,0,0,0,0,0,0,0,0,0,0,0,0,0,0,0,0,0,0,0,0,0,0,0,0,0,0,0,0,0,0,0,0,0,0,0
