105,123.73,142.46,161.19,179.92,198.64,217.37,236.1,254.83,273.56,292.29,311.02,329.75,348.47,367.2,385.93,404.66,423.39,442.12,460.85,479.58,498.31,517.03,535.76,554.49,573.22,591.95,610.68,629.41,648.14,666.86,685.59,704.32,723.05,741.78,760.51,779.24,797.97,816.69,835.42,854.15,872.88,891.61,910.34,929.07,947.8,966.53,985.25,1004,1022.7,1041.4,1060.2,1078.9,1097.6,1116.4,1135.1,1153.8,1172.5,1191.3,1210
0.6,0.60593,0.61186,0.6178,0.62373,0.62966,0.63559,0.64153,0.64746,0.65339,0.65932,0.66525,0.67119,0.67712,0.68305,0.68898,0.69492,0.70085,0.70678,0.71271,0.71864,0.72458,0.73051,0.73644,0.74237,0.74831,0.75424,0.76017,0.7661,0.77203,0.77797,0.7839,0.78983,0.79576,0.80169,0.80763,0.81356,0.81949,0.82542,0.83136,0.83729,0.84322,0.84915,0.85508,0.86102,0.86695,0.87288,0.87881,0.88475,0.89068,0.89661,0.90254,0.90847,0.91441,0.92034,0.92627,0.9322,0.93814,0.94407,0.95
199.4,199.34,199.29,199.26,199.22,199.19,199.15,199.12,199.08,199.03,198.98,198.92,198.86,198.78,198.69,198.59,198.48,198.35,198.22,198.07,197.9,197.72,197.53,197.33,197.11,196.87,196.63,196.37,196.09,195.81,195.51,195.2,194.88,194.55,194.21,193.86,193.5,193.12,192.74,192.35,191.95,191.54,191.13,190.7,190.27,189.83,189.38,188.92,188.46,187.99,187.51,187.02,186.53,186.02,185.51,184.99,184.46,183.93,183.38,182.83
184,183.83,183.66,183.5,183.33,183.16,183,182.83,182.65,182.48,182.31,182.13,181.96,181.78,181.6,181.42,181.24,181.06,180.88,180.7,180.51,180.33,180.14,179.95,179.76,179.76,179.54,179.32,179.1,178.88,178.65,178.42,178.19,177.95,177.71,177.46,177.21,176.95,176.69,176.42,176.14,175.86,175.56,175.27,174.96,174.65,174.33,174,173.66,173.32,172.97,172.61,172.24,171.86,171.47,171.08,170.68,170.26,169.84,169.42
172.47,172.43,172.39,172.35,172.3,172.25,172.18,172.1,172.01,171.91,171.8,171.68,171.55,171.41,171.26,171.1,170.94,170.76,170.58,170.39,170.2,170,169.79,169.58,169.36,169.14,168.91,168.67,168.44,168.19,167.94,167.69,167.44,167.18,166.92,166.65,166.38,166.11,165.83,165.55,165.26,164.98,164.69,164.39,164.1,163.8,163.49,163.19,162.88,162.56,162.25,161.92,161.6,161.27,160.94,160.6,160.26,159.92,159.57,159.22
160.85,160.79,160.8,160.84,160.89,160.96,161.02,161.08,161.14,161.19,161.23,161.27,161.29,161.31,161.32,161.32,161.31,161.29,161.26,161.22,161.17,161.11,161.04,160.96,160.87,160.78,160.67,160.56,160.44,160.31,160.18,160.04,159.9,159.75,159.6,159.46,159.33,164.09,163.84,163.58,163.32,163.05,162.78,162.5,162.21,161.92,161.62,161.32,161.01,160.69,160.37,160.04,159.71,159.36,159.01,158.66,158.3,157.93,157.55,157.17
165.34,165.12,164.91,164.69,164.48,164.26,164.05,163.83,163.61,163.38,163.16,162.94,162.71,162.48,162.25,162.02,161.79,161.56,161.32,161.09,160.85,160.61,160.37,160.13,159.89,159.65,159.41,159.16,158.92,158.67,158.43,158.18,157.93,157.68,157.42,157.17,156.91,156.66,156.4,156.14,155.87,155.61,155.34,155.08,154.8,154.53,154.25,153.98,153.69,153.41,153.12,152.83,152.53,152.23,151.93,151.62,151.31,151,150.68,150.35
159.46,159.27,159.09,158.9,158.72,158.53,158.33,158.14,157.94,157.74,157.53,157.33,157.12,156.9,156.69,156.47,156.25,156.02,155.8,155.57,155.34,155.11,154.87,154.63,154.4,154.15,153.91,153.67,153.42,153.17,152.92,152.67,152.42,152.16,151.9,151.65,151.39,151.12,150.86,150.6,150.33,150.06,149.79,149.52,149.25,148.98,148.7,148.42,148.14,147.86,147.58,147.29,147.01,146.72,146.43,146.13,145.84,145.54,145.24,144.94
154.02,153.87,153.72,153.58,153.43,153.29,153.14,152.98,152.82,152.66,152.49,152.32,152.14,151.96,151.78,151.59,151.4,151.2,151,150.8,150.6,150.39,150.18,149.96,149.74,149.52,149.3,149.07,148.84,148.61,148.38,148.14,147.9,147.66,147.42,147.17,146.92,146.67,146.42,146.17,145.91,145.65,145.4,145.13,144.87,144.61,144.34,144.07,143.8,143.53,143.25,142.98,142.7,142.42,142.14,141.86,141.57,141.29,141,140.71
148.94,148.75,148.62,148.52,148.43,148.33,148.23,148.12,148.01,147.9,147.78,147.65,147.52,147.39,147.25,147.1,146.95,146.79,146.63,146.47,146.3,146.13,145.95,145.76,145.58,145.39,145.19,145,144.8,144.59,144.38,144.17,143.96,143.74,143.52,143.3,143.07,142.85,142.62,142.38,142.15,141.91,141.67,141.43,141.18,140.93,140.69,140.43,140.18,139.93,139.67,139.41,139.15,138.88,138.62,138.35,138.08,137.81,137.54,137.26
144.38,143.98,143.82,143.73,143.66,143.6,143.55,143.49,143.43,143.36,143.29,143.21,143.13,143.05,142.95,142.86,142.75,142.64,142.53,142.41,142.28,142.15,142.02,141.88,141.73,141.58,141.42,141.26,141.1,140.93,140.75,140.57,140.39,140.21,140.02,139.82,139.63,139.43,139.22,139.02,138.81,138.6,138.38,138.16,137.94,137.72,137.49,137.26,137.03,136.8,136.56,136.32,136.08,135.84,135.59,135.35,135.1,134.85,134.59,134.34
140.36,139.68,139.43,139.31,139.25,139.21,139.18,139.15,139.13,139.1,139.06,139.03,138.99,138.94,138.9,138.84,138.78,138.72,138.65,138.57,138.49,138.41,138.31,138.21,138.11,138,137.89,137.77,137.64,137.51,137.38,137.24,137.09,136.94,136.79,136.63,136.47,136.3,136.13,135.95,135.77,135.59,135.4,135.21,135.02,134.83,134.63,134.42,134.22,134.01,133.8,133.58,133.37,133.15,132.92,132.7,132.47,132.24,132.01,131.78
136.59,135.87,135.55,135.42,135.36,135.32,135.29,135.27,135.25,135.24,135.23,135.22,135.2,135.18,135.16,135.14,135.11,135.08,135.04,135,134.96,134.9,134.85,134.79,134.72,134.65,134.58,134.49,134.41,134.31,134.22,134.11,134.01,133.89,133.78,133.65,133.53,133.39,133.26,133.12,132.97,132.82,132.67,132.51,132.35,132.18,132.01,131.84,131.66,131.48,131.3,131.11,130.92,130.72,130.53,130.33,130.12,129.92,129.71,129.5
133.26,132.61,132.31,132.16,132.09,132.04,132.01,131.98,131.96,131.95,131.94,131.93,131.92,131.9,131.89,131.88,131.87,131.85,131.83,131.81,131.78,131.76,131.72,131.69,131.65,131.6,131.55,131.5,131.44,131.38,131.31,131.24,131.16,131.08,131,130.91,130.81,130.71,130.6,130.5,130.38,130.26,130.14,130.01,129.88,129.75,129.61,129.46,129.31,129.16,129.01,128.85,128.69,128.52,128.35,128.18,128,127.82,127.64,127.45
130.55,129.98,129.72,129.59,129.49,129.43,129.39,129.35,129.32,129.29,129.27,129.25,129.24,129.22,129.2,129.19,129.17,129.16,129.14,129.12,129.1,129.08,129.05,129.02,128.99,128.96,128.93,128.89,128.84,128.8,128.75,128.69,128.64,128.58,128.51,128.44,128.37,128.29,128.21,128.13,128.04,127.95,127.85,127.75,127.64,127.53,127.42,127.3,127.18,127.06,126.93,126.79,126.66,126.52,126.7,126.56,126.42,126.28,126.13,125.98
129.26,128.97,128.8,128.68,128.59,128.5,128.43,128.36,128.3,128.24,128.18,128.13,128.08,128.02,127.97,127.92,127.87,127.82,127.78,127.73,127.68,127.63,127.58,127.53,127.48,126.82,126.78,126.75,126.71,126.66,126.62,126.57,126.52,126.47,126.42,126.36,126.3,126.23,126.16,126.09,126.02,125.94,125.86,126.19,126.1,126,125.91,125.81,125.71,125.61,125.5,125.39,125.28,125.16,125.04,124.92,124.8,124.67,124.54,124.4
128.19,127.94,127.78,127.66,127.56,127.47,127.39,127.31,127.24,127.17,127.1,127.03,126.97,126.91,126.85,126.78,126.72,126.66,126.6,126.54,126.48,126.42,126.36,126.3,126.23,126.17,126.11,126.04,125.98,125.91,125.84,125.77,125.7,125.63,125.56,125.49,125.41,125.33,125.25,125.17,125.09,125.01,124.92,124.83,124.75,124.65,124.56,124.46,124.37,124.27,124.16,124.06,123.95,123.84,123.73,123.62,123.5,123.38,123.26,123.14
127.55,127.31,127.16,127.03,126.93,126.83,126.74,126.65,126.57,126.49,126.42,126.34,126.27,126.2,126.12,126.05,125.98,125.91,125.84,125.77,125.7,125.63,125.56,125.49,125.42,125.35,125.28,125.2,125.13,125.06,124.98,124.9,124.83,124.75,124.67,124.59,124.51,124.43,124.34,124.26,124.17,124.08,123.99,123.9,123.81,123.72,123.62,123.53,123.43,123.33,123.23,123.12,123.02,122.91,122.8,122.69,122.58,122.46,122.35,122.23
127.28,127.03,126.87,126.75,126.64,126.54,126.44,126.35,126.26,126.18,126.09,126.01,125.93,125.85,125.77,125.69,125.61,125.54,125.46,125.38,125.31,125.23,125.16,125.08,125,124.93,124.85,124.77,124.69,124.61,124.53,124.45,124.37,124.29,124.2,124.12,124.03,123.95,123.86,123.77,123.69,123.6,123.51,123.41,123.32,123.23,123.13,123.04,122.94,122.84,122.74,122.64,122.54,122.44,122.33,122.23,122.12,122.01,121.91,121.8
127.44,127.13,126.97,126.84,126.73,126.63,126.53,126.44,126.35,126.26,126.17,126.08,126,125.92,125.84,125.76,125.68,125.6,125.52,125.44,125.36,125.29,125.21,125.13,125.06,124.98,124.91,124.83,124.76,124.68,124.6,124.53,124.45,124.38,124.3,124.23,124.15,124.08,124.01,123.93,123.86,123.79,123.72,123.66,123.59,123.54,123.48,123.44,123.42,123.42,130.24,130.01,129.78,129.55,129.32,129.09,128.85,128.61,128.38,128.14
128.4,127.9,127.7,127.58,127.49,127.41,127.33,127.26,127.19,127.13,127.08,127.02,126.98,126.94,126.91,126.89,126.89,126.92,127.03,134.94,134.77,134.59,134.42,134.24,134.06,133.88,133.7,133.52,133.33,133.15,132.96,132.77,132.58,132.38,132.19,131.99,131.8,131.6,131.4,131.19,130.99,130.78,130.58,130.37,130.16,129.95,129.74,129.52,129.31,129.09,128.87,128.65,128.43,128.21,127.99,127.77,127.54,127.31,127.08,126.86
141.3,137.67,136.37,135.9,135.66,135.48,135.32,135.16,135,134.85,134.7,134.54,134.39,134.23,134.08,133.93,133.77,133.61,133.45,133.29,133.13,132.97,132.81,132.64,132.47,132.3,132.13,131.96,131.79,131.61,131.44,131.26,131.08,130.89,130.71,130.53,130.34,130.15,129.96,129.77,129.58,129.38,129.19,128.99,128.79,128.59,128.39,128.18,127.98,127.77,127.56,127.35,127.14,126.93,126.72,126.5,126.29,126.07,125.85,125.63
142.11,137.43,135.12,134.31,133.98,133.78,133.62,133.46,133.31,133.16,133.02,132.88,132.73,132.59,132.44,132.3,132.15,132.01,131.86,131.71,131.56,131.41,131.25,131.1,130.94,130.78,130.63,130.46,130.3,130.14,129.97,129.8,129.63,129.46,129.29,129.12,128.94,128.76,128.58,128.4,128.22,128.04,127.85,127.66,127.47,127.28,127.09,126.9,126.7,126.51,126.31,126.11,125.91,125.71,125.5,125.3,125.09,124.89,124.68,124.47
142.82,137.49,134.2,132.89,132.41,132.16,131.99,131.84,131.69,131.55,131.41,131.28,131.14,131,130.87,130.73,130.59,130.46,130.32,130.18,130.04,129.9,129.76,129.61,129.47,129.32,129.17,129.02,128.87,128.72,128.56,128.41,128.25,128.09,127.93,127.76,127.6,127.43,127.26,127.09,126.92,126.75,126.57,126.39,126.21,126.03,125.85,125.67,125.48,125.3,125.11,124.92,124.73,124.54,124.34,124.15,123.95,123.75,123.55,123.35
142.77,137.35,133.46,131.6,130.92,130.62,130.44,130.29,130.14,130.01,129.88,129.74,129.62,129.49,129.36,129.23,129.1,128.97,128.85,128.72,128.59,128.45,128.32,128.19,128.05,127.92,127.78,127.64,127.5,127.35,127.21,127.06,126.92,126.77,126.61,126.46,126.31,126.15,125.99,125.83,125.67,125.51,125.34,125.17,125.01,124.83,124.66,124.49,124.31,124.14,123.96,123.78,123.6,123.41,123.23,123.04,122.86,122.67,122.48,122.29
142.24,136.96,132.65,130.45,129.55,129.17,128.96,128.82,128.67,128.54,128.4,128.28,128.16,128.03,127.91,127.79,127.67,127.55,127.43,127.31,127.19,127.07,126.94,126.82,126.69,126.57,126.44,126.31,126.18,126.04,125.91,125.77,125.64,125.5,125.35,125.21,125.07,124.92,124.77,124.62,124.47,124.32,124.16,124,123.84,123.68,123.52,123.36,123.19,123.03,122.86,122.69,122.51,122.34,122.17,121.99,121.81,121.63,121.45,121.27
141.3,136.18,131.84,129.29,128.24,127.8,127.57,127.41,127.26,127.13,127,126.89,126.76,126.65,126.53,126.42,126.3,126.19,126.08,125.96,125.85,125.73,125.62,125.5,125.39,125.27,125.15,125.03,124.91,124.78,124.66,124.53,124.41,124.28,124.14,124.01,123.88,123.74,123.6,123.46,123.32,123.17,123.03,122.88,122.73,122.58,122.43,122.27,122.12,121.96,121.8,121.64,121.48,121.31,121.14,120.98,120.81,120.64,120.46,120.29
140.1,135.22,130.87,128.14,126.98,126.49,126.24,126.07,125.93,125.8,125.67,125.55,125.44,125.33,125.22,125.11,125,124.89,124.78,124.68,124.57,124.46,124.35,124.25,124.14,124.03,123.92,123.8,123.69,123.58,123.46,123.34,123.22,123.1,122.98,122.86,122.73,122.6,122.47,122.34,122.21,122.08,121.94,121.8,121.66,121.52,121.38,121.23,121.09,120.94,120.79,120.63,120.48,120.32,120.17,120.01,119.85,119.69,119.52,119.36
138.55,133.73,129.54,126.92,125.74,125.24,124.99,124.81,124.66,124.53,124.41,124.29,124.18,124.07,123.96,123.85,123.75,123.65,123.55,123.45,123.35,123.25,123.14,123.04,122.94,122.84,122.74,122.63,122.53,122.42,122.31,122.2,122.09,121.98,121.87,121.75,121.64,121.52,121.4,121.27,121.15,121.02,120.9,120.77,120.64,120.5,120.37,120.23,120.1,119.96,119.81,119.67,119.53,119.38,119.23,119.08,118.93,118.78,118.62,118.46
136.96,132.29,128.23,125.7,124.55,124.07,123.8,123.61,123.47,123.33,123.21,123.1,122.98,122.88,122.77,122.67,122.57,122.47,122.38,122.28,122.18,122.09,121.99,121.9,121.8,121.71,121.61,121.51,121.41,121.31,121.21,121.11,121.01,120.91,120.8,120.69,120.58,120.47,120.36,120.25,120.13,120.02,119.9,119.78,119.65,119.53,119.4,119.28,119.15,119.02,118.88,118.75,118.61,118.47,118.33,118.19,118.05,117.9,117.76,117.61
135.44,130.73,126.85,124.48,123.43,122.94,122.67,122.49,122.34,122.21,122.08,121.96,121.86,121.75,121.64,121.55,121.45,121.35,121.26,121.17,121.07,120.99,120.9,120.8,120.72,120.62,120.53,120.44,120.35,120.26,120.17,120.07,119.97,119.88,119.78,119.68,119.58,119.48,119.37,119.27,119.16,119.05,118.94,118.83,118.71,118.6,118.48,118.36,118.24,118.12,117.99,117.86,117.74,117.61,117.47,117.34,117.21,117.07,116.93,116.79
133.72,129.16,125.48,123.36,122.32,121.86,121.61,121.43,121.27,121.14,121.01,120.9,120.79,120.68,120.58,120.48,120.39,120.29,120.2,120.11,120.03,119.94,119.85,119.77,119.68,119.6,119.51,119.43,119.34,119.25,119.17,119.08,118.99,118.9,118.81,118.71,118.62,118.52,118.43,118.33,118.23,118.13,118.02,117.92,117.81,117.7,117.59,117.48,117.37,117.25,117.14,117.02,116.9,116.78,116.65,116.53,116.4,116.27,116.14,116.01
132.04,127.65,124.17,122.2,121.29,120.85,120.6,120.42,120.27,120.14,120.01,119.89,119.78,119.67,119.57,119.48,119.38,119.29,119.2,119.12,119.03,118.95,118.87,118.79,118.7,118.62,118.54,118.46,118.38,118.3,118.22,118.13,118.05,117.96,117.88,117.79,117.7,117.61,117.52,117.43,117.34,117.24,117.15,117.05,116.95,116.85,116.75,116.64,116.54,116.43,116.32,116.21,116.1,115.98,115.86,115.75,115.63,115.5,115.38,115.26
130.5,126.1,122.93,121.15,120.32,119.91,119.67,119.48,119.32,119.19,119.06,118.94,118.84,118.73,118.63,118.53,118.44,118.35,118.26,118.18,118.09,118.01,117.93,117.86,117.78,117.7,117.62,117.54,117.47,117.39,117.31,117.23,117.15,117.08,117,116.92,116.83,116.75,116.66,116.58,116.49,116.4,116.31,116.22,116.13,116.03,115.94,115.84,115.74,115.64,115.54,115.44,115.33,115.22,115.11,115,114.89,114.77,114.66,114.54
128.93,124.74,121.74,120.16,119.41,119.02,118.77,118.59,118.43,118.3,118.17,118.05,117.94,117.83,117.73,117.64,117.55,117.46,117.37,117.29,117.21,117.13,117.05,116.97,116.9,116.82,116.75,116.68,116.6,116.53,116.46,116.38,116.31,116.23,116.16,116.08,116,115.93,115.85,115.77,115.68,115.6,115.52,115.43,115.35,115.26,115.17,115.08,114.98,114.89,114.79,114.7,114.6,114.5,114.39,114.29,114.18,114.08,113.97,113.85
127.39,123.35,120.67,119.23,118.55,118.19,117.95,117.76,117.6,117.47,117.33,117.22,117.1,116.99,116.9,116.8,116.7,116.62,116.53,116.45,116.37,116.3,116.22,116.15,116.07,116,115.93,115.86,115.79,115.72,115.65,115.58,115.51,115.43,115.36,115.29,115.22,115.14,115.07,115,114.92,114.84,114.76,114.68,114.6,114.52,114.43,114.35,114.26,114.17,114.08,113.99,113.9,113.8,113.71,113.61,113.51,113.41,113.31,113.2
126.04,122.23,119.68,118.35,117.75,117.39,117.16,116.98,116.82,116.68,116.54,116.43,116.31,116.21,116.11,116.01,115.92,115.83,115.75,115.67,115.59,115.51,115.44,115.36,115.29,115.22,115.15,115.08,115.02,114.95,114.88,114.81,114.75,114.68,114.61,114.54,114.47,114.41,114.33,114.26,114.19,114.12,114.04,113.97,113.89,113.82,113.74,113.66,113.57,113.49,113.41,113.32,113.23,113.15,113.05,112.96,112.87,112.77,112.68,112.58
124.69,121.12,118.7,117.58,116.99,116.66,116.42,116.24,116.08,115.94,115.81,115.69,115.58,115.47,115.37,115.27,115.18,115.09,115.01,114.93,114.85,114.77,114.7,114.63,114.56,114.49,114.42,114.35,114.29,114.22,114.16,114.1,114.03,113.97,113.9,113.84,113.77,113.7,113.64,113.57,113.5,113.43,113.36,113.29,113.22,113.15,113.07,113,112.92,112.84,112.76,112.68,112.6,112.52,112.43,112.35,112.26,112.17,112.08,111.98
123.51,119.99,117.85,116.82,116.28,115.96,115.74,115.55,115.39,115.24,115.12,114.99,114.88,114.78,114.67,114.57,114.48,114.39,114.31,114.23,114.15,114.08,114.01,113.93,113.87,113.8,113.73,113.67,113.6,113.54,113.48,113.42,113.35,113.29,113.23,113.17,113.11,113.04,112.98,112.91,112.85,112.79,112.72,112.65,112.58,112.52,112.44,112.37,112.3,112.23,112.15,112.08,112,111.92,111.84,111.76,111.68,111.59,111.51,111.42
122.31,119.04,117.09,116.13,115.64,115.31,115.09,114.91,114.75,114.6,114.47,114.34,114.23,114.12,114.02,113.92,113.83,113.74,113.66,113.58,113.5,113.43,113.36,113.28,113.22,113.15,113.09,113.02,112.96,112.9,112.84,112.78,112.72,112.66,112.6,112.54,112.48,112.42,112.36,112.3,112.23,112.17,112.11,112.05,111.98,111.92,111.85,111.78,111.71,111.64,111.57,111.5,111.43,111.36,111.28,111.2,111.12,111.04,110.96,110.88
121.31,118.21,116.39,115.48,115.01,114.71,114.5,114.3,114.14,113.99,113.86,113.73,113.62,113.5,113.4,113.3,113.21,113.13,113.04,112.96,112.89,112.81,112.74,112.67,112.6,112.54,112.48,112.41,112.35,112.29,112.23,112.17,112.12,112.06,112,111.94,111.89,111.83,111.77,111.71,111.65,111.59,111.53,111.47,111.41,111.35,111.29,111.22,111.16,111.09,111.03,110.96,110.89,110.82,110.75,110.67,110.6,110.52,110.45,110.37
120.35,117.4,115.72,114.87,114.44,114.14,113.92,113.73,113.57,113.42,113.29,113.16,113.04,112.93,112.83,112.73,112.64,112.55,112.47,112.39,112.31,112.24,112.17,112.1,112.03,111.97,111.9,111.84,111.78,111.72,111.67,111.61,111.55,111.49,111.44,111.38,111.33,111.27,111.22,111.16,111.1,111.05,110.99,110.93,110.87,110.81,110.75,110.69,110.63,110.57,110.51,110.44,110.38,110.31,110.24,110.17,110.1,110.03,109.96,109.88
119.56,116.71,115.1,114.33,113.88,113.61,113.38,113.2,113.03,112.88,112.75,112.62,112.5,112.4,112.29,112.19,112.1,112.01,111.93,111.85,111.77,111.7,111.63,111.56,111.49,111.43,111.37,111.3,111.25,111.19,111.13,111.08,111.02,110.96,110.91,110.86,110.8,110.75,110.69,110.64,110.59,110.53,110.48,110.42,110.36,110.31,110.25,110.19,110.13,110.07,110.01,109.95,109.89,109.83,109.76,109.7,109.63,109.56,109.49,109.42
118.73,115.97,114.55,113.81,113.38,113.1,112.88,112.7,112.53,112.38,112.24,112.11,112,111.89,111.78,111.68,111.6,111.5,111.42,111.34,111.27,111.19,111.12,111.05,110.99,110.92,110.86,110.8,110.74,110.69,110.63,110.57,110.52,110.47,110.41,110.36,110.31,110.25,110.2,110.15,110.1,110.04,109.99,109.94,109.88,109.83,109.78,109.72,109.66,109.61,109.55,109.49,109.43,109.37,109.31,109.25,109.18,109.12,109.05,108.99
117.92,115.34,114.02,113.31,112.9,112.62,112.41,112.22,112.05,111.9,111.77,111.64,111.52,111.41,111.31,111.21,111.12,111.03,110.94,110.86,110.79,110.72,110.64,110.58,110.51,110.45,110.39,110.33,110.27,110.22,110.16,110.1,110.05,110,109.95,109.89,109.84,109.79,109.74,109.69,109.64,109.59,109.54,109.48,109.43,109.38,109.33,109.27,109.22,109.17,109.11,109.05,109,108.94,108.88,108.82,108.76,108.7,108.64,108.57
117.3,114.82,113.48,112.85,112.45,112.18,111.96,111.78,111.61,111.46,111.33,111.19,111.07,110.97,110.86,110.76,110.67,110.58,110.5,110.41,110.34,110.27,110.2,110.13,110.07,110,109.94,109.88,109.83,109.77,109.71,109.66,109.61,109.56,109.51,109.45,109.4,109.35,109.3,109.25,109.2,109.15,109.11,109.06,109.01,108.96,108.9,108.85,108.8,108.75,108.7,108.64,108.59,108.53,108.48,108.42,108.36,108.3,108.24,108.18
116.7,114.25,113.06,112.4,112.03,111.76,111.55,111.35,111.19,111.04,110.9,110.78,110.66,110.54,110.44,110.34,110.25,110.16,110.07,110,109.92,109.85,109.78,109.71,109.65,109.58,109.52,109.47,109.41,109.35,109.3,109.24,109.19,109.14,109.09,109.04,108.99,108.94,108.89,108.85,108.8,108.75,108.7,108.65,108.6,108.56,108.51,108.46,108.41,108.36,108.3,108.25,108.2,108.15,108.09,108.04,107.98,107.93,107.87,107.81
116.01,113.79,112.61,111.99,111.62,111.38,111.14,110.96,110.8,110.64,110.5,110.38,110.27,110.15,110.04,109.94,109.85,109.77,109.68,109.6,109.53,109.45,109.38,109.32,109.25,109.19,109.13,109.07,109.02,108.96,108.91,108.85,108.8,108.75,108.7,108.65,108.6,108.55,108.51,108.46,108.41,108.37,108.32,108.27,108.22,108.18,108.13,108.08,108.03,107.98,107.94,107.89,107.84,107.78,107.73,107.68,107.63,107.57,107.52,107.46
115.36,113.35,112.19,111.63,111.25,111,110.77,110.59,110.42,110.27,110.13,110.01,109.88,109.77,109.68,109.58,109.48,109.4,109.31,109.23,109.16,109.08,109.01,108.95,108.88,108.82,108.76,108.7,108.65,108.59,108.54,108.49,108.43,108.39,108.33,108.29,108.24,108.19,108.14,108.1,108.05,108.01,107.96,107.91,107.87,107.82,107.78,107.73,107.68,107.63,107.59,107.54,107.49,107.44,107.39,107.34,107.29,107.24,107.19,107.13
114.93,112.89,111.83,111.24,110.89,110.63,110.43,110.23,110.07,109.92,109.78,109.66,109.54,109.43,109.32,109.22,109.13,109.04,108.96,108.88,108.8,108.73,108.66,108.59,108.53,108.47,108.41,108.35,108.3,108.24,108.19,108.14,108.09,108.04,107.99,107.94,107.89,107.85,107.8,107.76,107.71,107.67,107.62,107.58,107.53,107.49,107.44,107.4,107.35,107.3,107.26,107.21,107.16,107.12,107.07,107.02,106.97,106.92,106.87,106.82
114.58,112.5,111.45,110.91,110.56,110.3,110.09,109.9,109.74,109.59,109.45,109.32,109.21,109.09,108.99,108.89,108.8,108.71,108.63,108.55,108.47,108.4,108.33,108.27,108.2,108.14,108.08,108.03,107.97,107.92,107.86,107.81,107.76,107.71,107.66,107.62,107.57,107.53,107.48,107.44,107.39,107.35,107.3,107.26,107.21,107.17,107.13,107.08,107.04,106.99,106.95,106.9,106.86,106.81,106.77,106.72,106.67,106.62,106.57,106.52
114.01,112.09,111.13,110.58,110.24,109.98,109.77,109.59,109.42,109.27,109.13,109.01,108.89,108.78,108.68,108.58,108.49,108.4,108.32,108.24,108.16,108.09,108.02,107.96,107.89,107.83,107.77,107.72,107.66,107.61,107.56,107.51,107.45,107.41,107.36,107.31,107.27,107.22,107.18,107.13,107.09,107.04,107,106.96,106.91,106.87,106.83,106.79,106.74,106.7,106.66,106.61,106.57,106.52,106.48,106.43,106.39,106.34,106.29,106.24
113.59,111.77,110.8,110.26,109.95,109.69,109.48,109.29,109.12,108.98,108.84,108.71,108.6,108.49,108.38,108.29,108.19,108.11,108.03,107.95,107.87,107.8,107.73,107.67,107.6,107.54,107.48,107.43,107.37,107.32,107.27,107.22,107.16,107.12,107.07,107.02,106.98,106.93,106.89,106.85,106.8,106.76,106.72,106.67,106.63,106.59,106.55,106.51,106.46,106.42,106.38,106.34,106.29,106.25,106.21,106.16,106.12,106.07,106.03,105.98
113.23,111.39,110.49,109.99,109.64,109.4,109.19,109.01,108.85,108.7,108.56,108.44,108.32,108.21,108.1,108.01,107.92,107.83,107.75,107.67,107.59,107.53,107.45,107.39,107.33,107.27,107.21,107.15,107.1,107.04,106.99,106.94,106.89,106.84,106.8,106.75,106.71,106.66,106.62,106.58,106.53,106.49,106.45,106.41,106.37,106.32,106.28,106.24,106.2,106.16,106.12,106.08,106.03,105.99,105.95,105.91,105.86,105.82,105.77,105.73
112.85,111.08,110.21,109.7,109.39,109.13,108.92,108.74,108.58,108.43,108.3,108.17,108.05,107.94,107.85,107.75,107.66,107.57,107.49,107.41,107.33,107.26,107.19,107.13,107.07,107.01,106.95,106.89,106.84,106.78,106.73,106.68,106.64,106.59,106.54,106.5,106.45,106.41,106.36,106.32,106.28,106.24,106.2,106.15,106.11,106.07,106.03,105.99,105.95,105.91,105.87,105.83,105.79,105.75,105.71,105.66,105.62,105.58,105.54,105.49
112.47,110.84,109.91,109.44,109.11,108.88,108.67,108.49,108.33,108.18,108.05,107.92,107.81,107.7,107.59,107.5,107.4,107.32,107.24,107.16,107.09,107.02,106.95,106.88,106.82,106.76,106.7,106.65,106.59,106.54,106.49,106.44,106.39,106.34,106.3,106.25,106.21,106.17,106.12,106.08,106.04,106,105.96,105.92,105.88,105.84,105.8,105.76,105.72,105.68,105.64,105.6,105.56,105.52,105.48,105.44,105.39,105.35,105.31,105.27
112.15,110.53,109.7,109.22,108.87,108.63,108.44,108.26,108.09,107.94,107.81,107.68,107.57,107.46,107.35,107.26,107.17,107.08,107,106.93,106.85,106.78,106.71,106.65,106.58,106.53,106.47,106.42,106.36,106.31,106.26,106.21,106.16,106.11,106.07,106.02,105.98,105.94,105.89,105.85,105.81,105.77,105.73,105.69,105.65,105.61,105.57,105.53,105.49,105.45,105.42,105.38,105.34,105.3,105.26,105.22,105.18,105.14,105.1,105.06
111.87,110.25,109.43,108.96,108.65,108.4,108.2,108.02,107.86,107.72,107.59,107.46,107.34,107.24,107.13,107.04,106.95,106.86,106.78,106.7,106.63,106.56,106.49,106.43,106.37,106.31,106.25,106.19,106.14,106.09,106.04,105.99,105.94,105.9,105.85,105.81,105.76,105.72,105.68,105.64,105.6,105.56,105.52,105.48,105.44,105.4,105.36,105.32,105.28,105.25,105.21,105.17,105.13,105.09,105.05,105.01,104.97,104.94,104.9,104.86
111.59,109.99,109.2,108.73,108.42,108.18,107.98,107.81,107.65,107.51,107.37,107.25,107.13,107.02,106.92,106.83,106.74,106.65,106.57,106.49,106.42,106.35,106.28,106.22,106.16,106.1,106.04,105.99,105.93,105.88,105.83,105.78,105.74,105.69,105.65,105.6,105.56,105.52,105.47,105.43,105.39,105.35,105.31,105.28,105.24,105.2,105.16,105.12,105.08,105.05,105.01,104.97,104.93,104.9,104.86,104.82,104.78,104.74,104.7,104.66
111.33,109.75,108.98,108.52,108.22,107.98,107.78,107.6,107.45,107.3,107.17,107.04,106.93,106.82,106.72,106.63,106.54,106.45,106.37,106.3,106.22,106.15,106.08,106.02,105.96,105.9,105.85,105.79,105.74,105.69,105.64,105.59,105.54,105.5,105.45,105.41,105.36,105.32,105.28,105.24,105.2,105.16,105.12,105.08,105.05,105.01,104.97,104.93,104.9,104.86,104.82,104.78,104.75,104.71,104.67,104.64,104.6,104.56,104.52,104.48
111.05,109.52,108.76,108.31,108.01,107.78,107.58,107.41,107.25,107.11,106.98,106.85,106.74,106.63,106.53,106.43,106.35,106.26,106.18,106.11,106.03,105.97,105.9,105.83,105.77,105.71,105.66,105.6,105.55,105.5,105.45,105.4,105.36,105.31,105.27,105.22,105.18,105.14,105.1,105.06,105.02,104.98,104.94,104.9,104.86,104.83,104.79,104.75,104.72,104.68,104.64,104.61,104.57,104.53,104.5,104.46,104.42,104.39,104.35,104.31
110.79,109.33,108.56,108.13,107.83,107.59,107.39,107.22,107.06,106.92,106.79,106.67,106.55,106.45,106.35,106.26,106.17,106.08,106,105.93,105.86,105.78,105.72,105.66,105.6,105.54,105.48,105.43,105.37,105.32,105.27,105.23,105.18,105.14,105.09,105.05,105,104.96,104.92,104.88,104.84,104.81,104.77,104.73,104.69,104.66,104.62,104.58,104.55,104.51,104.47,104.44,104.4,104.37,104.33,104.29,104.26,104.22,104.19,104.15
2374,2373.7,2373.4,2373,2372.7,2372.4,2372.1,2371.7,2371.4,2371.1,2370.7,2370.4,2370,2369.7,2369.4,2369,2368.7,2368.3,2368,2367.6,2367.2,2366.9,2366.5,2366.2,2365.8,2365.4,2365.1,2364.7,2364.3,2363.9,2363.6,2363.2,2362.8,2362.4,2362,2361.7,2361.3,2360.9,2360.5,2360.1,2359.7,2359.3,2358.9,2358.5,2358.2,2357.8,2357.4,2357,2356.6,2356.2,2355.8,2355.4,2355,2354.5,2354.1,2353.7,2353.3,2352.9,2352.5,2352.1
2349,2348.6,2348.3,2348,2347.6,2347.3,2346.9,2346.6,2346.2,2345.9,2345.5,2345.2,2344.8,2344.5,2344.1,2343.7,2343.3,2343,2342.6,2342.2,2341.8,2341.5,2341.1,2340.7,2340.3,2340.9,2340.4,2340,2339.5,2339,2338.6,2338.1,2337.6,2337.2,2336.7,2336.2,2335.7,2335.2,2334.7,2334.3,2333.8,2333.3,2332.8,2332.3,2331.8,2331.3,2330.8,2330.2,2329.7,2329.2,2328.7,2328.2,2327.6,2327.1,2326.6,2326.1,2325.5,2325,2324.4,2323.9
2323.9,2323.5,2323.1,2322.7,2322.2,2321.8,2321.3,2320.9,2320.5,2320,2319.5,2319.1,2318.6,2318.2,2317.7,2317.2,2316.7,2316.3,2315.8,2315.3,2314.8,2314.3,2313.8,2313.3,2312.8,2312.2,2311.7,2311.2,2310.7,2310.1,2309.6,2309,2308.5,2307.9,2307.4,2306.8,2306.2,2305.6,2305.1,2304.5,2303.9,2303.3,2302.7,2302.1,2301.4,2300.8,2300.2,2299.5,2298.9,2298.2,2297.6,2296.9,2296.2,2295.6,2294.9,2294.2,2293.5,2292.7,2292,2291.3
2294.3,2293.8,2293.2,2292.7,2292.1,2291.6,2291,2290.4,2289.8,2289.2,2288.6,2288,2287.3,2286.7,2286.1,2285.4,2284.7,2284,2283.3,2282.6,2281.9,2281.1,2280.3,2279.5,2278.7,2277.9,2277,2276.1,2275.2,2274.2,2273.1,2272,2270.9,2269.6,2268.2,2266.5,2264.5,2046.9,2046.8,2046.6,2046.5,2046.3,2046.2,2046,2045.9,2045.7,2045.6,2045.4,2045.2,2045.1,2044.9,2044.8,2044.6,2044.4,2044.3,2044.1,2043.9,2043.8,2043.6,2043.4
2042.4,2042.3,2042.2,2042.1,2041.9,2041.8,2041.7,2041.6,2041.5,2041.4,2041.3,2041.1,2041,2040.9,2040.8,2040.7,2040.6,2040.4,2040.3,2040.2,2040.1,2039.9,2039.8,2039.7,2039.6,2039.4,2039.3,2039.2,2039.1,2038.9,2038.8,2038.7,2038.5,2038.4,2038.3,2038.1,2038,2037.8,2037.7,2037.5,2037.4,2037.3,2037.1,2037,2036.8,2036.7,2036.5,2036.4,2036.2,2036,2035.9,2035.7,2035.6,2035.4,2035.2,2035.1,2034.9,2034.7,2034.6,2034.4
2033.9,2033.8,2033.6,2033.5,2033.4,2033.3,2033.1,2033,2032.9,2032.8,2032.6,2032.5,2032.4,2032.3,2032.1,2032,2031.9,2031.8,2031.6,2031.5,2031.4,2031.2,2031.1,2031,2030.8,2030.7,2030.6,2030.4,2030.3,2030.2,2030,2029.9,2029.8,2029.6,2029.5,2029.4,2029.2,2029.1,2028.9,2028.8,2028.6,2028.5,2028.3,2028.2,2028,2027.9,2027.7,2027.6,2027.4,2027.3,2027.1,2026.9,2026.8,2026.6,2026.4,2026.3,2026.1,2025.9,2025.8,2025.6
2025.8,2025.6,2025.5,2025.4,2025.2,2025.1,2024.9,2024.8,2024.7,2024.5,2024.4,2024.3,2024.1,2024,2023.9,2023.7,2023.6,2023.4,2023.3,2023.2,2023,2022.9,2022.7,2022.6,2022.5,2022.3,2022.2,2022,2021.9,2021.8,2021.6,2021.5,2021.3,2021.2,2021,2020.9,2020.7,2020.6,2020.4,2020.3,2020.1,2020,2019.8,2019.7,2019.5,2019.4,2019.2,2019,2018.9,2018.7,2018.6,2018.4,2018.2,2018.1,2017.9,2017.7,2017.6,2017.4,2017.2,2017
2018,2017.8,2017.7,2017.5,2017.4,2017.2,2017.1,2016.9,2016.8,2016.6,2016.5,2016.3,2016.2,2016.1,2015.9,2015.8,2015.6,2015.5,2015.3,2015.2,2015,2014.9,2014.7,2014.6,2014.4,2014.3,2014.1,2013.9,2013.8,2013.6,2013.5,2013.3,2013.2,2013,2012.9,2012.7,2012.6,2012.4,2012.2,2012.1,2011.9,2011.8,2011.6,2011.4,2011.3,2011.1,2010.9,2010.8,2010.6,2010.4,2010.3,2010.1,2009.9,2009.8,2009.6,2009.4,2009.2,2009.1,2008.9,2008.7
2010.5,2010.3,2010.1,2010,2009.8,2009.7,2009.5,2009.3,2009.2,2009,2008.9,2008.7,2008.5,2008.4,2008.2,2008.1,2007.9,2007.7,2007.6,2007.4,2007.3,2007.1,2006.9,2006.8,2006.6,2006.4,2006.3,2006.1,2006,2005.8,2005.6,2005.5,2005.3,2005.1,2005,2004.8,2004.6,2004.5,2004.3,2004.1,2004,2003.8,2003.6,2003.4,2003.3,2003.1,2002.9,2002.7,2002.6,2002.4,2002.2,2002,2001.9,2001.7,2001.5,2001.3,2001.1,2000.9,2000.8,2000.6
2003.2,2003,2002.8,2002.7,2002.5,2002.3,2002.1,2002,2001.8,2001.6,2001.5,2001.3,2001.1,2000.9,2000.8,2000.6,2000.4,2000.3,2000.1,1999.9,1999.7,1999.6,1999.4,1999.2,1999,1998.9,1998.7,1998.5,1998.3,1998.2,1998,1997.8,1997.6,1997.5,1997.3,1997.1,1996.9,1996.7,1996.6,1996.4,1996.2,1996,1995.8,1995.7,1995.5,1995.3,1995.1,1994.9,1994.7,1994.5,1994.3,1994.2,1994,1993.8,1993.6,1993.4,1993.2,1993,1992.8,1992.6
1996,1995.9,1995.7,1995.5,1995.3,1995.1,1994.9,1994.8,1994.6,1994.4,1994.2,1994,1993.9,1993.7,1993.5,1993.3,1993.1,1992.9,1992.7,1992.6,1992.4,1992.2,1992,1991.8,1991.6,1991.4,1991.3,1991.1,1990.9,1990.7,1990.5,1990.3,1990.1,1989.9,1989.8,1989.6,1989.4,1989.2,1989,1988.8,1988.6,1988.4,1988.2,1988,1987.8,1987.6,1987.4,1987.2,1987,1986.8,1986.6,1986.4,1986.2,1986,1985.8,1985.6,1985.4,1985.2,1985,1984.7
1989,1988.8,1988.6,1988.4,1988.2,1988,1987.9,1987.7,1987.5,1987.3,1987.1,1986.9,1986.7,1986.5,1986.3,1986.1,1985.9,1985.7,1985.5,1985.3,1985.1,1984.9,1984.7,1984.5,1984.3,1984.1,1983.9,1983.7,1983.5,1983.3,1983.1,1982.9,1982.7,1982.5,1982.3,1982.1,1981.9,1981.7,1981.5,1981.3,1981.1,1980.9,1980.7,1980.5,1980.2,1980,1979.8,1979.6,1979.4,1979.2,1979,1978.7,1978.5,1978.3,1978.1,1977.8,1977.6,1977.4,1977.2,1976.9
1982,1981.8,1981.6,1981.4,1981.2,1981,1980.8,1980.6,1980.4,1980.2,1980,1979.8,1979.6,1979.4,1979.2,1979,1978.7,1978.5,1978.3,1978.1,1977.9,1977.7,1977.5,1977.3,1977.1,1976.9,1976.6,1976.4,1976.2,1976,1975.8,1975.6,1975.3,1975.1,1974.9,1974.7,1974.5,1974.2,1974,1973.8,1973.6,1973.3,1973.1,1972.9,1972.7,1972.4,1972.2,1972,1971.7,1971.5,1971.3,1971,1970.8,1970.6,1968.6,1968.3,1968,1967.7,1967.4,1967.1
1974.9,1974.6,1974.4,1974.1,1973.9,1973.6,1973.3,1973.1,1972.8,1972.6,1972.3,1972,1971.8,1971.5,1971.2,1971,1970.7,1970.4,1970.2,1969.9,1969.6,1969.4,1969.1,1968.8,1968.5,1969.5,1969.3,1969,1968.8,1968.6,1968.3,1968.1,1967.9,1967.6,1967.4,1967.2,1966.9,1966.7,1966.4,1966.2,1965.9,1965.7,1965.5,1963.1,1962.8,1962.5,1962.2,1961.9,1961.6,1961.3,1960.9,1960.6,1960.3,1960,1959.7,1959.3,1959,1958.7,1958.4,1958
1966.7,1966.5,1966.2,1965.9,1965.6,1965.3,1965.1,1964.8,1964.5,1964.2,1964,1963.7,1963.4,1963.1,1962.8,1962.6,1962.3,1962,1961.7,1961.4,1961.1,1960.8,1960.5,1960.3,1960,1959.7,1959.4,1959.1,1958.8,1958.5,1958.2,1957.9,1957.5,1957.2,1956.9,1956.6,1956.3,1956,1955.7,1955.3,1955,1954.7,1954.4,1954,1953.7,1953.4,1953.1,1952.7,1952.4,1952,1951.7,1951.3,1951,1950.6,1950.3,1949.9,1949.6,1949.2,1948.8,1948.5
1958.4,1958,1957.7,1957.4,1957.1,1956.8,1956.5,1956.2,1955.9,1955.6,1955.3,1955,1954.6,1954.3,1954,1953.7,1953.4,1953.1,1952.8,1952.5,1952.2,1951.9,1951.5,1951.2,1950.9,1950.6,1950.2,1949.9,1949.6,1949.2,1948.9,1948.6,1948.2,1947.9,1947.5,1947.2,1946.9,1946.5,1946.1,1945.8,1945.4,1945.1,1944.7,1944.3,1944,1943.6,1943.2,1942.8,1942.4,1942,1941.6,1941.2,1940.8,1940.4,1940,1939.6,1939.2,1938.8,1938.3,1937.9
1949.4,1949.1,1948.7,1948.4,1948,1947.7,1947.3,1947,1946.6,1946.3,1945.9,1945.6,1945.2,1944.8,1944.5,1944.1,1943.8,1943.4,1943.1,1942.7,1942.4,1942,1941.7,1941.3,1940.9,1940.6,1940.2,1939.8,1939.4,1939,1938.6,1938.3,1937.9,1937.5,1937.1,1936.6,1936.2,1935.8,1935.4,1935,1934.5,1934.1,1933.6,1933.2,1932.7,1932.3,1931.8,1931.3,1930.8,1930.4,1929.9,1929.3,1928.8,1928.3,1927.8,1927.2,1926.6,1926.1,1925.5,1924.9
1939.2,1938.9,1938.5,1938.1,1937.7,1937.3,1936.9,1936.5,1936.1,1935.7,1935.2,1934.8,1934.4,1933.9,1933.5,1933,1932.6,1932.1,1931.7,1931.2,1930.8,1930.3,1929.9,1929.4,1928.9,1928.4,1927.9,1927.4,1926.9,1926.4,1925.9,1925.3,1924.8,1924.2,1923.6,1923,1922.4,1921.8,1921.1,1920.4,1919.7,1919,1918.2,1917.4,1916.5,1915.6,1914.5,1913.4,1912,1910.3,1701.2,1701.1,1701.1,1701,1701,1700.9,1700.9,1700.8,1700.8,1700.7
1925.5,1925.1,1924.6,1924.2,1923.6,1923.1,1922.5,1921.9,1921.3,1920.6,1919.9,1919.1,1918.4,1917.5,1916.6,1915.6,1914.4,1913,1911.1,1702.6,1702.5,1702.4,1702.3,1702.3,1702.2,1702.1,1702,1702,1701.9,1701.8,1701.7,1701.7,1701.6,1701.5,1701.5,1701.4,1701.3,1701.2,1701.2,1701.1,1701.1,1701,1700.9,1700.9,1700.8,1700.7,1700.7,1700.6,1700.6,1700.5,1700.4,1700.4,1700.3,1700.3,1700.2,1700.2,1700.1,1700.1,1700,1700
1703.6,1703.5,1703.4,1703.3,1703.2,1703.1,1703,1703,1702.9,1702.8,1702.7,1702.6,1702.5,1702.4,1702.3,1702.3,1702.2,1702.1,1702,1701.9,1701.8,1701.8,1701.7,1701.6,1701.5,1701.4,1701.4,1701.3,1701.2,1701.1,1701.1,1701,1700.9,1700.8,1700.8,1700.7,1700.6,1700.6,1700.5,1700.4,1700.4,1700.3,1700.2,1700.2,1700.1,1700,1700,1699.9,1699.8,1699.8,1699.7,1699.7,1699.6,1699.5,1699.5,1699.4,1699.4,1699.3,1699.2,1699.2
1703,1702.9,1702.8,1702.7,1702.6,1702.5,1702.4,1702.4,1702.3,1702.2,1702.1,1702,1701.9,1701.8,1701.7,1701.6,1701.6,1701.5,1701.4,1701.3,1701.2,1701.1,1701.1,1701,1700.9,1700.8,1700.7,1700.7,1700.6,1700.5,1700.4,1700.3,1700.3,1700.2,1700.1,1700,1700,1699.9,1699.8,1699.8,1699.7,1699.6,1699.5,1699.5,1699.4,1699.3,1699.3,1699.2,1699.1,1699.1,1699,1698.9,1698.9,1698.8,1698.8,1698.7,1698.6,1698.6,1698.5,1698.5
1702.4,1702.3,1702.2,1702.1,1702.1,1702,1701.9,1701.8,1701.7,1701.6,1701.5,1701.4,1701.3,1701.2,1701.1,1701,1701,1700.9,1700.8,1700.7,1700.6,1700.5,1700.4,1700.4,1700.3,1700.2,1700.1,1700,1700,1699.9,1699.8,1699.7,1699.6,1699.6,1699.5,1699.4,1699.3,1699.3,1699.2,1699.1,1699,1699,1698.9,1698.8,1698.7,1698.7,1698.6,1698.5,1698.5,1698.4,1698.3,1698.3,1698.2,1698.1,1698.1,1698,1698,1697.9,1697.8,1697.8
1701.9,1701.8,1701.7,1701.6,1701.5,1701.4,1701.3,1701.2,1701.1,1701,1700.9,1700.8,1700.7,1700.6,1700.6,1700.5,1700.4,1700.3,1700.2,1700.1,1700,1699.9,1699.9,1699.8,1699.7,1699.6,1699.5,1699.4,1699.3,1699.3,1699.2,1699.1,1699,1698.9,1698.9,1698.8,1698.7,1698.6,1698.6,1698.5,1698.4,1698.3,1698.3,1698.2,1698.1,1698,1698,1697.9,1697.8,1697.8,1697.7,1697.6,1697.6,1697.5,1697.4,1697.4,1697.3,1697.2,1697.2,1697.1
1701.3,1701.2,1701.1,1701,1700.9,1700.8,1700.7,1700.6,1700.6,1700.5,1700.4,1700.3,1700.2,1700.1,1700,1699.9,1699.8,1699.7,1699.6,1699.5,1699.5,1699.4,1699.3,1699.2,1699.1,1699,1698.9,1698.8,1698.8,1698.7,1698.6,1698.5,1698.4,1698.4,1698.3,1698.2,1698.1,1698,1698,1697.9,1697.8,1697.7,1697.6,1697.6,1697.5,1697.4,1697.3,1697.3,1697.2,1697.1,1697.1,1697,1696.9,1696.9,1696.8,1696.7,1696.6,1696.6,1696.5,1696.4
1700.8,1700.7,1700.6,1700.5,1700.4,1700.3,1700.2,1700.1,1700,1699.9,1699.8,1699.7,1699.6,1699.5,1699.4,1699.3,1699.3,1699.2,1699.1,1699,1698.9,1698.8,1698.7,1698.6,1698.5,1698.5,1698.4,1698.3,1698.2,1698.1,1698,1697.9,1697.9,1697.8,1697.7,1697.6,1697.5,1697.4,1697.4,1697.3,1697.2,1697.1,1697.1,1697,1696.9,1696.8,1696.7,1696.7,1696.6,1696.5,1696.5,1696.4,1696.3,1696.2,1696.2,1696.1,1696,1696,1695.9,1695.8
1700.3,1700.2,1700.1,1700,1699.9,1699.8,1699.7,1699.6,1699.5,1699.4,1699.3,1699.2,1699.1,1699,1698.9,1698.8,1698.7,1698.6,1698.5,1698.4,1698.3,1698.3,1698.2,1698.1,1698,1697.9,1697.8,1697.7,1697.6,1697.6,1697.5,1697.4,1697.3,1697.2,1697.1,1697,1697,1696.9,1696.8,1696.7,1696.6,1696.6,1696.5,1696.4,1696.3,1696.2,1696.2,1696.1,1696,1695.9,1695.9,1695.8,1695.7,1695.6,1695.6,1695.5,1695.4,1695.4,1695.3,1695.2
1699.8,1699.7,1699.5,1699.4,1699.3,1699.2,1699.2,1699.1,1699,1698.9,1698.8,1698.7,1698.6,1698.5,1698.4,1698.3,1698.2,1698.1,1698,1697.9,1697.8,1697.7,1697.6,1697.5,1697.5,1697.4,1697.3,1697.2,1697.1,1697,1696.9,1696.8,1696.7,1696.7,1696.6,1696.5,1696.4,1696.3,1696.2,1696.2,1696.1,1696,1695.9,1695.8,1695.8,1695.7,1695.6,1695.5,1695.4,1695.4,1695.3,1695.2,1695.1,1695.1,1695,1694.9,1694.8,1694.8,1694.7,1694.6
1699.2,1699.1,1699,1698.9,1698.8,1698.7,1698.6,1698.5,1698.4,1698.3,1698.2,1698.1,1698.1,1698,1697.9,1697.8,1697.7,1697.6,1697.5,1697.4,1697.3,1697.2,1697.1,1697,1696.9,1696.8,1696.7,1696.7,1696.6,1696.5,1696.4,1696.3,1696.2,1696.1,1696,1696,1695.9,1695.8,1695.7,1695.6,1695.5,1695.5,1695.4,1695.3,1695.2,1695.1,1695,1695,1694.9,1694.8,1694.7,1694.7,1694.6,1694.5,1694.4,1694.3,1694.3,1694.2,1694.1,1694
1698.7,1698.6,1698.5,1698.4,1698.3,1698.2,1698.1,1698,1697.9,1697.8,1697.7,1697.6,1697.5,1697.4,1697.4,1697.3,1697.2,1697.1,1697,1696.9,1696.8,1696.7,1696.6,1696.5,1696.4,1696.3,1696.2,1696.1,1696,1696,1695.9,1695.8,1695.7,1695.6,1695.5,1695.4,1695.3,1695.3,1695.2,1695.1,1695,1694.9,1694.8,1694.8,1694.7,1694.6,1694.5,1694.4,1694.3,1694.3,1694.2,1694.1,1694,1693.9,1693.9,1693.8,1693.7,1693.6,1693.6,1693.5
1698.3,1698.2,1698.1,1698,1697.8,1697.7,1697.6,1697.5,1697.4,1697.3,1697.2,1697.1,1697.1,1697,1696.9,1696.8,1696.7,1696.6,1696.5,1696.4,1696.3,1696.2,1696.1,1696,1695.9,1695.8,1695.7,1695.6,1695.5,1695.4,1695.4,1695.3,1695.2,1695.1,1695,1694.9,1694.8,1694.7,1694.7,1694.6,1694.5,1694.4,1694.3,1694.2,1694.1,1694.1,1694,1693.9,1693.8,1693.7,1693.7,1693.6,1693.5,1693.4,1693.3,1693.3,1693.2,1693.1,1693,1692.9
1697.8,1697.7,1697.6,1697.5,1697.4,1697.3,1697.2,1697.1,1697,1696.9,1696.8,1696.7,1696.6,1696.5,1696.4,1696.3,1696.2,1696.1,1696,1695.9,1695.8,1695.7,1695.6,1695.5,1695.4,1695.3,1695.2,1695.1,1695,1695,1694.9,1694.8,1694.7,1694.6,1694.5,1694.4,1694.3,1694.2,1694.1,1694.1,1694,1693.9,1693.8,1693.7,1693.6,1693.5,1693.5,1693.4,1693.3,1693.2,1693.1,1693.1,1693,1692.9,1692.8,1692.7,1692.7,1692.6,1692.5,1692.4
1697.3,1697.2,1697.1,1697,1696.9,1696.8,1696.7,1696.6,1696.5,1696.4,1696.3,1696.2,1696.1,1696,1695.9,1695.8,1695.7,1695.6,1695.5,1695.4,1695.3,1695.2,1695.1,1695,1694.9,1694.8,1694.7,1694.6,1694.6,1694.5,1694.4,1694.3,1694.2,1694.1,1694,1693.9,1693.8,1693.7,1693.7,1693.6,1693.5,1693.4,1693.3,1693.2,1693.1,1693,1693,1692.9,1692.8,1692.7,1692.6,1692.5,1692.5,1692.4,1692.3,1692.2,1692.1,1692.1,1692,1691.9
1696.8,1696.7,1696.6,1696.5,1696.4,1696.3,1696.2,1696.1,1696,1695.9,1695.8,1695.7,1695.6,1695.5,1695.4,1695.3,1695.2,1695.1,1695,1694.9,1694.8,1694.7,1694.6,1694.5,1694.5,1694.4,1694.3,1694.2,1694.1,1694,1693.9,1693.8,1693.7,1693.6,1693.5,1693.4,1693.3,1693.3,1693.2,1693.1,1693,1692.9,1692.8,1692.7,1692.6,1692.6,1692.5,1692.4,1692.3,1692.2,1692.1,1692,1692,1691.9,1691.8,1691.7,1691.6,1691.6,1691.5,1691.4
1696.4,1696.3,1696.2,1696.1,1696,1695.9,1695.8,1695.7,1695.6,1695.5,1695.4,1695.3,1695.2,1695.1,1695,1694.9,1694.8,1694.7,1694.6,1694.5,1694.4,1694.3,1694.2,1694.1,1694,1693.9,1693.8,1693.7,1693.6,1693.5,1693.4,1693.3,1693.2,1693.1,1693,1693,1692.9,1692.8,1692.7,1692.6,1692.5,1692.4,1692.3,1692.2,1692.2,1692.1,1692,1691.9,1691.8,1691.7,1691.6,1691.6,1691.5,1691.4,1691.3,1691.2,1691.1,1691.1,1691,1690.9
1695.9,1695.8,1695.7,1695.6,1695.5,1695.4,1695.3,1695.2,1695.1,1695,1694.9,1694.8,1694.7,1694.6,1694.5,1694.4,1694.3,1694.2,1694.1,1694,1693.9,1693.8,1693.7,1693.6,1693.5,1693.4,1693.3,1693.2,1693.1,1693,1693,1692.9,1692.8,1692.7,1692.6,1692.5,1692.4,1692.3,1692.2,1692.1,1692,1692,1691.9,1691.8,1691.7,1691.6,1691.5,1691.4,1691.3,1691.3,1691.2,1691.1,1691,1690.9,1690.8,1690.7,1690.7,1690.6,1690.5,1690.4
1695.5,1695.4,1695.3,1695.2,1695.1,1695,1694.9,1694.8,1694.7,1694.6,1694.5,1694.3,1694.2,1694.1,1694,1693.9,1693.8,1693.8,1693.7,1693.6,1693.5,1693.4,1693.3,1693.2,1693.1,1693,1692.9,1692.8,1692.7,1692.6,1692.5,1692.4,1692.3,1692.2,1692.1,1692,1691.9,1691.9,1691.8,1691.7,1691.6,1691.5,1691.4,1691.3,1691.2,1691.1,1691,1691,1690.9,1690.8,1690.7,1690.6,1690.5,1690.4,1690.4,1690.3,1690.2,1690.1,1690,1689.9
1695,1694.9,1694.8,1694.7,1694.6,1694.5,1694.4,1694.3,1694.2,1694.1,1694,1693.9,1693.8,1693.7,1693.6,1693.5,1693.4,1693.3,1693.2,1693.1,1693,1692.9,1692.8,1692.7,1692.6,1692.5,1692.4,1692.3,1692.2,1692.1,1692.1,1692,1691.9,1691.8,1691.7,1691.6,1691.5,1691.4,1691.3,1691.2,1691.1,1691,1690.9,1690.9,1690.8,1690.7,1690.6,1690.5,1690.4,1690.3,1690.2,1690.2,1690.1,1690,1689.9,1689.8,1689.7,1689.6,1689.6,1689.5
1694.6,1694.5,1694.4,1694.3,1694.2,1694.1,1694,1693.9,1693.8,1693.7,1693.6,1693.5,1693.4,1693.3,1693.2,1693.1,1693,1692.9,1692.8,1692.7,1692.6,1692.5,1692.4,1692.3,1692.2,1692.1,1692,1691.9,1691.8,1691.7,1691.6,1691.5,1691.4,1691.3,1691.2,1691.1,1691,1691,1690.9,1690.8,1690.7,1690.6,1690.5,1690.4,1690.3,1690.2,1690.1,1690.1,1690,1689.9,1689.8,1689.7,1689.6,1689.5,1689.4,1689.4,1689.3,1689.2,1689.1,1689
1694.2,1694.1,1694,1693.9,1693.8,1693.7,1693.6,1693.5,1693.3,1693.2,1693.1,1693,1692.9,1692.8,1692.7,1692.6,1692.5,1692.4,1692.3,1692.2,1692.1,1692,1691.9,1691.8,1691.8,1691.7,1691.6,1691.5,1691.4,1691.3,1691.2,1691.1,1691,1690.9,1690.8,1690.7,1690.6,1690.5,1690.4,1690.3,1690.2,1690.2,1690.1,1690,1689.9,1689.8,1689.7,1689.6,1689.5,1689.4,1689.3,1689.3,1689.2,1689.1,1689,1688.9,1688.8,1688.7,1688.7,1688.6
1693.8,1693.6,1693.5,1693.4,1693.3,1693.2,1693.1,1693,1692.9,1692.8,1692.7,1692.6,1692.5,1692.4,1692.3,1692.2,1692.1,1692,1691.9,1691.8,1691.7,1691.6,1691.5,1691.4,1691.3,1691.2,1691.1,1691,1690.9,1690.8,1690.7,1690.7,1690.6,1690.5,1690.4,1690.3,1690.2,1690.1,1690,1689.9,1689.8,1689.7,1689.6,1689.5,1689.4,1689.4,1689.3,1689.2,1689.1,1689,1688.9,1688.8,1688.7,1688.6,1688.6,1688.5,1688.4,1688.3,1688.2,1688.1
1693.3,1693.2,1693.1,1693,1692.9,1692.8,1692.7,1692.6,1692.5,1692.4,1692.3,1692.2,1692.1,1692,1691.9,1691.8,1691.7,1691.6,1691.5,1691.4,1691.3,1691.2,1691.1,1691,1690.9,1690.8,1690.7,1690.6,1690.5,1690.4,1690.3,1690.2,1690.1,1690,1689.9,1689.9,1689.8,1689.7,1689.6,1689.5,1689.4,1689.3,1689.2,1689.1,1689,1688.9,1688.8,1688.7,1688.7,1688.6,1688.5,1688.4,1688.3,1688.2,1688.1,1688,1688,1687.9,1687.8,1687.7
1692.9,1692.8,1692.7,1692.6,1692.5,1692.4,1692.3,1692.2,1692.1,1692,1691.9,1691.8,1691.7,1691.6,1691.5,1691.4,1691.3,1691.2,1691.1,1691,1690.9,1690.8,1690.7,1690.6,1690.5,1690.4,1690.3,1690.2,1690.1,1690,1689.9,1689.8,1689.7,1689.6,1689.5,1689.4,1689.3,1689.2,1689.2,1689.1,1689,1688.9,1688.8,1688.7,1688.6,1688.5,1688.4,1688.3,1688.2,1688.1,1688.1,1688,1687.9,1687.8,1687.7,1687.6,1687.5,1687.4,1687.4,1687.3
1692.5,1692.4,1692.3,1692.2,1692.1,1692,1691.9,1691.8,1691.7,1691.6,1691.5,1691.4,1691.3,1691.2,1691.1,1691,1690.9,1690.8,1690.7,1690.6,1690.5,1690.4,1690.3,1690.2,1690.1,1690,1689.9,1689.8,1689.7,1689.6,1689.5,1689.4,1689.3,1689.2,1689.1,1689,1688.9,1688.8,1688.7,1688.6,1688.6,1688.5,1688.4,1688.3,1688.2,1688.1,1688,1687.9,1687.8,1687.7,1687.6,1687.6,1687.5,1687.4,1687.3,1687.2,1687.1,1687,1686.9,1686.8
1692.1,1692,1691.9,1691.8,1691.7,1691.6,1691.5,1691.4,1691.3,1691.2,1691.1,1691,1690.9,1690.8,1690.7,1690.6,1690.5,1690.4,1690.3,1690.2,1690.1,1690,1689.9,1689.8,1689.7,1689.6,1689.5,1689.4,1689.3,1689.2,1689.1,1689,1688.9,1688.8,1688.7,1688.6,1688.5,1688.4,1688.3,1688.2,1688.1,1688.1,1688,1687.9,1687.8,1687.7,1687.6,1687.5,1687.4,1687.3,1687.2,1687.1,1687.1,1687,1686.9,1686.8,1686.7,1686.6,1686.5,1686.4
1691.7,1691.6,1691.5,1691.4,1691.3,1691.2,1691.1,1691,1690.9,1690.8,1690.7,1690.6,1690.5,1690.4,1690.3,1690.2,1690.1,1690,1689.9,1689.8,1689.7,1689.6,1689.5,1689.4,1689.3,1689.2,1689.1,1689,1688.9,1688.8,1688.7,1688.6,1688.5,1688.4,1688.3,1688.2,1688.1,1688,1687.9,1687.8,1687.7,1687.7,1687.6,1687.5,1687.4,1687.3,1687.2,1687.1,1687,1686.9,1686.8,1686.7,1686.7,1686.6,1686.5,1686.4,1686.3,1686.2,1686.1,1686
1691.3,1691.2,1691.1,1691,1690.9,1690.8,1690.7,1690.6,1690.5,1690.4,1690.3,1690.2,1690.1,1690,1689.9,1689.8,1689.7,1689.6,1689.5,1689.4,1689.3,1689.2,1689.1,1689,1688.9,1688.8,1688.7,1688.6,1688.5,1688.4,1688.3,1688.2,1688.1,1688,1687.9,1687.8,1687.7,1687.6,1687.5,1687.4,1687.4,1687.3,1687.2,1687.1,1687,1686.9,1686.8,1686.7,1686.6,1686.5,1686.4,1686.3,1686.3,1686.2,1686.1,1686,1685.9,1685.8,1685.7,1685.6
1690.9,1690.8,1690.7,1690.6,1690.5,1690.4,1690.3,1690.2,1690.1,1690,1689.9,1689.8,1689.7,1689.6,1689.5,1689.4,1689.3,1689.2,1689.1,1689,1688.9,1688.8,1688.7,1688.6,1688.5,1688.4,1688.3,1688.2,1688.1,1688,1687.9,1687.8,1687.7,1687.6,1687.5,1687.4,1687.3,1687.2,1687.2,1687.1,1687,1686.9,1686.8,1686.7,1686.6,1686.5,1686.4,1686.3,1686.2,1686.1,1686,1686,1685.9,1685.8,1685.7,1685.6,1685.5,1685.4,1685.3,1685.2
1690.6,1690.4,1690.3,1690.2,1690.1,1690,1689.9,1689.8,1689.7,1689.6,1689.5,1689.4,1689.3,1689.2,1689.1,1689,1688.9,1688.8,1688.7,1688.6,1688.5,1688.4,1688.3,1688.2,1688.1,1688,1687.9,1687.8,1687.7,1687.6,1687.5,1687.4,1687.3,1687.2,1687.1,1687.1,1687,1686.9,1686.8,1686.7,1686.6,1686.5,1686.4,1686.3,1686.2,1686.1,1686,1685.9,1685.8,1685.7,1685.7,1685.6,1685.5,1685.4,1685.3,1685.2,1685.1,1685,1684.9,1684.8
1690.2,1690.1,1690,1689.9,1689.8,1689.7,1689.6,1689.4,1689.3,1689.2,1689.1,1689,1688.9,1688.8,1688.7,1688.6,1688.5,1688.4,1688.3,1688.2,1688.1,1688,1687.9,1687.8,1687.7,1687.6,1687.5,1687.4,1687.3,1687.3,1687.2,1687.1,1687,1686.9,1686.8,1686.7,1686.6,1686.5,1686.4,1686.3,1686.2,1686.1,1686,1685.9,1685.8,1685.7,1685.6,1685.5,1685.5,1685.4,1685.3,1685.2,1685.1,1685,1684.9,1684.8,1684.7,1684.6,1684.6,1684.5
1689.8,1689.7,1689.6,1689.5,1689.4,1689.3,1689.2,1689.1,1689,1688.9,1688.8,1688.7,1688.6,1688.5,1688.4,1688.3,1688.2,1688.1,1688,1687.9,1687.8,1687.7,1687.6,1687.5,1687.4,1687.3,1687.2,1687.1,1687,1686.9,1686.8,1686.7,1686.6,1686.5,1686.4,1686.3,1686.2,1686.1,1686,1685.9,1685.8,1685.7,1685.6,1685.5,1685.4,1685.4,1685.3,1685.2,1685.1,1685,1684.9,1684.8,1684.7,1684.6,1684.5,1684.4,1684.4,1684.3,1684.2,1684.1
1689.4,1689.3,1689.2,1689.1,1689,1688.9,1688.8,1688.7,1688.6,1688.5,1688.4,1688.3,1688.2,1688.1,1688,1687.9,1687.8,1687.7,1687.6,1687.5,1687.4,1687.3,1687.2,1687.1,1687,1686.9,1686.8,1686.7,1686.6,1686.5,1686.4,1686.3,1686.2,1686.1,1686,1685.9,1685.8,1685.7,1685.6,1685.5,1685.5,1685.4,1685.3,1685.2,1685.1,1685,1684.9,1684.8,1684.7,1684.6,1684.5,1684.4,1684.3,1684.3,1684.2,1684.1,1684,1683.9,1683.8,1683.7
1689.1,1689,1688.9,1688.7,1688.6,1688.5,1688.4,1688.3,1688.2,1688.1,1688,1687.9,1687.8,1687.7,1687.6,1687.5,1687.4,1687.3,1687.2,1687.1,1687,1686.9,1686.8,1686.7,1686.6,1686.5,1686.4,1686.3,1686.2,1686.1,1686,1685.9,1685.9,1685.8,1685.7,1685.6,1685.5,1685.4,1685.3,1685.2,1685.1,1685,1684.9,1684.8,1684.7,1684.6,1684.5,1684.4,1684.3,1684.2,1684.2,1684.1,1684,1683.9,1683.8,1683.7,1683.6,1683.5,1683.4,1683.3
1688.7,1688.6,1688.5,1688.4,1688.3,1688.2,1688.1,1688,1687.9,1687.8,1687.7,1687.6,1687.5,1687.4,1687.3,1687.2,1687.1,1687,1686.9,1686.8,1686.7,1686.6,1686.5,1686.4,1686.3,1686.2,1686.1,1686,1685.9,1685.8,1685.7,1685.6,1685.5,1685.4,1685.3,1685.2,1685.1,1685,1684.9,1684.8,1684.7,1684.6,1684.5,1684.4,1684.4,1684.3,1684.2,1684.1,1684,1683.9,1683.8,1683.7,1683.6,1683.5,1683.4,1683.3,1683.2,1683.2,1683.1,1683
1688.3,1688.2,1688.1,1688,1687.9,1687.8,1687.7,1687.6,1687.5,1687.4,1687.3,1687.2,1687.1,1687,1686.9,1686.8,1686.7,1686.6,1686.5,1686.4,1686.3,1686.2,1686.1,1686,1685.9,1685.8,1685.7,1685.6,1685.5,1685.4,1685.3,1685.2,1685.1,1685,1684.9,1684.8,1684.7,1684.7,1684.6,1684.5,1684.4,1684.3,1684.2,1684.1,1684,1683.9,1683.8,1683.7,1683.6,1683.5,1683.4,1683.3,1683.3,1683.2,1683.1,1683,1682.9,1682.8,1682.7,1682.6
1688,1687.9,1687.8,1687.7,1687.6,1687.5,1687.4,1687.3,1687.2,1687.1,1687,1686.9,1686.8,1686.7,1686.6,1686.5,1686.4,1686.3,1686.2,1686.1,1686,1685.9,1685.8,1685.7,1685.6,1685.5,1685.4,1685.3,1685.2,1685.1,1685,1684.9,1684.8,1684.7,1684.6,1684.5,1684.4,1684.3,1684.2,1684.1,1684,1683.9,1683.8,1683.7,1683.6,1683.5,1683.5,1683.4,1683.3,1683.2,1683.1,1683,1682.9,1682.8,1682.7,1682.6,1682.5,1682.4,1682.4,1682.3
1687.6,1687.5,1687.4,1687.3,1687.2,1687.1,1687,1686.9,1686.8,1686.7,1686.6,1686.5,1686.4,1686.3,1686.2,1686.1,1686,1685.9,1685.8,1685.7,1685.6,1685.5,1685.4,1685.3,1685.2,1685.1,1685,1684.9,1684.8,1684.7,1684.6,1684.5,1684.4,1684.3,1684.2,1684.1,1684,1684,1683.9,1683.8,1683.7,1683.6,1683.5,1683.4,1683.3,1683.2,1683.1,1683,1682.9,1682.8,1682.7,1682.6,1682.5,1682.5,1682.4,1682.3,1682.2,1682.1,1682,1681.9
1687.3,1687.2,1687.1,1687,1686.9,1686.8,1686.7,1686.6,1686.5,1686.4,1686.3,1686.2,1686.1,1686,1685.9,1685.8,1685.7,1685.6,1685.5,1685.4,1685.3,1685.2,1685.1,1685,1684.9,1684.8,1684.7,1684.6,1684.5,1684.4,1684.3,1684.2,1684.1,1684,1683.9,1683.8,1683.7,1683.6,1683.5,1683.4,1683.3,1683.2,1683.1,1683,1682.9,1682.8,1682.8,1682.7,1682.6,1682.5,1682.4,1682.3,1682.2,1682.1,1682,1681.9,1681.8,1681.7,1681.7,1681.6
1686.9,1686.8,1686.7,1686.6,1686.5,1686.4,1686.3,1686.2,1686.1,1686,1685.9,1685.8,1685.7,1685.6,1685.5,1685.4,1685.3,1685.2,1685.1,1685,1684.9,1684.8,1684.7,1684.6,1684.5,1684.4,1684.3,1684.2,1684.1,1684,1683.9,1683.8,1683.7,1683.6,1683.5,1683.5,1683.4,1683.3,1683.2,1683.1,1683,1682.9,1682.8,1682.7,1682.6,1682.5,1682.4,1682.3,1682.2,1682.1,1682,1682,1681.9,1681.8,1681.7,1681.6,1681.5,1681.4,1681.3,1681.2
1686.6,1686.5,1686.4,1686.3,1686.2,1686.1,1686,1685.9,1685.8,1685.7,1685.6,1685.5,1685.4,1685.3,1685.2,1685.1,1685,1684.9,1684.8,1684.7,1684.6,1684.5,1684.4,1684.3,1684.2,1684.1,1684,1683.9,1683.8,1683.7,1683.6,1683.5,1683.4,1683.3,1683.2,1683.1,1683,1682.9,1682.8,1682.7,1682.6,1682.5,1682.5,1682.4,1682.3,1682.2,1682.1,1682,1681.9,1681.8,1681.7,1681.6,1681.5,1681.4,1681.3,1681.2,1681.2,1681.1,1681,1680.9
1686.3,1686.2,1686,1685.9,1685.8,1685.7,1685.6,1685.5,1685.4,1685.3,1685.2,1685.1,1685,1684.9,1684.8,1684.7,1684.6,1684.5,1684.4,1684.3,1684.2,1684.1,1684,1683.9,1683.8,1683.7,1683.6,1683.6,1683.5,1683.4,1683.3,1683.2,1683.1,1683,1682.9,1682.8,1682.7,1682.6,1682.5,1682.4,1682.3,1682.2,1682.1,1682,1681.9,1681.8,1681.7,1681.6,1681.6,1681.5,1681.4,1681.3,1681.2,1681.1,1681,1680.9,1680.8,1680.7,1680.6,1680.5
