0.6,0.59661,0.59322,0.58983,0.58644,0.58305,0.57966,0.57627,0.57288,0.56949,0.5661,0.56271,0.55932,0.55593,0.55254,0.54915,0.54576,0.54237,0.53898,0.53559,0.5322,0.52881,0.52542,0.52203,0.51864,0.51525,0.51186,0.50847,0.50508,0.50169,0.49831,0.49492,0.49153,0.48814,0.48475,0.48136,0.47797,0.47458,0.47119,0.4678,0.46441,0.46102,0.45763,0.45424,0.45085,0.44746,0.44407,0.44068,0.43729,0.4339,0.43051,0.42712,0.42373,0.42034,0.41695,0.41356,0.41017,0.40678,0.40339,0.4
12,16.068,20.136,24.203,28.271,32.339,36.407,40.475,44.542,48.61,52.678,56.746,60.814,64.881,68.949,73.017,77.085,81.153,85.22,89.288,93.356,97.424,101.49,105.56,109.63,113.69,117.76,121.83,125.9,129.97,134.03,138.1,142.17,146.24,150.31,154.37,158.44,162.51,166.58,170.64,174.71,178.78,182.85,186.92,190.98,195.05,199.12,203.19,207.25,211.32,215.39,219.46,223.53,227.59,231.66,235.73,239.8,243.86,247.93,252
119.96,119.42,120.76,122.49,128.22,130.08,132,133.88,156.1,161.15,165.82,170.84,176.44,182.26,187.81,192.92,197.69,202.24,206.73,216.67,220.26,223.77,227.23,230.66,236.47,239.85,246.7,250.52,265.71,267.08,268.36,269.53,270.6,271.47,285.41,286.04,286.65,287.24,287.82,288.38,288.93,289.46,289.98,290.48,290.98,291.46,291.94,292.41,292.87,293.32,293.77,294.2,294.63,295.05,295.46,295.86,296.26,296.65,297.03,297.42
116.06,116.98,118.26,119.78,126.34,128.27,130.29,147.42,154.48,159.55,164.3,169.5,175.24,181.12,186.66,191.75,196.51,201.05,205.49,215.69,219.3,222.82,226.29,229.72,235.51,238.89,245.79,249.54,254.28,266.94,268.23,269.42,270.5,271.44,285.2,285.84,286.46,287.06,287.64,288.2,288.75,289.29,289.81,290.32,290.82,291.31,291.79,292.26,292.72,293.18,293.62,294.05,294.48,294.9,295.31,295.71,296.11,296.5,296.88,297.27
113.49,114.54,115.79,117.28,119.54,126.54,128.68,146.24,152.88,157.96,162.83,168.19,174.07,180,185.53,190.6,195.35,199.88,204.3,208.88,218.35,221.9,225.37,228.8,234.58,237.95,241.42,248.6,253.01,266.81,268.11,269.31,270.41,271.38,285.02,285.66,286.28,286.88,287.47,288.04,288.59,289.13,289.66,290.17,290.67,291.16,291.65,292.12,292.58,293.04,293.48,293.91,294.34,294.76,295.17,295.57,295.96,296.35,296.74,297.12
110.98,111.5,113.38,114.92,117.11,119.94,127.21,144.88,151.29,156.4,161.39,166.93,172.94,178.6,184.41,189.47,194.21,198.74,203.15,207.61,217.44,221,224.48,227.92,233.66,237.02,240.48,247.68,251.9,266.69,267.99,269.21,270.33,271.33,284.84,285.49,286.12,286.72,287.31,287.89,288.45,288.99,289.51,290.03,290.53,291.03,291.51,291.99,292.45,292.9,293.34,293.78,294.2,294.62,295.03,295.43,295.83,296.22,296.6,296.98
107.97,109.07,111.02,112.69,115.02,117.85,120.94,143.44,149.71,154.85,159.99,165.71,171.53,177.54,183.03,188.35,193.09,197.62,202.03,206.44,216.56,220.13,223.62,227.06,232.76,236.12,239.56,246.79,250.88,266.58,267.88,269.11,270.24,271.27,284.68,285.33,285.96,286.58,287.17,287.75,288.31,288.85,289.38,289.9,290.4,290.9,291.39,291.86,292.32,292.77,293.22,293.65,294.07,294.49,294.9,295.3,295.69,296.08,296.46,296.84
105.5,106.68,108.74,110.61,113.18,116.28,119.74,141.98,148.14,153.33,158.64,164.22,170.48,176.49,181.96,187.26,192,196.53,200.94,205.34,215.7,219.29,222.8,226.23,231.89,235.23,238.65,242.23,249.91,266.47,267.79,269.02,270.17,271.22,272.11,285.19,285.83,286.44,287.04,287.61,288.18,288.72,289.26,289.78,290.29,290.78,291.27,291.74,292.2,292.65,293.09,293.52,293.95,294.36,294.77,295.17,295.56,295.95,296.33,296.71
103.07,104.33,106.3,108.71,111.59,115.04,119.04,140.49,146.29,151.52,157.01,163.11,169.46,175.46,180.91,185.93,190.93,195.46,199.89,204.29,208.85,218.49,222.01,225.45,231.04,234.37,237.77,241.32,248.98,254.36,267.69,268.93,270.09,271.17,272.11,285.06,285.7,286.32,286.91,287.49,288.06,288.61,289.14,289.67,290.18,290.67,291.16,291.63,292.09,292.54,292.98,293.41,293.83,294.24,294.65,295.04,295.44,295.82,296.2,296.58
100.66,102.06,104.38,107.19,110.24,114.08,119.08,138.77,144.76,150.08,155.76,162.05,168.48,174.45,179.88,184.89,189.88,194.43,198.88,203.28,207.75,217.74,221.26,224.7,230.22,233.54,236.92,240.43,248.09,252.92,267.6,268.85,270.02,271.11,272.1,284.94,285.58,286.2,286.8,287.38,287.95,288.5,289.04,289.56,290.07,290.57,291.05,291.52,291.98,292.43,292.86,293.29,293.71,294.12,294.53,294.92,295.32,295.7,296.08,296.45
98.256,99.894,102.64,105.82,109.4,113.51,125.91,137.27,143.25,148.69,154.58,161.04,167.51,173.47,178.87,183.87,188.59,193.43,197.9,202.32,206.76,217.02,220.55,223.99,229.43,232.74,236.09,239.56,247.23,251.79,267.52,268.77,269.95,271.06,272.07,284.84,285.48,286.1,286.7,287.29,287.85,288.41,288.95,289.47,289.98,290.47,290.95,291.42,291.87,292.32,292.76,293.18,293.6,294.01,294.41,294.81,295.2,295.58,295.96,296.33
95.873,97.858,101.09,104.59,108.41,113.22,126.92,135.79,141.76,147.34,153.45,160.07,166.58,172.5,177.88,182.88,187.61,192.47,196.97,201.41,205.83,216.35,219.89,223.33,228.68,231.97,235.29,238.73,242.38,250.78,267.44,268.7,269.89,271.01,272.04,272.92,285.39,286.01,286.61,287.2,287.77,288.32,288.86,289.38,289.89,290.38,290.86,291.32,291.78,292.22,292.66,293.08,293.5,293.91,294.31,294.7,295.09,295.47,295.84,296.22
93.528,95.985,99.703,103.47,107.54,115.11,126.21,134.32,140.31,146.05,152.39,159.15,165.66,171.55,176.92,181.91,186.66,191.26,196.08,200.54,204.97,209.58,219.28,222.71,226.05,231.23,234.53,237.93,241.52,249.83,267.37,268.63,269.82,270.95,272.01,272.95,285.31,285.93,286.54,287.12,287.69,288.25,288.78,289.3,289.8,290.29,290.77,291.23,291.69,292.13,292.56,292.98,293.4,293.8,294.2,294.59,294.98,295.36,295.73,296.1
91.244,94.303,98.466,102.41,106.83,109.99,125.06,132.87,138.9,144.82,151.39,158.27,164.77,170.63,175.98,180.97,185.75,190.38,195.24,199.73,204.17,208.67,218.72,222.15,225.46,230.53,233.8,237.15,240.7,248.94,267.3,268.56,269.76,270.9,271.97,272.95,285.24,285.87,286.47,287.06,287.63,288.18,288.71,289.23,289.73,290.22,290.69,291.15,291.6,292.04,292.47,292.89,293.3,293.71,294.1,294.49,294.87,295.25,295.62,295.99
89.054,92.819,97.326,101.39,106.42,109.47,123.88,131.44,137.52,143.66,150.45,157.43,163.91,169.73,175.07,180.07,184.87,189.55,194.45,198.97,203.42,207.88,218.21,221.63,224.93,229.87,233.1,236.42,239.9,243.73,267.24,268.5,269.7,270.85,271.93,272.94,285.19,285.81,286.42,287,287.57,288.12,288.65,289.16,289.66,290.14,290.61,291.07,291.52,291.96,292.38,292.8,293.21,293.61,294.01,294.39,294.77,295.15,295.52,295.88
86.999,91.515,96.237,100.4,100.4,109.12,122.64,130.04,136.2,142.57,149.58,156.63,163.07,168.86,174.18,179.2,184.04,188.76,193.37,198.26,202.73,207.17,217.77,221.18,224.45,229.24,232.45,235.72,239.14,242.88,252.74,268.44,269.64,270.8,271.89,272.92,285.15,285.77,286.38,286.96,287.52,288.07,288.59,289.1,289.6,290.08,290.55,291,291.45,291.88,292.3,292.72,293.13,293.52,293.92,294.3,294.68,295.05,295.42,295.78
85.127,90.353,92.061,94.343,99.647,108.83,121.38,128.67,134.94,141.57,148.77,155.86,162.26,168.02,173.33,178.38,183.26,188.02,193.02,197.61,202.1,206.53,211.17,220.78,224.03,228.66,231.83,235.06,238.42,242.07,251.53,268.38,269.59,270.74,271.85,272.9,273.86,285.74,286.34,286.92,287.48,288.02,288.54,289.05,289.54,290.02,290.48,290.94,291.38,291.81,292.23,292.64,293.04,293.44,293.83,294.21,294.59,294.96,295.32,295.68
83.475,87.041,89.363,92.103,98.815,108.76,120.12,127.34,133.75,140.65,148.03,155.13,161.48,167.21,172.52,177.6,182.52,187.33,192.03,197.02,201.53,205.95,210.44,220.44,223.65,228.12,231.25,234.43,237.74,241.3,245.43,268.32,269.53,270.69,271.81,272.87,273.87,285.72,286.32,286.89,287.45,287.98,288.5,289,289.49,289.97,290.43,290.88,291.31,291.74,292.16,292.57,292.97,293.36,293.75,294.12,294.5,294.87,295.23,295.59
82.059,84.488,86.932,90.618,98.203,108.5,118.86,126.05,132.64,139.82,147.35,154.43,160.72,166.43,171.75,176.87,181.84,186.7,191.44,196.49,201.02,205.44,209.85,220.16,223.34,226.4,230.72,233.85,237.09,240.57,244.57,268.27,269.48,270.64,271.76,272.84,273.86,285.71,286.3,286.87,287.42,287.95,288.47,288.97,289.45,289.92,290.38,290.82,291.25,291.68,292.09,292.5,292.9,293.28,293.67,294.04,294.41,294.78,295.14,295.49
80.863,81.515,84.763,89.954,97.227,107.91,117.64,124.81,131.62,139.07,146.73,153.76,160,165.68,171.03,176.19,181.22,186.13,190.91,195.56,200.56,204.98,209.34,219.94,223.08,226.09,230.23,233.3,236.48,239.88,243.75,268.22,269.42,270.59,271.72,272.8,273.84,285.7,286.29,286.85,287.4,287.93,288.44,288.93,289.41,289.88,290.33,290.77,291.2,291.62,292.03,292.43,292.83,293.21,293.59,293.96,294.33,294.69,295.05,295.4
77.364,79.194,82.716,89.284,96.241,107.13,116.44,123.64,130.71,134.37,141.6,148.37,159.31,164.98,170.36,175.57,180.66,185.61,190.43,195.6,200.15,204.57,208.9,213.7,222.88,225.84,229.78,232.8,235.91,239.23,242.98,247.88,269.37,270.54,271.67,272.76,273.81,274.8,286.29,286.85,287.39,287.91,288.42,288.9,289.38,289.84,290.29,290.73,291.15,291.57,291.97,292.37,292.76,293.15,293.52,293.89,294.25,294.61,294.97,295.32
74.453,77.011,81.517,88.408,95.273,106.28,115.29,118.03,125.61,133.24,140.46,147.12,153.57,164.32,169.75,175.02,180.16,185.16,190.01,194.7,199.8,204.21,208.51,212.91,222.74,225.64,228.45,232.34,235.39,238.62,242.25,246.88,269.33,270.49,271.62,272.72,273.77,274.79,286.29,286.85,287.38,287.9,288.4,288.88,289.35,289.81,290.25,290.69,291.11,291.52,291.92,292.32,292.7,293.08,293.45,293.82,294.18,294.53,294.89,295.23
72.124,75.043,80.675,87.376,94.365,105.41,109.02,116.84,124.6,132.26,139.42,146.02,152.29,163.72,169.2,174.52,179.72,184.76,189.63,194.33,199.49,203.89,208.17,212.45,222.65,225.5,228.24,231.92,234.9,238.05,241.56,245.95,269.28,270.44,271.57,272.67,273.73,274.76,286.3,286.85,287.38,287.89,288.39,288.87,289.33,289.78,290.22,290.65,291.07,291.47,291.87,292.26,292.65,293.02,293.39,293.75,294.11,294.46,294.81,295.15
69.854,73.358,80.012,86.271,93.577,99.275,107.87,115.82,123.68,131.36,138.46,145,151.19,157.32,168.71,174.1,179.34,184.41,189.29,193.99,198.53,203.61,207.86,212.07,222.62,225.41,228.07,231.54,234.45,237.52,240.92,245.1,269.05,270.39,271.52,272.61,273.68,274.72,286.32,286.87,287.39,287.89,288.38,288.86,289.32,289.76,290.2,290.62,291.03,291.43,291.83,292.21,292.59,292.96,293.33,293.69,294.04,294.39,294.73,295.07
67.634,72.014,79.326,85.167,92.971,97.742,106.86,114.87,122.83,130.51,137.55,144.05,150.19,156.25,162.57,173.74,179.02,184.11,188.99,193.68,198.2,203.35,207.58,211.74,222.65,225.36,227.96,231.2,234.05,237.04,240.33,244.31,268.95,270.33,271.46,272.56,273.63,274.68,275.73,286.89,287.4,287.9,288.38,288.85,289.31,289.75,290.18,290.59,291,291.4,291.79,292.17,292.54,292.91,293.27,293.63,293.98,294.32,294.66,295
65.525,71.021,78.514,84.118,87.141,96.803,105.91,114,122.04,129.71,136.69,143.15,149.29,155.34,161.46,173.45,178.76,183.84,188.7,193.37,197.87,203.11,207.32,211.44,215.8,225.37,227.89,230.91,233.69,236.59,239.77,243.57,268.84,270.28,271.4,272.5,273.57,274.63,275.68,286.91,287.42,287.91,288.39,288.85,289.3,289.73,290.16,290.57,290.97,291.37,291.75,292.13,292.5,292.86,293.22,293.57,293.91,294.25,294.59,294.93
63.608,70.324,74.206,78.917,85.616,96.048,105,113.21,121.34,128.97,135.89,142.31,148.47,154.56,160.63,166.83,178.53,183.6,188.42,193.06,197.53,201.9,207.07,211.16,215.34,225.42,227.87,230.65,233.36,236.18,239.25,242.89,249.29,269.89,271.34,272.44,273.51,274.57,275.62,286.94,287.45,287.93,288.4,288.86,289.3,289.73,290.15,290.55,290.95,291.34,291.72,292.09,292.45,292.81,293.17,293.51,293.85,294.19,294.53,294.86
61.975,69.805,71.839,76.444,84.863,95.365,104.16,112.37,120.49,128.02,134.88,141.54,147.74,153.88,159.95,166,178.34,183.36,188.15,192.74,197.19,201.53,206.82,210.89,214.99,225.53,227.9,230.43,233.07,235.8,238.78,242.25,247.55,269.78,271.28,272.37,273.45,274.51,275.56,286.98,287.48,287.95,288.42,288.87,289.3,289.72,290.14,290.54,290.93,291.31,291.69,292.05,292.42,292.77,293.12,293.46,293.8,294.13,294.46,294.79
60.723,65.465,69.691,74.812,84.469,94.93,103.4,111.76,119.95,127.41,134.21,140.61,147.11,153.29,159.38,165.35,171.32,183.13,187.86,192.42,196.83,201.15,206.57,210.63,214.68,225.67,227.96,230.25,232.81,235.46,238.33,241.66,246.43,269.67,270.79,272.31,273.38,274.44,275.5,287.02,287.51,287.98,288.44,288.88,289.31,289.73,290.13,290.53,290.91,291.29,291.66,292.02,292.38,292.73,293.07,293.41,293.74,294.07,294.4,294.72
59.911,62.738,67.789,73.93,84.671,94.238,102.73,111.27,119.46,126.85,133.61,140.04,146.36,152.81,158.9,164.81,170.61,182.89,187.58,192.09,196.47,200.77,206.31,210.37,214.38,219.07,228.07,230.1,232.59,235.16,237.93,241.12,245.5,269.56,270.68,272.24,273.31,274.37,275.43,276.55,287.55,288.01,288.46,288.9,289.32,289.73,290.13,290.52,290.9,291.27,291.64,291.99,292.35,292.69,293.03,293.36,293.69,294.02,294.34,294.66
57.31,60.764,65.93,74.165,84.492,93.575,102.2,110.9,119.04,126.34,133.08,139.58,145.97,152.42,158.49,164.34,170.02,175.76,187.3,191.77,196.11,200.38,204.61,210.09,214.09,218.3,228.21,230.25,232.4,234.89,237.56,240.62,244.69,269.45,270.56,272.17,273.24,274.3,275.36,276.45,287.6,288.05,288.49,288.92,289.33,289.74,290.13,290.52,290.89,291.26,291.62,291.97,292.31,292.65,292.99,293.32,293.65,293.97,294.29,294.6
54.609,59.004,65.237,74.608,84.234,92.988,101.82,110.63,118.66,125.89,132.65,139.23,145.69,151.96,158.13,163.91,169.5,175.04,187.02,191.44,195.75,199.99,204.19,209.79,213.8,217.89,228.39,230.34,232.24,234.65,237.22,240.15,243.96,269.35,270.45,272.1,273.17,274.23,275.28,276.37,287.64,288.09,288.52,288.94,289.35,289.75,290.14,290.52,290.88,291.25,291.6,291.95,292.29,292.62,292.95,293.28,293.6,293.92,294.23,294.54
52.659,57.576,65.459,75.01,83.918,92.534,101.59,110.43,118.35,125.51,132.33,138.99,145.5,151.76,157.7,163.53,169.03,174.43,180.24,191.12,195.4,199.6,203.77,209.47,213.48,217.53,228.6,230.47,232.11,234.44,236.92,239.73,243.31,269.24,270.33,271.43,273.09,274.15,275.2,276.28,287.7,288.14,288.56,288.97,289.38,289.77,290.15,290.52,290.88,291.24,291.58,291.93,292.26,292.59,292.92,293.24,293.55,293.87,294.18,294.49
50.873,56.66,66.312,75.246,83.585,92.255,101.51,110.28,118.08,125.22,132.11,138.86,145.4,151.6,157.47,163.18,168.6,173.9,179.3,190.8,195.04,199.21,203.35,209.14,213.15,217.18,228.84,230.62,232.01,234.26,236.64,239.33,242.71,269.13,270.22,271.31,273.01,274.07,275.12,276.19,287.75,288.18,288.6,289.01,289.4,289.78,290.16,290.52,290.88,291.23,291.57,291.91,292.24,292.56,292.88,293.2,293.51,293.82,294.13,294.43
49.296,56.53,67.161,75.328,83.287,92.163,96.002,105.16,117.87,125.04,132.02,138.83,145.34,151.48,157.27,162.85,168.19,173.4,178.63,190.48,194.68,198.82,202.93,208.8,212.8,216.83,221.33,230.81,231.94,234.11,236.4,238.98,242.17,269.03,270.11,271.19,272.93,273.98,275.03,276.1,277.28,288.23,288.64,289.04,289.43,289.8,290.17,290.53,290.88,291.22,291.56,291.89,292.22,292.54,292.85,293.17,293.47,293.78,294.08,294.38
48.066,57.405,63.568,69.852,77.163,85.937,96,105.02,113.07,124.98,132.05,138.88,145.33,151.39,157.09,162.5,167.81,172.94,178.05,190.17,194.33,198.43,202.51,208.46,212.44,216.46,220.72,231.02,231.9,233.98,236.19,238.65,241.68,268.92,270,271.07,272.85,273.9,274.95,276.01,277.15,288.29,288.69,289.08,289.46,289.83,290.19,290.54,290.88,291.22,291.55,291.88,292.2,292.51,292.83,293.13,293.44,293.74,294.03,294.33
47.417,55.279,61.938,68.31,76.163,86.13,96.213,104.88,112.75,120.39,132.18,138.97,145.34,151.31,156.92,162.25,167.45,172.51,177.52,182.78,193.98,198.04,202.09,206.16,212.07,216.08,220.26,231.25,231.88,233.88,236,238.36,241.22,246.13,269.89,270.95,272.77,273.81,274.86,275.91,277.03,288.35,288.74,289.12,289.49,289.85,290.21,290.55,290.89,291.22,291.55,291.87,292.18,292.49,292.8,293.1,293.4,293.7,293.99,294.28
47.687,53.438,60.677,67.46,76.193,86.714,96.355,104.71,112.47,120.03,127.44,139.11,145.38,151.24,156.76,162.01,167.05,172.1,177.03,182.09,193.63,197.66,201.68,205.71,211.69,215.69,219.83,231.51,231.89,233.81,235.84,238.09,240.81,245.04,269.78,270.83,271.9,273.72,274.76,275.82,276.92,288.4,288.79,289.16,289.53,289.88,290.23,290.57,290.9,291.23,291.54,291.86,292.17,292.47,292.77,293.07,293.37,293.66,293.95,294.23
45.431,52.374,59.81,67.665,77.407,87.54,96.396,104.52,112.24,119.74,126.99,134.14,145.43,151.18,156.61,161.78,166.75,171.58,176.57,181.5,193.29,197.29,201.27,205.27,211.31,215.29,219.41,231.78,231.92,233.76,235.7,237.85,240.44,244.24,269.67,270.72,271.77,273.63,274.67,275.72,276.81,288.47,288.84,289.21,289.57,289.91,290.25,290.58,290.91,291.23,291.54,291.85,292.16,292.46,292.75,293.04,293.33,293.62,293.91,294.19
44.31,51.731,59.933,68.501,78.341,87.861,96.402,104.38,112.08,119.51,126.63,133.54,145.47,151.12,156.46,161.55,166.47,171.24,176.14,180.96,192.97,196.92,200.86,204.83,208.87,214.88,218.97,223.8,231.97,233.73,235.59,237.64,240.09,243.58,269.56,270.6,271.65,273.54,274.58,275.62,276.7,277.96,288.9,289.26,289.61,289.95,290.28,290.6,290.92,291.24,291.54,291.85,292.14,292.44,292.73,293.02,293.3,293.59,293.87,294.15
43.469,51.683,60.551,69.584,79.089,88.063,96.344,104.2,111.97,119.31,126.32,133.06,139.79,151.06,156.31,161.34,166.2,170.92,175.73,180.47,185.59,196.56,200.47,204.4,208.4,214.48,218.54,223.04,232.04,233.72,235.5,237.46,239.78,243,269.45,270.48,271.52,273.45,274.48,275.52,276.59,277.78,288.96,289.31,289.65,289.98,290.31,290.62,290.94,291.24,291.55,291.84,292.14,292.42,292.71,292.99,293.27,293.55,293.83,294.1
42.874,52.175,61.535,70.651,79.636,88.193,96.346,104.21,111.76,119.16,126.05,132.65,139.15,151,156.18,161.15,165.94,170.61,175.19,180.02,184.91,196.22,200.08,203.97,207.94,214.07,218.1,222.48,232.12,233.73,235.43,237.29,239.5,242.49,269.35,270.37,271.4,273.36,274.38,275.42,276.48,277.63,289.01,289.36,289.69,290.02,290.33,290.65,290.95,291.25,291.55,291.84,292.13,292.41,292.69,292.97,293.25,293.52,293.79,294.06
42.856,53.036,59.05,66.598,80.048,88.325,96.444,104.3,111.79,118.86,125.8,132.28,138.62,145.28,156.05,160.96,165.71,170.32,174.85,179.59,184.34,195.88,199.7,203.56,207.48,213.66,217.66,221.96,232.23,233.76,235.38,237.15,239.24,242.04,269.25,270.26,271.28,273.27,274.28,275.31,276.37,277.49,289.08,289.41,289.73,290.05,290.36,290.67,290.97,291.26,291.55,291.84,292.12,292.4,292.68,292.95,293.22,293.49,293.76,294.02
43.525,50.346,57.63,65.308,73.838,88.523,96.649,104.46,111.85,118.81,125.38,131.94,138.16,144.47,155.94,160.79,165.49,170.06,174.53,179.19,183.84,195.56,199.34,203.15,207.04,213.24,217.23,221.46,234.31,233.81,235.34,237.03,239.01,241.63,269.15,270.15,271.16,272.19,274.18,275.21,276.25,277.36,289.14,289.46,289.78,290.09,290.4,290.69,290.99,291.28,291.56,291.84,292.12,292.39,292.66,292.93,293.19,293.46,293.72,293.98
42.056,48.572,56.379,64.887,73.386,82.221,96.947,104.68,111.95,118.78,125.23,131.4,137.75,143.89,155.84,160.64,165.29,169.81,174.23,178.82,183.37,195.25,198.99,202.76,206.6,210.58,216.79,220.97,234.58,233.87,235.33,236.93,238.81,241.26,269.05,270.04,271.04,272.06,274.08,275.1,276.14,277.24,289.2,289.52,289.83,290.13,290.43,290.72,291.01,291.29,291.57,291.84,292.11,292.38,292.65,292.91,293.17,293.43,293.69,293.95
40.383,47.845,56.598,65.325,73.618,82.507,91.211,104.93,112.07,118.76,125.09,131.18,137.39,143.4,155.76,160.51,165.1,169.57,173.95,178.47,182.94,187.94,198.65,202.37,206.17,210.1,216.35,220.49,225.51,233.94,235.33,236.85,238.62,240.92,268.95,269.93,270.92,271.93,273.98,275,276.03,277.11,278.38,289.57,289.88,290.17,290.46,290.75,291.03,291.3,291.58,291.84,292.11,292.37,292.63,292.89,293.15,293.4,293.66,293.91
39.519,47.841,57.379,66.158,74.864,83.177,91.706,99.711,112.19,118.76,124.99,130.98,136.82,142.97,149.16,160.39,164.93,169.36,173.69,178.14,182.54,187.26,198.32,202,205.75,209.64,215.91,220.01,224.73,234.03,235.34,236.78,238.46,240.62,244.53,269.82,270.81,271.81,273.88,274.89,275.92,276.99,278.19,289.63,289.93,290.21,290.5,290.78,291.05,291.32,291.59,291.85,292.11,292.37,292.62,292.87,293.13,293.38,293.63,293.88
38.953,48.64,58.395,67.097,75.76,84.256,92.18,99.962,107.43,118.77,124.92,130.83,136.58,142.59,148.55,160.29,164.79,169.16,173.44,177.83,182.16,186.72,198,201.63,205.34,209.18,215.48,219.54,224.09,234.12,235.37,236.73,238.32,240.34,243.72,269.72,270.69,271.68,273.78,274.78,275.8,276.86,278.03,289.69,289.98,290.26,290.53,290.81,291.07,291.34,291.6,291.85,292.11,292.36,292.61,292.86,293.11,293.35,293.6,293.84
39.035,49.888,59.426,68.025,76.531,84.788,92.685,100.12,107.35,118.81,124.87,130.71,136.39,142.26,148.06,160.21,164.66,168.99,173.22,177.54,181.81,186.25,197.7,201.28,204.94,208.74,215.05,219.08,223.52,234.23,235.41,236.69,238.19,240.09,243.12,269.61,270.58,271.56,273.68,274.67,275.69,276.74,277.88,289.75,290.03,290.3,290.57,290.83,291.1,291.35,291.61,291.86,292.11,292.35,292.6,292.84,293.09,293.33,293.57,293.81
40.031,48.862,57.26,68.877,77.168,85.189,92.872,100.18,107.31,118.88,124.86,130.63,136.23,141.98,147.66,160.15,164.55,168.83,173.01,177.13,181.47,185.81,197.41,200.94,204.56,208.3,214.62,218.61,222.97,236.58,235.45,236.67,238.08,239.87,242.62,269.51,270.47,271.44,273.58,274.56,275.57,276.61,277.73,289.8,290.08,290.34,290.61,290.87,291.12,291.37,291.62,291.87,292.11,292.35,292.59,292.83,293.07,293.3,293.54,293.78
39.536,47.044,55.925,64.328,77.697,85.493,92.987,100.19,107.22,114.18,124.88,130.58,136.12,141.73,147.3,153.29,164.46,168.69,172.82,176.89,181.16,185.41,197.13,200.62,204.18,207.88,211.76,218.15,222.44,236.82,235.51,236.66,237.99,239.67,242.18,269.41,270.36,271.32,273.47,274.45,275.46,276.49,277.59,289.86,290.13,290.39,290.64,290.9,291.14,291.39,291.63,291.87,292.11,292.35,292.58,292.82,293.05,293.28,293.51,293.75
38.106,46.235,54.976,63.203,72.455,85.73,93.065,100.12,107.11,113.95,124.95,130.58,136.04,141.53,147,152.72,164.39,168.57,172.65,176.66,180.87,185.04,196.87,200.3,203.82,207.46,213.77,217.7,221.93,237.07,235.58,236.66,237.91,239.48,241.8,269.31,270.25,271.2,272.17,274.35,275.34,276.37,277.45,278.77,290.18,290.43,290.68,290.93,291.17,291.41,291.64,291.88,292.11,292.34,292.57,292.8,293.03,293.26,293.49,293.72
37.48,45.652,54.063,62.773,71.433,85.927,93.129,100.08,106.99,113.75,125.05,130.61,136,141.27,146.74,152.29,164.34,168.47,172.5,176.46,180.6,184.69,189.27,200,203.46,207.06,210.84,217.25,221.42,226.58,237.67,236.67,237.84,239.32,241.46,269.22,270.14,271.08,272.05,274.24,275.23,276.24,277.32,278.56,290.23,290.48,290.72,290.96,291.19,291.43,291.66,291.89,292.12,292.34,292.57,292.79,293.01,293.24,293.46,293.69
36.984,45.466,54.379,63.1,71.195,86.107,93.195,100.06,106.88,113.57,120.46,130.69,136,141.19,146.52,151.92,164.31,168.38,172.36,176.27,180.35,184.36,188.72,199.7,203.12,206.66,210.4,216.8,220.93,225.8,237.87,236.68,237.78,239.17,241.15,269.12,270.03,270.96,271.92,274.13,275.11,276.12,277.18,278.38,290.28,290.52,290.76,290.99,291.22,291.45,291.67,291.9,292.12,292.34,292.56,292.78,293,293.22,293.44,293.66
36.717,45.839,55.207,63.856,71.336,79.48,93.277,100.06,106.66,113.4,120.08,130.79,136.03,141.14,146.33,151.62,164.29,168.31,172.24,176.09,179.92,184.06,188.27,199.42,202.78,206.28,209.96,216.35,220.44,225.14,238.07,236.71,237.74,239.03,240.88,269.03,269.93,270.85,271.79,274.02,274.99,276,277.05,278.21,290.33,290.57,290.8,291.02,291.25,291.47,291.69,291.9,292.12,292.34,292.55,292.77,292.98,293.2,293.41,293.63
36.864,46.776,56.272,64.657,72.267,79.379,93.386,100.09,106.61,113.26,119.81,130.92,136.09,141.12,146.07,151.35,156.98,168.26,172.13,175.94,179.71,183.77,187.86,199.16,202.46,205.9,209.53,215.91,219.96,224.53,238.28,236.74,237.7,238.91,240.63,268.93,269.82,270.73,271.67,273.91,274.88,275.87,276.91,278.05,290.39,290.61,290.83,291.05,291.27,291.49,291.7,291.91,292.13,292.34,292.55,292.76,292.97,293.18,293.39,293.6
37.587,48.06,57.321,65.389,72.855,79.601,93.528,100.15,106.59,113.13,119.57,131.06,136.16,141.11,145.98,151.11,156.49,168.21,172.04,175.79,179.51,183.5,187.49,198.9,202.14,205.54,209.12,212.96,219.49,223.96,238.48,236.77,237.67,238.81,240.4,243.74,269.72,270.62,271.55,273.8,274.76,275.75,276.78,277.9,290.44,290.66,290.87,291.09,291.3,291.51,291.72,291.92,292.13,292.34,292.54,292.75,292.95,293.16,293.36,293.57
38.879,46.311,58.228,66.025,73.397,79.979,87.188,100.24,106.6,112.84,119.36,126,136.24,141.12,145.91,150.9,156.11,168.17,171.95,175.66,179.32,183.25,187.14,198.66,201.84,205.18,208.71,212.49,219.02,223.41,238.68,236.81,237.65,238.71,240.19,243,269.62,270.51,271.43,272.38,274.64,275.63,276.65,277.75,279.18,290.7,290.91,291.12,291.32,291.53,291.73,291.93,292.13,292.33,292.54,292.74,292.94,293.14,293.34,293.54
36.214,44.834,54.57,66.576,73.876,80.899,87.376,100.36,106.62,112.76,119.15,125.57,136.32,141.13,145.85,150.7,155.78,168.13,171.87,175.53,179.14,183.02,186.82,198.44,201.55,204.83,208.31,214.62,218.56,222.88,238.88,236.86,237.64,238.62,240,242.48,269.52,270.4,271.31,272.25,273.23,275.5,276.52,277.6,278.92,290.74,290.95,291.15,291.35,291.55,291.75,291.94,292.14,292.33,292.53,292.73,292.92,293.12,293.32,293.52
35.611,44.234,53.731,67.058,74.297,81.295,87.692,100.49,106.66,112.7,118.96,125.23,136.39,141.14,145.79,150.52,155.48,168.09,171.8,175.41,178.98,182.8,186.52,198.23,201.27,204.5,207.92,211.6,218.1,222.36,228.18,236.91,237.63,238.55,239.83,242.05,269.42,270.29,271.19,272.12,273.09,275.38,276.39,277.45,278.71,290.79,290.99,291.18,291.38,291.57,291.76,291.95,292.14,292.33,292.52,292.72,292.91,293.1,293.3,293.49
35.191,43.782,52.377,62.087,74.666,81.617,88.004,94.616,106.7,112.64,118.77,124.91,136.45,141.13,145.73,150.34,155.21,160.82,171.72,175.3,178.82,182.6,186.24,190.46,201.01,204.17,207.54,211.16,217.65,221.85,227.14,236.96,237.63,238.48,239.67,241.68,269.33,270.19,271.07,271.99,272.95,273.97,276.25,277.31,278.52,290.83,291.02,291.21,291.4,291.59,291.77,291.96,292.15,292.33,292.52,292.71,292.89,293.08,293.27,293.47
34.909,43.526,51.963,61.105,74.987,81.87,88.546,94.755,106.74,112.59,118.59,124.62,136.5,141.13,145.66,150.16,154.95,160.21,171.65,175.19,178.67,182.4,185.97,189.96,200.75,203.85,207.17,210.74,217.2,221.35,226.37,237.01,237.63,238.42,239.52,241.36,269.23,270.08,270.96,271.86,272.81,273.82,276.12,277.17,278.34,290.87,291.06,291.24,291.43,291.61,291.79,291.97,292.15,292.33,292.52,292.7,292.88,293.07,293.25,293.44
4537.6,4589.5,4400.8,4226.5,3847.3,3727.8,3619.5,3519.4,3119.3,2951.9,2807.2,2672.5,2544.7,2421.5,2307.7,2205.4,2112.1,2025.3,1941.3,1622.7,1564.9,1511.2,1461,1413.7,1364.4,1321.6,1260.9,1219,930.87,905.89,881.57,857.47,832.67,801.15,544.68,533.97,523.73,513.93,504.54,495.52,486.87,478.55,470.54,462.84,455.42,448.25,441.34,434.66,428.19,421.92,415.85,409.96,404.25,398.71,393.32,388.08,382.98,378.02,373.18,368.46
4772.8,4582.4,4391.8,4221,3827.6,3706.2,3595.5,3302.8,3102.4,2936.8,2793.4,2659,2531.3,2408.3,2296.1,2195.3,2103.4,2017.8,1935.9,1613.9,1556.7,1503.5,1453.7,1407,1358.5,1316.2,1256.7,1215.8,1169.9,901.7,877.69,854.01,829.91,802.4,540.97,530.32,520.16,510.43,501.11,492.16,483.57,475.32,467.39,459.75,452.39,445.29,438.44,431.82,425.42,419.21,413.2,407.37,401.71,396.22,390.89,385.71,380.66,375.75,370.96,366.29
4773.7,4573.3,4380.2,4210,4051.7,3681.2,3567.1,3282.3,3085,2921.6,2779.2,2645.2,2517.3,2394.9,2284.2,2184.9,2094.3,2010,1929.7,1847.3,1548.3,1495.5,1446.3,1400,1352.5,1310.6,1270.2,1212.2,1169.2,897.39,873.69,850.39,826.9,801.28,537.18,526.62,516.53,506.87,497.62,488.75,480.24,472.06,464.19,456.63,449.34,442.31,435.52,428.97,422.62,416.48,410.53,404.76,399.16,393.73,388.45,383.32,378.33,373.47,368.73,364.11
4770.1,4565.1,4365.9,4195.2,4040.1,3891.7,3533.3,3262,3067.3,2906.3,2764.6,2631,2502.8,2385.5,2272.2,2174.3,2084.9,2001.8,1922.8,1844.4,1539.6,1487.4,1438.6,1392.8,1346.2,1304.7,1264.9,1208.3,1167.1,892.97,869.56,846.64,823.67,799.32,533.33,522.85,512.84,503.26,494.09,485.3,476.86,468.76,460.97,453.47,446.26,439.3,432.58,426.09,419.81,413.73,407.85,402.14,396.6,391.23,386.01,380.93,376,371.19,366.51,361.94
4767.2,4550.2,4349,4177.1,4021.5,3877.4,3740.2,3241.7,3049.5,2890.9,2749.8,2616.3,2491.2,2371.4,2264.4,2163.5,2075.3,1993.2,1915.5,1839.4,1530.8,1479.1,1430.7,1385.5,1339.7,1298.7,1259.4,1204,1164.2,888.43,865.32,842.74,820.26,796.86,529.41,519.01,509.09,499.6,490.52,481.81,473.45,465.43,457.71,450.29,443.15,436.26,429.62,423.2,416.99,410.97,405.15,399.51,394.03,388.72,383.56,378.54,373.66,368.91,364.27,359.76
4756.6,4532.6,4329.3,4155.5,3997.9,3851.6,3709.6,3221.2,3031.7,2875.4,2734.6,2603.7,2475.4,2357,2251.7,2152.5,2065.4,1984.3,1907.6,1833.4,1521.7,1470.5,1422.6,1377.8,1333,1292.5,1253.7,1216,1160.8,883.78,860.96,838.72,816.68,794.05,767.08,515.12,505.29,495.89,486.9,478.27,470,462.06,454.43,447.09,440.02,433.21,426.64,420.29,414.15,408.2,402.44,396.86,391.45,386.2,381.1,376.14,371.31,366.62,362.04,357.57
4743.3,4512,4307,4130.4,3969.5,3818,3661.4,3200.5,3015.1,2860.9,2720.7,2587.5,2459.3,2342.5,2238.8,2145.4,2055.2,1975.1,1899.4,1826.6,1751.4,1461.7,1414.3,1370,1326,1286,1247.7,1210.6,1157,1112.5,856.49,834.57,812.94,790.97,766.45,511.18,501.44,492.14,483.24,474.7,466.52,458.66,451.12,443.86,436.87,430.14,423.64,417.36,411.29,405.42,399.73,394.21,388.86,383.67,378.63,373.73,368.97,364.33,359.8,355.39
4727.3,4488.5,4280.9,4101.9,3936.1,3775.6,3579.1,3180.4,2996.6,2844.3,2704.2,2570.8,2442.9,2327.9,2225.7,2133.6,2044.8,1965.5,1890.7,1819.1,1747.5,1452.6,1405.8,1361.9,1318.9,1279.4,1241.6,1205,1152.8,1112.1,851.9,830.31,809.07,787.67,764.61,507.17,497.54,488.34,479.53,471.1,463,455.24,447.78,440.61,433.7,427.04,420.62,414.42,408.43,402.62,397,391.56,386.27,381.15,376.17,371.33,366.62,362.04,357.57,353.21
4708.2,4462.1,4251.8,4068.5,3896.9,3721.2,3258.4,3158.7,2978.2,2827.3,2687.3,2553.4,2426.3,2313,2212.4,2121.5,2037.9,1955.6,1881.7,1811.2,1741.8,1443.3,1397,1353.7,1311.6,1272.5,1235.2,1199.2,1148.4,1109.7,847.22,825.94,805.07,784.18,762.18,503.12,493.6,484.5,475.8,467.46,459.46,451.79,444.42,437.33,430.51,423.94,417.6,411.47,405.55,399.82,394.27,388.89,383.68,378.61,373.7,368.92,364.27,359.75,355.33,351.03
4685.8,4432.8,4219.8,4031.4,3850.8,3643.2,3375.6,3136.8,2959.8,2809.8,2669.9,2535.4,2409.5,2298,2198.9,2109.1,2026.4,1945.3,1872.3,1802.8,1735,1433.8,1388,1345.1,1304,1265.5,1228.7,1193.2,1158.5,1106.4,842.43,821.46,800.95,780.52,759.35,732.56,489.61,480.62,472.02,463.79,455.89,448.31,441.04,434.04,427.31,420.82,414.56,408.51,402.67,397.01,391.53,386.22,381.07,376.08,371.23,366.51,361.92,357.45,353.1,348.85
4660.1,4401,4184.8,3990.5,3797.4,3474.6,3342.5,3114.9,2941.1,2791.9,2651.8,2517,2392.4,2282.8,2185.1,2096.4,2014.6,1938.4,1862.5,1793.9,1727.6,1658.1,1378.7,1336.4,1296.8,1258.2,1221.9,1187,1152.9,1102.6,837.55,816.89,796.72,776.73,756.24,732.78,485.59,476.71,468.22,460.09,452.3,444.82,437.64,430.73,424.09,417.68,411.51,405.54,399.78,394.19,388.79,383.55,378.47,373.54,368.75,364.1,359.57,355.16,350.87,346.68
4630.9,4366.8,4146.9,3945.7,3734.2,3630.5,3312.1,3092.9,2922.3,2773.5,2633.1,2498,2375.2,2267.3,2171,2083.4,2002.4,1927,1852.3,1784.6,1719.5,1653.7,1369.2,1327.5,1288.4,1250.7,1215,1180.6,1147.1,1098.4,832.57,812.22,792.39,772.8,752.91,731.12,481.52,472.76,464.39,456.37,448.68,441.3,434.22,427.41,420.85,414.54,408.45,402.57,396.88,391.37,386.04,380.88,375.87,371.01,366.28,361.69,357.23,352.88,348.64,344.5
4598.2,4330.3,4106.4,3897,3656.4,3592.2,3283.7,3070.8,2903.2,2754.5,2613.5,2478.6,2357.8,2251.7,2156.7,2070,1989.8,1915.1,1841.7,1774.9,1710.9,1647.4,1359.5,1318.3,1279.7,1243.1,1207.8,1174,1141.1,1108.3,827.51,807.47,787.96,768.76,749.4,728.76,477.43,468.79,460.53,452.62,445.04,437.77,430.79,424.07,417.61,411.39,405.38,399.58,393.98,388.55,383.29,378.2,373.26,368.47,363.81,359.29,354.88,350.59,346.41,342.33
4562.2,4291.5,4063.3,3844.4,3814.9,3555.7,3256.2,3048.7,2883.5,2734.9,2593.2,2458.8,2340.1,2235.7,2142,2056.2,1976.8,1902.9,1833.8,1764.8,1701.9,1640.2,1349.6,1309,1271,1235.3,1200.5,1167.2,1134.9,1102.8,1050.4,802.63,783.45,764.61,745.74,725.97,473.3,464.79,456.65,448.86,441.39,434.22,427.34,420.73,414.36,408.23,402.31,396.6,391.07,385.72,380.55,375.53,370.66,365.93,361.35,356.88,352.54,348.31,344.19,340.17
4523.5,4250.8,4250.1,4030.8,3760.8,3519.4,3228.9,3026.5,2863.4,2714.5,2572,2438.8,2322.2,2219.5,2127,2042.1,1963.5,1890.3,1819.4,1754.3,1692.4,1632.2,1567.4,1299.4,1262,1227.3,1193,1160.3,1128.5,1097.2,1047.9,797.71,778.85,760.37,741.94,722.9,700.31,460.76,452.75,445.07,437.72,430.66,423.89,417.37,411.1,405.06,399.24,393.61,388.17,382.9,377.8,372.85,368.06,363.4,358.88,354.48,350.2,346.04,341.97,338.01
4482.7,4436,4226.5,3989.3,3721.5,3477.1,3201.7,3004.1,2842.5,2693.3,2550,2418.5,2304.1,2203,2111.6,2027.5,1949.6,1877.3,1809.7,1743.5,1682.5,1623.7,1563.3,1289.7,1252.9,1219.1,1185.4,1153.2,1122,1091.3,1059.9,792.72,774.18,756.05,738.03,719.6,698.96,456.72,448.83,441.28,434.04,427.09,420.43,414.01,407.84,401.9,396.16,390.62,385.26,380.07,375.05,370.18,365.46,360.87,356.42,352.09,347.87,343.77,339.76,335.86
4440.5,4423.6,4191.9,3940.7,3686.4,3434.2,3174.5,2981.5,2820.8,2671,2527.4,2398,2285.7,2186.1,2095.8,2012.5,1935.4,1863.8,1797.1,1732.3,1672.3,1614.7,1557,1279.8,1243.6,1209.6,1177.6,1145.9,1115.3,1085.2,1054.7,787.67,769.44,751.65,734.02,716.13,696.74,452.65,444.9,437.47,430.35,423.52,416.96,410.65,404.58,398.73,393.08,387.63,382.36,377.25,372.31,367.52,362.87,358.35,353.96,349.7,345.55,341.5,337.56,333.71
4397,4398.6,4152.3,3889.1,3654,3395.6,3147.1,2958.5,2798.3,2647.7,2504.1,2377.2,2266.9,2168.9,2079.5,1997.1,1920.7,1849.9,1784,1722.4,1661.8,1605.4,1549.6,1269.8,1234.2,1200.7,1169.7,1138.6,1108.5,1079,1049.3,782.55,764.64,747.17,729.92,712.52,694.06,448.58,440.95,433.65,426.65,419.94,413.49,407.29,401.31,395.56,390.01,384.64,379.46,374.44,369.57,364.85,360.28,355.83,351.52,347.32,343.23,339.25,335.36,331.57
4600.6,4364,4106.8,3843.8,3622.3,3359.5,3119.5,2935,2774.9,2847.9,2712.8,2584.9,2247.9,2151.2,2062.7,1981.1,1905.6,1835.6,1770.6,1708.9,1650.9,1595.7,1541.6,1477.8,1224.7,1191.8,1161.7,1131.1,1101.6,1072.7,1043.7,1011.9,759.78,742.64,725.75,708.79,691.08,668.94,437,429.83,422.95,416.35,410.02,403.92,398.05,392.39,386.93,381.66,376.56,371.62,366.84,362.2,357.7,353.32,349.07,344.94,340.92,337,333.17,329.44
4584.6,4325.2,4060.5,3804.9,3590.7,3324.1,3091.7,3130,2980.2,2836.1,2698.2,2572.7,2455,2133,2045.5,1964.7,1890.1,1820.9,1756.8,1697.1,1639.8,1585.7,1533.1,1477.6,1215.1,1182.8,1152.4,1123.5,1094.6,1066.3,1037.9,1007.5,754.87,738.05,721.5,704.97,687.88,668.18,433.04,426,419.25,412.77,406.54,400.56,394.79,389.23,383.87,378.68,373.67,368.82,364.11,359.55,355.12,350.82,346.64,342.57,338.61,334.76,330.99,327.32
4557.5,4283.6,4012.9,3770,3558,3289.1,3292,3120.9,2965.8,2818.2,2680.8,2557.4,2443.9,2114.3,2027.7,1947.8,1874,1805.8,1742.6,1684,1628.4,1575.4,1524.2,1471.9,1205.4,1173.8,1143.9,1115.9,1087.4,1059.7,1032.1,1002.7,749.92,733.41,717.2,701.06,684.52,666.21,429.08,422.17,415.55,409.19,403.08,397.2,391.54,386.08,380.81,375.72,370.79,366.02,361.39,356.91,352.55,348.33,344.22,340.22,336.32,332.52,328.82,325.2
4525.4,4240.1,3965.5,3737,3522.4,3473,3275.3,3103.5,2946.9,2797.6,2661.9,2540.5,2429.6,2324.7,2009.5,1930.5,1857.5,1790.2,1728.1,1670.6,1616.9,1564.9,1515,1465,1195.7,1164.6,1135.3,1108.1,1080.2,1053,1026,997.73,746.57,728.72,712.85,697.07,681.03,663.71,425.13,418.35,411.85,405.61,399.61,393.84,388.29,382.93,377.75,372.75,367.92,363.23,358.68,354.28,350,345.84,341.8,337.87,334.04,330.3,326.66,323.1
4488.8,4195.2,3920.3,3704.1,3482.7,3456.4,3254.8,3083.3,2925.2,2775.5,2641.9,2522.7,2413.9,2312,2211.6,1912.6,1840.6,1774.3,1713.3,1656.9,1604.4,1554.2,1505.6,1457.3,1185.9,1155.5,1126.7,1100.3,1073,1046.3,1019.9,992.52,741.27,724,708.45,693.03,677.43,660.9,637.63,414.53,408.16,402.04,396.16,390.5,385.05,379.79,374.71,369.8,365.05,360.45,355.99,351.66,347.45,343.37,339.4,335.53,331.76,328.09,324.51,321.01
4448.3,4148.7,3878.4,3670.5,3663,3431.3,3232.2,3060.9,2901.3,2752.3,2621.1,2504,2396.9,2297.1,2202.1,1894.1,1823.2,1758.1,1698.2,1643,1591.8,1543.4,1495.9,1449.3,1397.7,1146.2,1118.1,1092.5,1065.6,1039.5,1013.7,987.13,735.93,719.25,704.01,688.93,673.75,657.86,638.7,410.72,404.48,398.48,392.71,387.17,381.82,376.66,371.68,366.86,362.2,357.68,353.3,349.05,344.92,340.91,337,333.2,329.5,325.89,322.37,318.92
4404.4,4100.4,4065.4,3856,3637.2,3403.7,3208,3036.5,2875.4,2728.3,2599.6,2484.5,2379.1,2281,2188.7,2099.1,1805.4,1741.6,1683,1629.1,1579,1532,1486.1,1440.8,1393.3,1137,1109.4,1084.6,1058.3,1032.7,1007.5,981.61,948.01,716.05,699.54,684.79,670,654.67,637.18,406.92,400.8,394.93,389.28,383.84,378.6,373.54,368.66,363.93,359.36,354.92,350.62,346.45,342.4,338.45,334.62,330.89,327.25,323.7,320.24,316.85
4357.6,4050.7,4044.6,3836.5,3603.9,3374.5,3182,3007.2,2844.7,2700.6,2575.3,2464.2,2360.3,2263.8,2173.6,2088,1787.4,1724.9,1667.7,1615.1,1566.1,1520.2,1476.1,1432.1,1387,1127.8,1100.7,1076.7,1050.9,1025.8,1001.1,975.99,946.26,710.98,695.04,680.62,666.19,651.36,634.98,403.13,397.14,391.39,385.86,380.54,375.4,370.44,365.65,361.02,356.53,352.18,347.96,343.87,339.89,336.02,332.25,328.58,325.01,321.52,318.12,314.79
4308.5,4248.6,4016.9,3806.2,3567.6,3341.1,3150.6,2976.9,2814.9,2674.3,2551.6,2441.3,2340.7,2245.8,2157.3,2074.3,1993.9,1708.1,1652.4,1601,1553.2,1508.4,1466,1423.2,1380,1118.5,1092.1,1068.8,1043.5,1018.9,994.77,970.28,942.47,705.89,692.35,676.41,662.33,647.94,632.4,399.36,393.5,387.87,382.46,377.24,372.21,367.36,362.66,358.12,353.72,349.45,345.31,341.3,337.39,333.59,329.9,326.29,322.78,319.36,316.01,312.74
4257.1,4217.9,3985.2,3767.8,3526.1,3308.3,3119.5,2944.4,2784.4,2647.4,2527.3,2418.6,2318.8,2226.9,2140.2,2059.3,1982.4,1691.4,1637,1586.9,1540.3,1496.6,1455.7,1414,1372.4,1321,1083.4,1060.9,1036.1,1012,988.38,964.5,938.09,700.78,687.55,672.18,658.43,644.46,629.59,610,389.87,384.37,379.07,373.97,369.04,364.28,359.69,355.23,350.92,346.74,342.68,338.74,334.91,331.18,327.55,324.02,320.57,317.21,313.92,310.71
4432.8,4180.6,3945.7,3718.8,3485.2,3274.4,3086,2909.8,2753.5,2620.1,2502.4,2395.2,2296.8,2207.4,2122.4,2043.4,1969.1,1895.8,1621.7,1572.9,1527.4,1484.7,1444.2,1404.8,1364.5,1320.6,1074.7,1050.6,1028.7,1005.1,981.97,958.67,933.38,695.66,682.74,667.94,654.51,640.91,626.62,609.51,386.27,380.89,375.7,370.71,365.89,361.23,356.73,352.37,348.14,344.05,340.07,336.2,332.45,328.79,325.23,321.76,318.37,315.07,311.84,308.68
4410.9,4140.7,3902.9,3669.6,3443.5,3238.7,3050,2873.8,2722.1,2592.3,2476.6,2371.1,2274.1,2185,2104,2027,1955,1885.6,1606.4,1558.9,1514.5,1472.8,1433.3,1395.4,1356.4,1315.4,1066,1042.5,1021.3,998.22,975.55,952.81,928.47,690.54,677.91,663.68,650.56,637.32,623.53,607.77,382.68,377.42,372.36,367.47,362.76,358.2,353.79,349.52,345.38,341.37,337.47,333.68,330,326.41,322.92,319.51,316.19,312.94,309.77,306.67
4372.6,4097.9,3851.5,3619,3401.1,3200.9,3011.1,2837.2,2690.5,2563.9,2450.1,2346.2,2250.8,2163.4,2083.4,2010.2,1940.3,1873.6,1802.4,1544.9,1501.6,1461,1422.4,1386,1348,1309,1057.4,1034.3,1013.9,991.32,969.13,946.92,923.42,685.42,673.08,661,646.59,633.68,620.35,605.54,379.12,373.98,369.03,364.26,359.64,355.19,350.87,346.69,342.64,338.71,334.89,331.18,327.56,324.05,320.62,317.28,314.02,310.84,307.72,304.68
4327.4,4051.3,3793.6,3567.5,3358.2,3160.5,2969.7,2800.4,2658.6,2534.8,2422.9,2320.6,2226.9,2141.4,2063.5,1993.2,1925.4,1860.9,1796.3,1531,1488.8,1449.1,1411.5,1376.5,1339.5,1302,1048.7,1026.2,1006.6,984.43,962.72,941.02,918.26,680.3,668.25,656.46,642.61,630.02,617.09,603.03,375.59,370.57,365.73,361.06,356.55,352.19,347.97,343.88,339.92,336.07,332.33,328.69,325.15,321.7,318.34,315.06,311.87,308.74,305.69,302.7
4278.3,3998.7,3734.4,3515.5,3314.2,3117,3141,2976.8,2626.4,2505,2394.9,2294.3,2202.5,2119.2,2043.5,1976.1,1910.1,1847.7,1786.3,1517.1,1476,1437.3,1400.6,1367,1331,1294.8,1252.2,1018.2,999.23,977.56,956.31,935.12,913.04,675.19,663.42,651.91,638.62,626.34,613.79,600.33,582.59,367.18,362.46,357.9,353.49,349.23,345.1,341.1,337.22,333.45,329.78,326.22,322.75,319.37,316.08,312.86,309.73,306.66,303.66,300.73
4226.3,3936.1,3903.6,3689.1,3488.8,3296.9,3114.4,2954.4,2811.7,2474.5,2366.2,2267.4,2177.9,2097,2023.5,1956.3,1894.8,1834.1,1775.1,1503.3,1463.2,1425.5,1389.7,1357.4,1322.3,1287.3,1248.9,1010.1,991.92,970.71,949.93,929.22,907.77,670.1,658.61,647.37,634.63,622.65,610.44,597.51,581.86,363.82,359.21,354.75,350.45,346.28,342.25,338.33,334.54,330.85,327.26,323.77,320.37,317.06,313.83,310.68,307.61,304.6,301.66,298.78
4169.6,4100.3,3861.8,3652.1,3455.8,3260.9,3081.1,2926.4,2789,2662.2,2336.8,2240.2,2153.2,2074.8,2003.6,1938.3,1879.3,1820.3,1763.3,1703.8,1450.5,1413.7,1378.8,1345.4,1313.7,1279.6,1243.5,1002.1,984.64,963.89,943.56,923.32,902.47,876.41,653.8,642.84,630.64,618.94,607.06,594.59,580.16,360.48,355.98,351.64,347.43,343.36,339.42,335.59,331.88,328.27,324.76,321.34,318.01,314.77,311.61,308.52,305.5,302.55,299.67,296.84
4106.2,4056.3,3814,3610.8,3415.2,3219.9,3046,2896.4,2762.6,2640.2,2526,2212.9,2128.6,2052.7,1983.8,1920.4,1861.5,1806.3,1751,1695.1,1437.8,1401.9,1367.9,1335.3,1305,1271.9,1237.4,994.2,977.41,957.1,937.21,917.44,897.15,873.24,649.01,638.31,627.78,615.23,603.66,591.59,578.05,357.18,352.79,348.55,344.44,340.47,336.61,332.87,329.24,325.71,322.27,318.93,315.67,312.5,309.4,306.37,303.41,300.52,297.69,294.92
4273,3999.3,3758.6,3560.8,3364,3171.9,3010.1,2865,2734.3,2615,2504.9,2400.8,2104.1,2030.8,1964,1902.5,1845.2,1791.3,1738.5,1685,1425.2,1390.2,1357.1,1325.3,1296.2,1264,1230.9,986.3,970.21,950.35,930.9,911.58,891.81,869.28,644.24,633.8,623.53,611.52,600.24,588.55,575.69,353.91,349.63,345.49,341.48,337.6,333.83,330.18,326.63,323.17,319.81,316.54,313.35,310.24,307.21,304.24,301.34,298.51,295.73,293.01
4225.2,3939,3707.3,3509.6,3311.3,3126.9,2967.8,2832.4,2704.6,2588.1,2481.3,2382.5,2080,2009.1,1944.4,1884.6,1828.9,1776.4,1725.8,1674.2,1412.6,1378.6,1346.2,1315.3,1285.4,1256.2,1224.2,1185.1,963.07,943.64,924.62,905.74,886.48,865,639.49,629.31,619.29,607.81,596.81,585.47,573.17,556.2,346.5,342.46,338.55,334.76,331.08,327.51,324.04,320.66,317.37,314.17,311.05,308.01,305.03,302.13,299.29,296.51,293.79,291.12
4164.8,3879.2,3654.3,3454,3257.5,3082.3,2929.3,2792.7,2673.8,2560.1,2456.7,2361.9,2271.3,1987.6,1924.8,1866.7,1812.5,1761.5,1712.9,1663.1,1609,1367,1335.5,1305.3,1276.2,1248.3,1217.3,1182.5,955.97,936.97,918.37,899.92,881.15,860.55,634.77,624.83,615.06,604.12,593.38,582.36,570.55,555.83,343.4,339.46,335.64,331.94,328.35,324.86,321.47,318.17,314.96,311.83,308.77,305.79,302.88,300.04,297.25,294.53,291.86,289.25
4097.1,3820.7,3598.1,3394.5,3204.8,3038.1,2889.9,2756.5,2635.9,2531.6,2431.7,2340.4,2254.5,1966.3,1905.4,1848.9,1796.2,1746.6,1699.3,1651.6,1601.2,1355.5,1324.8,1295.4,1267,1240.3,1210.3,1177.7,948.93,930.36,912.17,894.13,875.83,855.99,630.08,620.38,610.85,600.43,589.95,579.22,567.84,554.36,340.33,336.49,332.77,329.16,325.65,322.25,318.93,315.71,312.57,309.5,306.52,303.6,300.75,297.96,295.24,292.57,289.95,287.39
4027.6,3762.2,3753.3,3548.3,3153.4,2993.9,2849.8,2719.5,2602.2,2497.1,2406.6,2318.6,2236.1,2152.5,1886.1,1831.2,1779.9,1731.6,1685.7,1640,1592,1344,1314.1,1285.5,1257.9,1232.4,1203.3,1172.2,941.96,923.79,906.01,888.38,870.53,851.37,625.42,615.95,606.66,596.76,586.52,576.08,565.08,552.47,337.29,333.55,329.92,326.4,322.98,319.65,316.42,313.27,310.2,307.2,304.28,301.43,298.64,295.91,293.24,290.62,288.06,285.55
3959.7,3931.9,3712.5,3506.7,3323.1,2949.2,2808.8,2682,2568.5,2467.4,2376.7,2296.6,2217,2139.2,1866.8,1813.5,1763.7,1716.7,1672,1628.2,1582.2,1332.6,1303.5,1275.6,1248.7,1224.5,1196.1,1166.3,930.82,917.29,899.89,882.66,865.24,846.71,620.78,611.56,602.49,593.53,583.1,572.93,562.28,550.34,334.29,330.65,327.11,323.68,320.34,317.09,313.93,310.85,307.85,304.92,302.07,299.27,296.54,293.87,291.26,288.7,286.18,283.72
4118.6,3886.2,3654.1,3461,3285.5,3123.3,2767.1,2644.3,2535.1,2438.1,2350.9,2271,2197.6,2123.3,1847.8,1796,1747.5,1701.8,1658.4,1616.4,1572,1321.3,1293,1265.8,1239.6,1214.1,1189,1160.3,923.74,910.83,893.83,876.98,859.98,842.02,616.19,607.19,598.35,589.61,579.69,569.77,559.44,548.06,331.33,327.78,324.33,320.98,317.72,314.55,311.47,308.46,305.53,302.67,299.87,297.14,294.47,291.86,289.29,286.79,284.33,281.91
4080.2,3827.3,3597.6,3409.1,3244.9,3088.5,2944,2606.9,2502.4,2409.3,2325.2,2248,2177.9,2106.4,1828.8,1778.5,1731.4,1687,1644.8,1604.5,1561.6,1512.1,1282.5,1256.1,1230.6,1205.7,1181.8,1154.1,1120.3,904.44,887.81,871.35,854.75,837.31,611.63,602.85,594.23,585.71,576.3,566.62,556.59,545.67,531.17,324.94,321.58,318.31,315.13,312.04,309.03,306.1,303.23,300.43,297.7,295.03,292.42,289.86,287.35,284.89,282.48,280.12
4028.2,3763.2,3542.7,3360.7,3196.6,3050.6,2912.1,2784.6,2470.4,2381.1,2299.9,2225.1,2155.4,2089,2018.9,1761.1,1715.4,1672.2,1631.2,1592.6,1551.1,1506,1272.2,1246.4,1221.6,1197.4,1174.6,1147.8,1117,898.11,881.85,865.76,849.55,832.61,811.06,598.55,590.15,581.84,572.92,563.47,553.72,543.21,530.21,322.13,318.86,315.68,312.58,309.56,306.62,303.76,300.96,298.23,295.55,292.94,290.38,287.88,285.43,283.02,280.66,278.34
3965,3699.7,3489.3,3311.7,3150.5,3005.6,2878.4,2757.8,2637.2,2353.2,2274.7,2202.3,2134.7,2071.4,2005.1,1743.9,1699.4,1657.5,1617.6,1580.8,1540.5,1497.9,1261.9,1236.9,1212.7,1189.1,1167.5,1141.5,1112.5,891.84,875.95,860.21,844.39,827.91,808.08,594.28,586.09,577.99,569.56,560.33,550.84,540.7,528.66,319.36,316.17,313.07,310.05,307.11,304.24,301.44,298.71,296.04,293.43,290.87,288.37,285.92,283.52,281.17,278.85,276.58
3895.1,3638.8,3436.8,3261.9,3103.6,2963.9,2839.7,2729.5,2621.4,2325.7,2249.8,2179.6,2114.1,2053.7,1990.2,1726.7,1683.6,1642.9,1604.2,1568.9,1529.8,1489.1,1251.7,1227.3,1203.8,1180.9,1160.3,1135.1,1107.6,885.64,870.1,854.72,839.26,823.23,804.54,590.05,582.06,574.17,566.21,557.21,547.96,538.15,526.82,316.63,313.52,310.5,307.55,304.68,301.88,299.15,296.48,293.88,291.32,288.83,286.38,283.99,281.64,279.33,277.07,274.84
3823.6,3782.5,3588,3211.1,3056.6,2922.7,2804.4,2700.9,2598.2,2298.6,2225.1,2157,2093.5,2035.9,1974.8,1709.7,1667.8,1628.3,1590.7,1554.6,1519.1,1480,1241.7,1217.9,1195,1172.7,1153.1,1128.6,1102.3,875.33,864.31,849.27,834.17,818.56,800.77,585.85,578.06,570.37,562.89,554.09,545.08,535.57,524.82,313.92,310.9,307.96,305.09,302.29,299.56,296.89,294.28,291.74,289.24,286.8,284.41,282.07,279.77,277.51,275.3,273.12
3964.8,3754.6,3557.3,3371.1,3010.3,2882.7,2769.9,2672.2,2573.7,2475.6,2200.5,2134.5,2073,2018.1,1959.1,1897.2,1652.2,1613.9,1577.4,1542.3,1508.5,1470.8,1231.7,1208.6,1186.3,1164.5,1143.1,1122.2,1096.9,869.04,858.58,843.88,829.13,813.91,796.87,581.7,574.1,566.6,559.6,550.99,542.2,532.97,522.71,311.26,308.31,305.45,302.65,299.92,297.25,294.65,292.11,289.62,287.19,284.8,282.46,280.17,277.92,275.71,273.54,271.41
3930.1,3709,3514.4,3333.3,3168.4,2844,2736.1,2637.7,2548.8,2457.1,2176.2,2112.2,2052.5,2000.3,1943.3,1885.2,1636.7,1599.6,1564.2,1530.1,1497.8,1461.4,1221.8,1199.3,1177.6,1156.5,1138.9,1115.8,1091.3,862.82,852.91,838.54,824.12,809.29,792.9,577.58,570.18,562.87,555.6,547.91,539.33,530.36,520.51,507.17,305.76,302.97,300.24,297.58,294.98,292.44,289.96,287.53,285.15,282.82,280.54,278.29,276.09,273.93,271.81,269.72
3881.8,3658.2,3461.1,3292.5,3139,2806.4,2702.9,2608,2523.6,2436.1,2152,2090.1,2032.2,1977.8,1927.4,1872.1,1621.4,1585.4,1551,1518,1487.2,1452,1410.8,1190.2,1169,1148.4,1128.2,1109.3,1085.7,1056.7,843.91,833.25,819.16,804.7,788.88,573.51,566.29,559.16,552.08,544.85,536.47,527.75,518.26,506.28,303.24,300.52,297.86,295.27,292.73,290.26,287.83,285.46,283.14,280.86,278.63,276.44,274.28,272.17,270.09,268.05
3828.6,3605.2,3411.8,3245.1,3105.4,2769.7,2670.1,2578.5,2498.3,2414.2,2327,2068.1,2012.1,1959.3,1911.5,1858.5,1606.2,1571.3,1538,1506,1476.6,1442.5,1404.5,1181.1,1160.5,1140.5,1120.8,1102.9,1080,1053.3,838.15,828.01,814.24,800.14,784.84,569.47,562.43,555.49,548.58,541.81,533.62,525.13,515.97,504.88,300.75,298.1,295.51,292.98,290.51,288.1,285.73,283.42,281.15,278.93,276.74,274.6,272.49,270.42,268.39,266.39
3772.1,3551.2,3362.6,3202.7,3071.2,2943.1,2637.7,2549.2,2467,2392,2311.8,2046.3,1992.1,1941,1895.7,1844.7,1591.1,1557.3,1525.1,1494,1463.8,1433.1,1397.1,1172.1,1152.1,1132.6,1113.4,1096.5,1074.3,1049.1,832.46,822.84,809.37,795.61,780.79,565.48,558.62,551.85,545.12,538.79,530.79,522.52,513.65,503.22,298.3,295.72,293.19,290.73,288.32,285.97,283.66,281.4,279.18,277.01,274.88,272.78,270.72,268.7,266.71,264.75
3714.2,3497,3314.5,3161.5,3031.1,2915.3,2605.5,2520.1,2440.7,2369.6,2293.5,2024.7,1972.3,1922.9,1875.8,1830.7,1777.9,1543.5,1512.3,1482.2,1452.8,1423.6,1389.3,1163.2,1143.8,1124.8,1106.1,1090.1,1068.6,1044.6,826.83,817.71,804.55,791.11,776.74,561.53,554.84,548.24,541.68,535.8,527.98,519.91,511.31,501.42,295.88,293.36,290.91,288.51,286.16,283.86,281.61,279.4,277.24,275.12,273.03,270.99,268.97,266.99,265.04,263.13
3655.5,3443.2,3267.9,3121.2,2995.1,2886,2573.7,2491.1,2414.4,2347.2,2274.3,2003.3,1952.7,1904.9,1859.4,1816.7,1767.2,1529.9,1499.6,1470.5,1442,1414.2,1381.3,1154.4,1135.5,1117.1,1098.9,1080.8,1062.9,1039.9,821.26,812.65,799.78,786.65,772.69,753.91,551.11,544.67,538.27,532.82,525.18,517.31,508.96,499.52,293.49,291.04,288.65,286.31,284.02,281.78,279.58,277.43,275.32,273.25,271.21,269.21,267.24,265.3,263.4,261.52
3596.4,3599.1,3223.1,3081.5,2959.3,2856.1,2748.1,2462.4,2388.4,2319,2254.7,2181.8,1933.3,1887.1,1843.1,1802.7,1755.7,1516.4,1487.1,1458.8,1431.3,1404.8,1373.2,1145.6,1127.4,1109.4,1091.8,1074.1,1057.1,1035.1,815.76,807.64,795.05,782.23,768.66,751.64,547.41,541.13,534.9,528.67,522.4,514.71,506.6,497.54,484.28,288.75,286.42,284.14,281.91,279.73,277.58,275.48,273.42,271.4,269.41,267.45,265.53,263.63,261.77,259.93
3762.1,3565.2,3391.2,3042.2,2923.5,2820.1,2723.8,2434,2362.6,2295.7,2235.1,2167.2,1914.3,1869.6,1827.1,1788.8,1743.8,1503.1,1474.7,1447.4,1420.6,1395.5,1365,1137,1119.3,1101.9,1084.7,1071.1,1051.4,1030.2,810.33,802.68,790.37,777.85,764.65,748.71,543.75,537.63,531.55,525.48,519.35,512.13,504.24,495.52,483.93,286.49,284.22,282,279.83,277.7,275.61,273.56,271.55,269.57,267.63,265.71,263.83,261.98,260.16,258.36
3719.5,3523.7,3358.9,3003.3,2887.9,2788.2,2698.2,2405.9,2337.1,2272.7,2215.4,2151,1895.6,1852.4,1811.2,1775,1731.7,1489.9,1462.5,1436,1410.1,1386.2,1356.7,1128.5,1111.3,1094.3,1077.6,1060.9,1045.7,1025.2,997.4,797.79,785.75,773.51,760.65,745.54,540.13,534.16,528.24,522.32,516.35,509.57,501.88,493.46,482.85,284.26,282.05,279.89,277.77,275.7,273.66,271.66,269.7,267.77,265.87,264,262.16,260.35,258.56,256.8
3672.2,3480.1,3318.1,3169.5,2852.5,2756.5,2672,2577.3,2312.1,2250,2195.9,2134.2,1877.2,1835.4,1795.5,1761.4,1719.6,1671.3,1450.4,1424.7,1399.7,1377.1,1348.5,1313.3,1103.3,1086.9,1070.7,1054.4,1040,1020.2,995.34,792.95,781.17,769.21,756.69,742.25,536.55,530.73,524.96,519.19,513.38,507.43,499.52,491.38,481.47,282.06,279.91,277.81,275.74,273.72,271.73,269.78,267.87,265.98,264.13,262.3,260.5,258.73,256.99,255.26
3622.3,3436.6,3279.6,3139.5,2817.6,2725.2,2640.8,2557.5,2287.5,2227.6,2176.6,2117.3,1859.2,1818.8,1780.2,1742.9,1707.5,1663.4,1438.5,1413.6,1389.4,1367.9,1340.3,1308,1095.5,1079.5,1063.7,1047.9,1034.4,1015.1,992.03,788.17,776.64,764.95,752.74,738.88,533.01,527.34,521.71,516.08,510.42,504.64,497.17,489.28,479.92,279.9,277.8,275.75,273.74,271.77,269.83,267.93,266.06,264.22,262.41,260.62,258.86,257.13,255.43,253.74
