105,123.73,142.46,161.19,179.92,198.64,217.37,236.1,254.83,273.56,292.29,311.02,329.75,348.47,367.2,385.93,404.66,423.39,442.12,460.85,479.58,498.31,517.03,535.76,554.49,573.22,591.95,610.68,629.41,648.14,666.86,685.59,704.32,723.05,741.78,760.51,779.24,797.97,816.69,835.42,854.15,872.88,891.61,910.34,929.07,947.8,966.53,985.25,1004,1022.7,1041.4,1060.2,1078.9,1097.6,1116.4,1135.1,1153.8,1172.5,1191.3,1210
0.6,0.60593,0.61186,0.6178,0.62373,0.62966,0.63559,0.64153,0.64746,0.65339,0.65932,0.66525,0.67119,0.67712,0.68305,0.68898,0.69492,0.70085,0.70678,0.71271,0.71864,0.72458,0.73051,0.73644,0.74237,0.74831,0.75424,0.76017,0.7661,0.77203,0.77797,0.7839,0.78983,0.79576,0.80169,0.80763,0.81356,0.81949,0.82542,0.83136,0.83729,0.84322,0.84915,0.85508,0.86102,0.86695,0.87288,0.87881,0.88475,0.89068,0.89661,0.90254,0.90847,0.91441,0.92034,0.92627,0.9322,0.93814,0.94407,0.95
683.22,677.56,671.93,666.52,660.97,655.74,650.53,645.35,640.21,635.06,630.01,624.99,620.01,615.28,610.68,606.32,602.13,598.08,593.91,589.69,585,580.12,575.81,573.08,571.62,570.66,569.87,569.13,568.4,567.67,566.94,566.23,565.64,564.81,563.97,563.12,562.25,561.36,560.46,559.55,558.62,557.67,556.71,555.74,554.74,553.73,552.71,551.67,550.61,549.54,548.45,547.34,546.22,545.08,543.92,542.75,541.56,540.34,539.11,537.87
665.13,659.08,653.32,647.66,641.67,635.96,630.55,624.96,619.42,614.24,608.8,603.41,598.19,592.99,587.8,582.81,578.22,573.77,569.43,565.13,560.57,555.63,550.5,546.49,544.53,543.49,542.76,542.1,541.46,540.81,540.16,539.5,538.82,538.14,537.45,536.74,536.02,535.29,534.55,533.8,533.03,532.25,531.46,530.65,529.83,529,528.15,527.29,526.42,525.54,524.64,523.74,522.82,521.9,520.97,520.08,519.18,518.15,517.11,516.05
652.2,645.8,639.57,633.4,627.26,621.39,615.25,609.6,603.82,598.38,592.83,587.3,581.93,576.53,571.1,565.76,560.71,555.74,551.03,546.56,542.06,537.27,531.87,526.94,524.31,523.18,522.49,521.91,521.35,520.79,520.23,519.66,519.08,518.5,517.91,517.31,516.71,516.1,515.5,514.92,514.41,513.73,513.03,512.32,511.6,510.87,510.13,509.38,508.62,507.85,507.06,506.26,505.45,504.63,503.79,502.94,502.08,501.21,500.32,499.42
641.81,635.29,628.96,622.55,616.43,610.11,604.16,598.09,592.16,586.39,580.68,575.22,569.49,564.05,558.61,553.13,547.77,542.82,537.86,533.12,528.54,523.71,518.26,512.88,509.36,508.03,507.35,506.81,506.29,505.77,505.25,504.72,504.18,503.64,503.09,502.53,501.96,501.39,500.8,500.21,499.61,499,498.39,497.76,497.13,496.49,495.83,495.17,494.5,493.82,493.14,492.44,491.73,491.01,490.29,489.55,488.8,488.04,487.27,486.48
633.95,627.61,620.84,614.33,607.99,601.49,595.25,589.23,583.19,577.1,571.17,565.55,559.96,554.39,548.76,543.13,537.58,532.17,526.92,521.94,517.27,512.54,507.38,501.61,497.2,495.47,494.76,494.26,493.8,493.34,492.88,492.42,491.94,491.46,490.98,490.48,489.98,489.47,488.95,488.43,487.89,487.35,486.8,486.25,485.68,485.11,484.53,483.94,483.34,482.73,482.12,481.5,480.87,480.23,479.58,478.92,478.26,477.59,476.9,476.21
627.49,620.46,614.02,607.54,601.01,594.51,587.87,581.58,575.37,569.23,563.27,557.37,551.55,545.83,540.13,534.66,528.99,523.45,518.07,512.94,508.16,503.48,498.34,492.52,487.56,485.24,484.47,484,483.58,483.17,482.76,482.35,481.93,481.5,481.07,480.63,480.19,479.74,479.28,478.81,478.34,477.86,477.37,476.87,476.37,475.86,475.34,474.81,474.28,473.74,473.19,472.63,472.07,471.5,470.92,470.34,469.74,469.14,468.53,467.92
622.39,615.55,608.49,601.64,595.02,588.61,581.98,575.51,569.03,562.71,556.9,550.88,544.78,539.07,533.54,527.67,521.97,516.5,510.87,505.42,500.57,495.74,490.73,485.14,479.48,476.88,476,475.55,475.16,474.79,474.42,474.04,473.66,473.28,472.89,472.5,472.1,471.69,471.28,470.87,470.45,470.02,469.58,469.14,468.7,468.25,467.79,467.32,466.86,466.38,465.91,465.43,464.95,464.49,464.16,463.6,463.05,462.48,461.91,461.32
618.16,611.12,604.41,597.12,590.51,583.83,577.19,570.73,564.21,557.64,551.4,545.48,539.45,533.4,527.64,521.89,516.24,510.53,504.95,499.42,494.32,489.43,484.45,478.83,473.1,469.95,469.02,468.58,468.23,467.89,467.55,467.21,466.88,466.54,466.21,465.88,465.57,465.41,465.02,464.62,464.22,463.81,463.4,462.98,462.56,462.12,461.69,461.24,460.79,460.33,459.87,459.4,458.92,458.43,457.94,457.44,456.94,456.42,455.9,455.37
614.89,607.78,600.8,593.8,586.98,580,573.29,566.63,560.1,553.64,547.31,541.04,534.87,529,523.12,517.37,511.47,505.57,500.08,494.37,489.22,484.23,479.2,473.68,467.82,464.41,463.36,462.9,462.54,462.2,461.86,461.52,461.18,460.83,460.48,460.13,459.78,459.42,459.06,458.69,458.32,457.95,457.57,457.18,456.79,456.4,455.99,455.59,455.17,454.76,454.33,453.9,453.47,453.03,452.58,452.12,451.66,451.2,450.72,450.24
612.13,605.03,597.55,590.84,583.78,576.92,569.9,563.48,556.67,550.24,543.63,537.2,530.94,524.92,518.91,513.01,507.16,501.32,495.36,489.72,484.38,479.33,474.34,468.76,462.67,459.16,458.1,457.65,457.3,456.97,456.64,456.32,455.99,455.66,455.32,454.99,454.65,454.31,453.97,453.62,453.27,452.92,452.56,452.2,451.84,451.47,451.09,450.71,450.33,449.94,449.55,449.15,448.75,448.34,447.93,447.51,447.09,446.66,446.22,445.78
609.9,602.75,595.06,588.07,581.35,574.19,567.31,560.69,553.68,547.07,540.7,534.1,527.72,521.68,515.59,509.58,503.53,497.68,491.74,485.82,480.46,475.25,470.09,464.55,458.38,454.68,453.59,453.15,452.81,452.49,452.18,451.86,451.54,451.22,450.9,450.58,450.25,449.92,449.59,449.26,448.93,448.59,448.25,447.91,447.56,447.21,446.86,446.5,446.14,445.77,445.41,445.03,444.65,444.27,443.89,443.5,443.1,442.7,442.3,441.88
608.08,600.69,593.45,586.52,579.32,572.1,565.08,558.07,551.42,544.65,538.02,531.52,525.01,518.64,512.72,506.57,500.53,494.63,488.59,482.72,477.18,471.82,466.55,461.1,454.79,450.78,449.68,449.25,448.92,448.61,448.3,447.99,447.68,447.37,447.06,446.75,446.44,446.12,445.8,445.48,445.16,444.84,444.51,444.18,443.85,443.52,443.18,442.84,442.49,442.15,441.8,441.44,441.09,440.73,440.36,439.99,439.62,439.24,438.86,438.48
606.75,599.52,591.9,584.61,577.24,570.31,563.38,556.15,549.53,542.57,536.01,529.23,522.75,516.38,510.14,504.16,497.96,491.81,485.77,479.95,474.39,468.82,463.66,458.03,451.81,447.48,446.25,445.82,445.5,445.2,444.9,444.6,444.3,444,443.7,443.4,443.1,442.79,442.49,442.18,441.87,441.56,441.24,440.92,440.61,440.29,439.96,439.63,439.31,438.97,438.64,438.3,437.96,437.62,437.27,436.92,436.57,436.21,435.85,435.48
605.4,597.78,590.8,583.04,576.03,568.91,561.69,554.53,547.9,540.92,534.18,527.6,520.99,514.55,508.29,501.97,495.92,489.93,483.57,477.77,471.84,466.37,461.23,455.56,449.23,444.53,443.2,442.77,442.46,442.17,441.88,441.59,441.31,441.02,440.73,440.44,440.14,439.85,439.55,439.26,438.96,438.66,438.35,438.05,437.74,437.43,437.12,436.81,436.49,436.17,435.85,435.53,435.2,434.87,434.54,434.21,433.87,433.53,433.19,432.84
603.94,596.77,589.57,582.2,575.04,567.62,560.49,553.34,546.63,539.73,532.79,526.01,519.63,512.96,506.5,500.34,494.23,488.03,482.06,475.72,469.78,464.4,459.04,453.62,447.2,442.02,440.51,440.05,439.75,439.47,439.19,438.91,438.63,438.35,438.07,437.79,437.51,437.23,436.94,436.66,436.37,436.08,435.79,435.49,435.2,434.9,434.6,434.3,433.99,433.69,433.38,433.07,432.76,432.44,432.12,431.8,431.48,431.16,430.83,430.5
603.39,595.72,588.24,581.07,573.45,566.33,559.23,552.23,545.23,538.38,531.37,524.72,518.25,511.69,505.15,498.74,492.5,486.44,480.35,474.13,468.24,462.54,457.23,451.71,445.19,439.84,438.09,437.62,437.32,437.05,436.78,436.51,436.24,435.97,435.7,435.43,435.15,434.88,434.61,434.33,434.05,433.77,433.49,433.21,432.92,432.64,432.35,432.06,431.77,431.47,431.18,430.88,430.58,430.28,429.97,429.66,429.35,429.04,428.73,428.41
602.35,594.99,587.38,580.27,572.63,565.5,558.26,551.12,544.19,537.43,530.37,523.78,517.03,510.4,503.95,497.47,491.44,485.2,479.01,472.74,466.84,460.96,455.58,450.27,443.75,437.94,435.93,435.43,435.14,434.87,434.61,434.35,434.09,433.83,433.57,433.31,433.04,432.78,432.51,432.25,431.98,431.71,431.44,431.17,430.89,430.62,430.34,430.06,429.78,429.49,429.21,428.92,428.63,428.34,428.05,427.76,427.46,427.16,426.86,426.55
601.61,593.87,586.64,579.04,571.96,564.71,557.62,550.32,543.5,536.37,529.64,522.63,515.99,509.4,503.02,496.45,490.26,484.03,477.82,471.65,465.41,459.71,454.22,448.77,442.58,436.32,434.02,433.48,433.19,432.93,432.68,432.43,432.17,431.92,431.67,431.42,431.16,430.91,430.65,430.39,430.13,429.88,429.61,429.35,429.09,428.82,428.55,428.29,428.02,427.74,427.47,427.2,426.92,426.64,426.36,426.08,425.79,425.51,425.22,424.93
601.28,593.54,585.95,578.47,571.08,564.09,556.72,549.84,542.76,535.78,528.8,521.86,515.06,508.57,502.16,495.61,489.4,483.15,476.96,470.57,464.45,458.51,452.98,447.58,441.27,435.05,432.36,431.77,431.48,431.23,430.99,430.75,430.5,430.26,430.01,429.77,429.53,429.28,429.04,428.79,428.54,428.29,428.04,427.79,427.54,427.29,427.03,426.78,426.52,426.27,426.01,425.75,425.5,425.24,424.98,424.73,424.48,424.24,424.03,423.9
601.01,593.31,586.2,578.7,571.17,563.72,556.45,549.13,542.64,535.3,528.35,521.42,514.47,507.92,501.53,494.91,488.62,482.43,476.02,469.84,463.52,457.65,452.1,446.57,440.4,433.79,431.06,430.49,430.23,430.01,430.15,429.9,429.64,429.39,429.13,428.88,428.62,428.37,428.11,427.85,427.59,427.33,427.07,426.81,426.54,426.28,426.01,425.74,425.47,425.2,424.93,424.65,424.38,424.1,423.82,423.54,423.26,422.97,422.68,422.4
601.79,594.12,586.71,579.02,571.95,564.14,557,549.73,542.58,535.61,528.53,521.55,514.75,507.85,501.32,494.76,488.39,482.01,475.82,469.28,462.99,457.01,451.34,445.84,439.59,432.94,429.97,429.32,429.02,428.77,428.52,428.28,428.03,427.78,427.54,427.29,427.04,426.79,426.54,426.29,426.04,425.79,425.53,425.28,425.02,424.76,424.5,424.24,423.98,423.72,423.45,423.19,422.92,422.65,422.38,422.11,421.83,421.56,421.28,421
601.47,593.92,586.37,578.72,571.56,563.91,556.45,549.43,542.41,535.16,528.3,521.29,514.35,507.6,500.99,494.4,488.02,481.77,475.3,469.01,462.65,456.54,450.73,445.21,439.29,432.35,428.58,427.79,427.49,427.24,427,426.76,426.52,426.28,426.04,425.8,425.56,425.32,425.07,424.83,424.59,424.34,424.1,423.85,423.6,423.35,423.1,422.84,422.59,422.34,422.08,421.82,421.56,421.3,421.04,420.77,420.5,420.24,419.97,419.7
601.01,593.32,585.66,578.28,571.03,563.65,556.35,549.2,542.04,535.05,528.31,520.96,514.03,507.46,500.5,494.19,487.68,481.25,475.07,468.66,462.22,456.09,450.3,444.79,438.85,431.89,427.39,426.37,426.05,425.8,425.57,425.34,425.1,424.87,424.64,424.4,424.17,423.93,423.7,423.46,423.22,422.99,422.75,422.51,422.27,422.02,421.78,421.53,421.29,421.04,420.79,420.54,420.29,420.03,419.78,419.52,419.26,419,418.74,418.48
600.65,593.24,585.73,577.96,570.87,563.18,555.77,548.94,541.85,534.65,527.71,520.95,514.02,507.18,500.45,493.8,487.38,481.01,474.87,468.33,462.08,455.87,449.88,444.28,438.69,431.82,426.42,425.05,424.69,424.45,424.22,423.99,423.77,423.54,423.31,423.09,422.86,422.63,422.4,422.17,421.94,421.71,421.48,421.25,421.01,420.78,420.54,420.3,420.06,419.82,419.58,419.33,419.09,418.84,418.6,418.35,418.1,417.84,417.59,417.33
600.19,592.28,585.25,577.76,570.25,563.05,555.91,548.52,541.65,534.37,527.32,520.47,513.65,506.99,500.19,493.66,487.31,480.87,474.5,468.29,461.91,455.62,449.64,444.14,438.44,431.85,425.69,423.83,423.42,423.17,422.95,422.73,422.51,422.29,422.07,421.85,421.62,421.4,421.18,420.96,420.73,420.51,420.28,420.06,419.83,419.6,419.37,419.14,418.9,418.67,418.44,418.2,417.96,417.72,417.48,417.24,417,416.75,416.5,416.26
599.8,592.26,584.57,577.15,569.83,562.69,555.21,548.38,541.28,534.03,527.34,520.16,513.55,506.55,499.91,493.34,486.98,480.47,474.3,468.1,461.76,455.42,449.38,443.69,438.18,431.79,425.23,422.7,422.21,421.97,421.75,421.53,421.32,421.1,420.89,420.67,420.46,420.24,420.02,419.81,419.59,419.37,419.15,418.93,418.71,418.49,418.26,418.04,417.81,417.58,417.36,417.13,416.9,416.66,416.43,416.19,415.96,415.72,415.48,415.24
599.23,592.01,584.34,577.1,569.4,562.02,554.92,547.97,540.82,533.7,526.98,520.09,513.4,506.54,499.77,493.15,486.76,480.36,474.07,467.98,461.49,455.36,449.16,443.47,437.89,431.78,424.9,421.72,421.08,420.82,420.61,420.4,420.19,419.98,419.77,419.56,419.35,419.14,418.93,418.72,418.5,418.29,418.08,417.86,417.65,417.43,417.21,417,416.78,416.56,416.33,416.11,415.88,415.66,415.43,415.2,414.97,414.74,414.51,414.27
598.72,591.38,583.58,576.55,569.16,561.71,554.56,547.49,540.52,533.44,526.6,519.74,512.93,506.19,499.49,493.01,486.63,480.12,473.79,467.65,461.4,455.25,448.97,443.37,437.85,431.85,424.77,420.81,420.01,419.74,419.53,419.32,419.11,418.91,418.7,418.5,418.3,418.09,417.89,417.68,417.47,417.27,417.06,416.85,416.64,416.43,416.22,416.01,415.79,415.58,415.36,415.14,414.93,414.71,414.49,414.26,414.04,413.81,413.59,413.36
598.12,590.95,583.34,575.94,568.84,561.23,554.09,547.2,540.16,533.13,526.2,519.43,512.78,506.08,499.38,492.59,486.24,479.91,473.9,467.65,461.4,454.88,448.82,443.04,437.64,431.85,424.87,420.08,419.01,418.71,418.5,418.3,418.09,417.89,417.7,417.5,417.3,417.1,416.9,416.7,416.5,416.29,416.09,415.89,415.68,415.48,415.27,415.07,414.86,414.65,414.44,414.23,414.01,413.8,413.59,413.37,413.15,412.93,412.71,412.49
597.73,590.19,582.83,575.39,568.07,560.79,553.68,546.83,539.66,532.78,526.05,519.27,512.2,505.61,498.97,492.51,486.15,479.83,473.58,467.23,461.27,454.84,448.78,442.93,437.37,431.83,425.03,419.49,418.06,417.73,417.52,417.32,417.12,416.93,416.73,416.54,416.34,416.15,415.96,415.76,415.56,415.37,415.17,414.97,414.77,414.57,414.37,414.17,413.97,413.77,413.56,413.35,413.15,412.94,412.73,412.52,412.31,412.09,411.88,411.66
597.27,590,582.63,575.11,567.46,560.64,553.13,546.2,539.43,532.32,525.67,518.91,512.22,505.52,498.75,492.32,485.66,479.48,473.26,467.19,461.14,454.81,448.64,442.69,437.26,431.73,425.2,419.06,417.18,416.8,416.59,416.39,416.2,416.01,415.82,415.63,415.44,415.25,415.06,414.87,414.67,414.48,414.29,414.1,413.9,413.71,413.51,413.32,413.12,412.92,412.72,412.52,412.32,412.12,411.91,411.71,411.5,411.29,411.08,410.87
596.38,589.06,581.78,574.35,567.15,560.32,552.71,545.86,538.96,531.99,525.08,518.56,511.72,504.99,498.67,491.97,485.55,479.21,473.08,467.03,460.83,454.69,448.4,442.57,437.13,431.59,425.3,418.77,416.38,415.92,415.7,415.51,415.32,415.13,414.95,414.76,414.57,414.39,414.2,414.01,413.83,413.64,413.45,413.26,413.07,412.88,412.69,412.5,412.31,412.12,411.92,411.73,411.53,411.33,411.13,410.93,410.73,410.53,410.33,410.12
596.45,588.56,581.52,574.31,566.78,559.42,552.21,545.55,538.48,531.74,524.82,517.91,511.46,504.77,498.1,491.56,485.33,479.01,472.85,466.67,460.67,454.51,448.27,442.44,436.85,431.52,425.36,418.61,415.64,415.08,414.86,414.67,414.48,414.29,414.11,413.93,413.75,413.57,413.38,413.2,413.02,412.83,412.65,412.47,412.28,412.1,411.91,411.72,411.54,411.35,411.16,410.97,410.78,410.58,410.39,410.19,410,409.8,409.6,409.4
595.47,588.22,580.84,573.49,566.28,558.82,551.93,545.04,538.24,531.18,524.5,517.86,510.96,504.55,497.72,491.38,485.05,478.88,472.56,466.48,460.46,454.28,448.14,442.34,436.65,431.38,425.31,418.54,414.96,414.28,414.05,413.86,413.68,413.5,413.32,413.14,412.96,412.78,412.6,412.42,412.24,412.06,411.88,411.7,411.52,411.34,411.16,410.98,410.8,410.61,410.43,410.24,410.05,409.86,409.68,409.49,409.29,409.1,408.91,408.71
595.17,587.48,580.32,572.63,565.72,558.73,551.59,544.54,537.48,530.86,524.15,517.37,510.69,504.01,497.58,491.12,484.57,478.4,472.3,466.23,460.16,454.26,447.97,442.03,436.51,431.09,425.31,418.52,414.38,413.53,413.28,413.09,412.91,412.73,412.55,412.38,412.2,412.03,411.85,411.68,411.5,411.33,411.15,410.98,410.8,410.62,410.44,410.27,410.09,409.91,409.73,409.54,409.36,409.18,408.99,408.81,408.62,408.43,408.24,408.05
594.58,587.29,579.77,572.51,565.29,558.06,551.14,544.05,537.08,530.27,523.58,517,510.38,503.62,497.15,490.86,484.27,478.21,472.07,465.95,459.92,453.91,447.81,441.88,436.21,431.06,425.4,418.55,413.84,412.81,412.54,412.35,412.17,412,411.82,411.65,411.48,411.31,411.14,410.96,410.79,410.62,410.45,410.28,410.1,409.93,409.76,409.58,409.41,409.23,409.06,408.88,408.7,408.52,408.34,408.16,407.97,407.79,407.61,407.42
594.03,586.82,579.15,571.89,564.79,557.96,550.47,543.6,536.64,530.05,523.05,516.56,509.73,503.24,496.89,490.39,483.89,477.83,471.69,465.78,459.72,453.71,447.53,441.64,436.06,430.77,425.15,418.48,413.39,412.13,411.83,411.65,411.47,411.3,411.13,410.96,410.79,410.62,410.45,410.28,410.11,409.95,409.78,409.61,409.44,409.27,409.1,408.93,408.76,408.59,408.41,408.24,408.06,407.89,407.71,407.54,407.36,407.18,407,406.81
593.71,586.28,578.84,571.48,564.2,557.13,550.09,543.21,536.11,529.46,522.68,516.05,509.36,502.77,496.48,490,483.7,477.39,471.3,465.43,459.47,453.45,447.56,441.4,435.72,430.51,425.08,418.5,412.96,411.49,411.16,410.97,410.8,410.63,410.46,410.29,410.13,409.96,409.79,409.63,409.46,409.3,409.13,408.97,408.8,408.64,408.47,408.3,408.13,407.96,407.8,407.63,407.45,407.28,407.11,406.94,406.76,406.59,406.41,406.23
593.11,585.72,578.2,571.15,563.6,557.1,549.82,542.68,535.79,529.03,522.3,515.6,509.02,502.5,496.07,489.6,483.3,477.11,471.11,465.02,459.05,453.27,447.24,441.2,435.64,430.25,424.89,418.44,412.66,410.87,410.51,410.32,410.15,409.98,409.82,409.65,409.49,409.33,409.16,409,408.84,408.68,408.51,408.35,408.19,408.03,407.86,407.7,407.53,407.37,407.2,407.04,406.87,406.7,406.53,406.36,406.19,406.02,405.85,405.67
592.35,585.08,577.92,570.7,563.52,556.34,549.27,542.08,535.33,528.45,522.07,515.39,508.85,502.15,495.6,489.38,483.02,476.78,470.79,464.89,458.79,452.85,446.9,441.07,435.38,430.04,424.77,418.54,412.28,410.3,409.89,409.7,409.53,409.37,409.2,409.04,408.88,408.72,408.56,408.4,408.24,408.08,407.92,407.76,407.6,407.44,407.28,407.12,406.96,406.8,406.63,406.47,406.31,406.14,405.98,405.81,405.64,405.48,405.31,405.14
591.95,585.14,577.33,569.87,563,555.77,548.66,541.75,535.05,528.32,521.62,514.76,508.35,501.91,495.23,488.75,482.48,476.35,470.36,464.37,458.57,452.6,446.68,440.72,435.04,429.86,424.57,418.29,412.03,409.75,409.31,409.11,408.94,408.77,408.61,408.45,408.29,408.13,407.98,407.82,407.66,407.5,407.35,407.19,407.03,406.88,406.72,406.56,406.4,406.25,406.09,405.93,405.77,405.6,405.44,405.28,405.12,404.95,404.79,404.62
591.71,584.2,576.8,569.68,562.88,555.21,548.2,541.24,534.66,527.82,520.97,514.34,507.8,501.41,495.03,488.4,482.13,475.98,470.1,464.07,458.24,452.34,446.37,440.36,434.75,429.58,424.3,418.15,411.76,409.23,408.73,408.54,408.37,408.21,408.05,407.89,407.73,407.57,407.42,407.26,407.11,406.95,406.8,406.64,406.49,406.34,406.18,406.03,405.87,405.72,405.56,405.4,405.25,405.09,404.93,404.77,404.61,404.45,404.29,404.12
591.48,583.96,576.44,569.29,561.96,554.93,547.67,540.91,534.04,527.3,520.55,513.9,507.39,501.11,494.55,488.11,481.86,475.71,469.73,463.7,457.96,451.92,446.11,440.22,434.54,429.22,423.97,418.11,411.65,408.75,408.19,407.99,407.82,407.66,407.5,407.34,407.19,407.03,406.88,406.73,406.58,406.42,406.27,406.12,405.97,405.82,405.67,405.51,405.36,405.21,405.05,404.9,404.74,404.59,404.43,404.28,404.12,403.96,403.8,403.64
591.06,583.57,576.08,568.74,561.77,554.36,547.34,540.35,533.66,526.87,520.07,513.57,507.2,500.61,494.05,487.76,481.43,475.34,469.46,463.34,457.52,451.76,445.73,439.92,434.26,429.02,423.81,417.98,411.3,408.27,407.67,407.46,407.29,407.13,406.98,406.82,406.67,406.52,406.37,406.21,406.06,405.91,405.76,405.61,405.47,405.32,405.17,405.02,404.87,404.72,404.57,404.41,404.26,404.11,403.96,403.8,403.65,403.49,403.34,403.18
590.24,582.99,575.96,568.22,561.26,553.98,547.13,540.18,533.11,526.57,519.99,513.34,506.59,500.31,493.88,487.33,481.14,474.95,468.97,463.05,457.29,451.36,445.53,439.7,433.97,428.65,423.52,417.81,411.15,407.85,407.16,406.95,406.79,406.63,406.47,406.32,406.17,406.02,405.87,405.72,405.57,405.42,405.28,405.13,404.98,404.83,404.69,404.54,404.39,404.24,404.1,403.95,403.8,403.65,403.5,403.35,403.2,403.04,402.89,402.74
590.14,582.76,575.32,567.95,560.86,553.78,546.47,539.76,532.9,526.11,519.3,512.93,506.32,499.81,493.36,487.05,480.7,474.8,468.57,462.61,456.85,451.01,445.35,439.34,433.71,428.39,423.2,417.46,411.02,407.39,406.68,406.47,406.3,406.14,405.99,405.84,405.69,405.54,405.39,405.24,405.1,404.95,404.8,404.66,404.51,404.37,404.22,404.08,403.93,403.79,403.64,403.5,403.35,403.2,403.05,402.91,402.76,402.61,402.46,402.31
589.7,582.19,574.85,567.62,560.58,553.39,546.09,539.44,532.62,525.9,518.95,512.4,506.01,499.51,493.16,486.62,480.35,474.33,468.3,462.39,456.65,450.9,444.88,439.04,433.44,428.16,423.02,417.35,410.7,406.97,406.22,405.99,405.83,405.68,405.52,405.37,405.22,405.08,404.93,404.78,404.64,404.5,404.35,404.21,404.06,403.92,403.78,403.64,403.49,403.35,403.21,403.06,402.92,402.77,402.63,402.48,402.34,402.19,402.04,401.89
589.27,581.92,574.52,567.32,560.21,552.87,545.8,538.91,532.1,525.52,518.66,512.05,505.5,499.01,492.68,486.39,480.18,473.94,467.92,462.04,456.39,450.42,444.68,438.69,433.18,427.77,422.73,417.12,410.54,406.64,405.78,405.54,405.38,405.23,405.07,404.92,404.78,404.63,404.49,404.34,404.2,404.05,403.91,403.77,403.63,403.49,403.35,403.21,403.07,402.93,402.79,402.64,402.5,402.36,402.22,402.07,401.93,401.78,401.64,401.49
589.2,581.52,574.09,566.77,559.78,552.7,545.53,538.47,531.97,525.1,518.32,511.85,505.24,498.62,492.39,485.88,479.75,473.6,467.64,461.67,455.8,449.99,444.37,438.41,432.84,427.45,422.38,416.84,410.26,406.23,405.35,405.11,404.94,404.79,404.64,404.49,404.35,404.2,404.06,403.91,403.77,403.63,403.49,403.35,403.21,403.07,402.93,402.8,402.66,402.52,402.38,402.24,402.1,401.96,401.82,401.68,401.54,401.39,401.25,401.11
588.73,581.29,573.76,566.56,559.59,552.32,545.17,538.41,531.35,524.66,518.13,511.23,504.82,498.41,491.89,485.55,479.43,473.12,467.2,461.26,455.7,449.84,443.91,438.05,432.47,427.22,422.2,416.62,410.05,405.89,404.94,404.69,404.52,404.37,404.22,404.07,403.93,403.79,403.64,403.5,403.36,403.22,403.08,402.95,402.81,402.67,402.53,402.4,402.26,402.12,401.99,401.85,401.71,401.57,401.43,401.3,401.16,401.02,400.88,400.73
588.3,581.13,573.64,566.3,558.88,552.01,544.95,538.04,531.01,524.18,517.53,510.96,504.56,497.98,491.67,485.35,479.02,472.83,466.86,460.97,455.3,449.48,443.71,437.85,432.27,426.81,421.88,416.46,409.92,405.51,404.53,404.28,404.12,403.97,403.82,403.67,403.53,403.39,403.25,403.1,402.97,402.83,402.69,402.56,402.42,402.28,402.15,402.01,401.88,401.74,401.61,401.47,401.33,401.2,401.06,400.93,400.79,400.65,400.51,400.37
588.19,580.54,573.08,566.03,558.62,551.7,544.72,537.47,530.66,524.03,517.36,510.72,504.29,497.5,491.37,485.14,478.67,472.71,466.75,460.7,455.03,449.23,443.3,437.58,431.96,426.61,421.53,416.12,409.76,405.2,404.15,403.89,403.73,403.58,403.43,403.28,403.14,403,402.86,402.72,402.59,402.45,402.31,402.18,402.04,401.91,401.77,401.64,401.51,401.37,401.24,401.11,400.97,400.84,400.7,400.57,400.43,400.3,400.16,400.02
588.19,580.34,572.85,565.78,558.68,551.27,544.23,537.52,530.46,523.72,517,510.32,503.88,497.28,490.9,484.74,478.35,472.46,466.24,460.44,454.66,448.87,443.15,437.38,431.74,426.34,421.26,415.87,409.47,404.9,403.78,403.52,403.35,403.2,403.05,402.91,402.77,402.63,402.49,402.35,402.21,402.08,401.95,401.81,401.68,401.55,401.41,401.28,401.15,401.02,400.89,400.75,400.62,400.49,400.36,400.22,400.09,399.96,399.82,399.69
587.68,580,572.77,565.39,558.25,551,543.77,536.88,530.16,523.52,516.58,509.97,503.61,497.01,490.7,484.2,478.11,472.05,465.95,460.08,454.27,448.44,442.7,437.03,431.46,426,420.95,415.56,409.32,404.59,403.43,403.15,402.99,402.84,402.69,402.55,402.41,402.27,402.13,401.99,401.86,401.72,401.59,401.46,401.33,401.2,401.06,400.93,400.8,400.67,400.54,400.41,400.28,400.15,400.02,399.89,399.76,399.63,399.49,399.36
587.48,579.86,572.46,565.41,558.01,550.66,543.58,536.65,529.86,523,516.5,509.78,503.22,496.74,490.21,483.96,477.68,471.53,465.66,459.79,454.06,448.19,442.47,436.61,431.09,425.76,420.7,415.39,408.86,404.26,403.08,402.8,402.63,402.49,402.34,402.2,402.06,401.92,401.78,401.65,401.51,401.38,401.25,401.12,400.99,400.86,400.73,400.6,400.47,400.34,400.21,400.08,399.95,399.82,399.7,399.57,399.44,399.31,399.18,399.05
587.15,579.57,572.08,564.62,557.69,550.62,543.45,536.51,529.43,522.9,516.14,509.5,502.94,496.5,490.05,483.63,477.53,471.31,465.33,459.5,453.69,448.09,442.29,436.37,430.81,425.57,420.44,415.04,408.82,403.92,402.74,402.46,402.29,402.14,402,401.86,401.72,401.58,401.45,401.31,401.18,401.05,400.92,400.79,400.66,400.53,400.4,400.27,400.14,400.02,399.89,399.76,399.64,399.51,399.38,399.25,399.12,399,398.87,398.74
586.9,579.26,571.76,564.69,557.11,550.08,543.21,536.31,529.33,522.71,515.87,509.11,502.69,496.17,489.68,483.39,477.16,471.25,465.06,459.27,453.53,447.72,441.9,436.08,430.47,425.18,420.14,414.88,408.54,403.64,402.42,402.13,401.97,401.82,401.67,401.53,401.39,401.26,401.12,400.99,400.86,400.73,400.6,400.47,400.34,400.21,400.09,399.96,399.83,399.7,399.58,399.45,399.33,399.2,399.08,398.95,398.82,398.7,398.57,398.44
586.66,578.88,571.55,564.48,557.02,549.88,543.27,535.77,529.16,522.22,515.65,508.94,502.47,495.99,489.59,483.25,476.85,470.75,464.83,458.93,453.12,447.4,441.69,435.76,430.22,425.04,419.99,414.68,408.23,403.37,402.1,401.81,401.64,401.5,401.36,401.22,401.08,400.94,400.81,400.68,400.55,400.41,400.29,400.16,400.03,399.9,399.78,399.65,399.53,399.4,399.28,399.15,399.03,398.9,398.78,398.66,398.53,398.41,398.28,398.15
586.55,579.01,571.43,564.14,556.82,550.07,542.81,535.51,528.59,522.08,515.15,508.52,502.16,495.75,489.38,482.97,476.59,470.46,464.56,458.68,452.88,447.13,441.43,435.57,429.99,424.62,419.69,414.29,408.03,403.08,401.79,401.5,401.34,401.19,401.05,400.91,400.77,400.64,400.5,400.37,400.24,400.11,399.98,399.86,399.73,399.61,399.48,399.36,399.23,399.11,398.99,398.86,398.74,398.62,398.49,398.37,398.25,398.12,398,397.88
586.33,578.73,571.39,563.95,556.83,549.5,542.68,535.48,528.47,521.92,515.11,508.42,501.86,495.51,488.9,482.72,476.37,470.28,464.23,458.33,452.58,446.73,440.99,435.3,429.71,424.4,419.27,414.11,407.81,402.83,401.5,401.21,401.04,400.9,400.75,400.61,400.47,400.34,400.21,400.08,399.95,399.82,399.69,399.57,399.44,399.32,399.19,399.07,398.95,398.83,398.7,398.58,398.46,398.34,398.22,398.09,397.97,397.85,397.73,397.6
406.57,405.91,405.71,405.03,404.35,403.19,402.99,402.31,401.62,400.94,400.25,399.12,398.88,398.18,396.56,396.53,395.6,395.39,394.19,393.96,393.23,392.05,391.76,390.55,390.23,389.19,388.64,387.31,386.43,385.46,384.86,383.46,379.48,379.96,379.47,378.97,378.48,377.73,377.02,377.02,376.54,375.8,375.58,374.62,374.63,374.15,373.68,372.7,372.23,372.24,371.76,371.28,370.31,370.31,369.82,369.32,368.34,368.31,367.31,366.77
384.2,383.73,382.1,379.6,379.11,378.61,378.12,377.63,376.2,376.65,376.15,375.66,375.17,374.68,373.72,373.26,373.22,372.73,371.31,371.76,370.82,370.79,370.31,369.34,369.34,368.37,368.37,367.89,367.41,366.93,365.99,365.96,365.48,364.99,364.51,363.54,363.53,363.04,362.55,361.31,361.56,361.06,360.07,360.03,359.02,358.72,357.96,357.88,357.3,356.7,355.59,354.91,354.68,353.86,351.61,351.02,349.17,348.88,348.6,347.84
367.32,366.88,366.43,365.98,365.03,365.07,364.13,363.68,361.81,362.81,362.8,361.86,361.88,361.42,359.99,359.57,359.28,359.09,358.62,358.14,358.16,357.23,356.75,356.24,356.24,355.74,354.76,353.51,354.23,353.22,353.18,352.63,352.07,351,350.39,349.3,348.12,348.79,346.89,346.27,344.18,343.13,343.57,342.82,342.97,342.17,341.75,341.33,341.78,341.48,340.74,339.97,340.13,340.32,340.03,339.48,339.01,339.17,338.62,337.36
354.63,353.94,353.97,353.51,352.54,352.07,352.07,351.57,351.06,350.06,350.01,349.46,348.62,348.26,347.14,346.36,344.98,345.24,342.79,342.47,342.15,341.83,341.51,340.72,340.14,340.57,340.26,339.95,339.16,338.85,338.57,337.75,337.93,338.11,337.06,337.51,336.71,336.42,336.61,336.31,336.01,335.24,334.94,335.13,334.84,334.1,334.26,333.96,333.41,333.38,332.48,332.2,332.52,331.64,331.94,331.65,331.35,331.06,330.32,330.47
340.23,339.94,340.12,339.82,339.04,338.29,338.66,338.62,337.59,337.55,337.73,337.43,336.65,335.87,336.54,335.02,335.2,335.17,335.35,335.06,334.28,333.98,334.17,332.46,333.58,332.81,333,332.44,331.93,331.64,331.08,331.54,331.25,330.96,330.67,329.89,330.09,329.8,329.51,329.23,328.94,328.2,328.36,328.07,327.78,327.49,327.2,326.41,326.36,325.87,325.54,324.8,324.98,325.13,324.57,324.08,322.88,323.43,323.6,323.28
333.29,333.02,333.22,332.94,332.22,332.39,331.63,331.57,331.07,330.31,330.52,330.72,329.96,330.16,329.88,329.34,329.32,329.04,328.76,328.48,327.94,327.44,327.16,327.36,327.08,326.8,326.26,326.24,325.95,325.19,325.39,325.1,324.56,324.09,323.76,323.96,323.68,323.39,322.65,322.81,322.52,322.22,321.93,321.63,321.33,321.03,320.24,320.41,319.84,319.79,319.47,319.15,318.82,318.22,317.38,317.79,316.98,317.06,316.67,315.78
327.22,327.22,326.7,326.21,326.43,326.16,325.9,324.88,325.37,325.1,324.83,324.56,324.29,324.02,323.28,323.48,322.73,322.2,322.67,322.39,322.12,321.84,321.56,320.8,321,320.23,320.44,320.15,319.38,318.64,319.29,318.51,318.22,318.41,317.66,317.8,317.5,316.7,316.87,316.29,315.73,315.89,314.61,314.71,314.84,314.47,314.08,313.41,312.75,312.79,311.83,311.72,311.04,310.1,307.67,307.51,307.34,307.18,306.52,306.86
320.99,321.21,319.98,320.69,320.43,319.9,319.64,319.63,319.36,319.09,318.56,318.55,317.82,317.52,317.72,317.43,317.15,316.86,316.08,316.27,315.98,315.67,314.88,315.05,314.24,313.95,313.58,312.75,313.37,313,312.13,312.21,311.33,310.83,310.79,309.42,308.87,307,306.82,306.65,306.47,306.3,305.64,305.47,305.79,305.62,305,304.79,304.62,304.95,304.79,304.17,304.01,304.3,304.14,303.98,303.56,303.16,303.5,303.35
314.88,314.31,314.25,313.92,313.57,313.22,312.09,311.7,312.01,311.54,310.99,309.83,307.87,307.5,307.77,307.14,306.93,307.23,307.05,306.87,306.24,306.51,306.07,305.9,305.98,305.32,305.63,305.45,305.28,305.1,304.93,304.76,304.59,303.96,304.24,304.07,303.42,303.25,303.57,303.4,303.23,303.07,302.64,302.25,302.58,302.41,302.25,302.09,301.93,301.32,301.16,301.45,301.29,301.14,300.98,300.82,300.67,300.01,300.36,300.2
307.03,306.86,306.69,305.77,306.34,306.17,306,305.34,305.65,305.48,305.31,304.2,304.48,304.79,304.14,304.45,303.83,304.11,303.46,303.77,303.6,303.43,303.26,303.09,302.66,302.76,302.59,302.42,302.26,302.09,301.93,301.76,301.6,301.43,301.27,301.11,300.49,300.52,300.13,300.46,300.3,300.14,299.98,299.82,299.66,299.06,299.09,298.74,299.04,298.88,298.73,298.57,298.42,297.81,297.61,297.96,297.54,297.65,297.5,297.35
304.03,303.6,303.22,303.09,302.89,303.21,302.3,302.88,302.72,302.11,302.39,302.23,302.07,301.45,301.74,301.58,301.42,300.77,300.61,300.48,300.77,300.61,300.45,300.29,300.13,299.97,299.81,299.39,299.49,299.33,299.17,299.01,298.59,298.7,298.28,298.38,298.23,298.07,297.92,297.76,297.6,297.45,297.3,296.65,296.99,296.84,296.68,296.53,296.38,296.23,296.07,295.92,295.77,295.62,294.98,295.32,295.17,295.02,294.87,294.72
301.25,301.1,300.94,300.79,300.63,300.48,300.32,300.17,300.01,299.85,299.22,299.54,298.91,299.23,299.08,298.92,298.77,298.61,298.46,298.3,297.41,297.99,297.39,297.69,297.53,297.38,296.77,296.59,296.92,296.77,296.61,296.46,295.82,296.16,296,295.85,294.95,295.55,295.4,295.25,295.1,294.5,294.31,294.65,294.5,294.35,294.2,294.05,293.9,293.75,293.6,293.45,293.31,293.16,293.01,292.86,292.22,292.11,292.41,292.27
298.66,298.52,298.37,297.77,297.59,297.47,297.77,297.62,297.48,296.85,297.18,297.03,296.88,296.73,296.58,295.98,295.84,296.14,295.99,295.84,295.21,295.28,295.39,295.25,295.1,294.95,294.8,294.65,294.51,294.36,293.76,293.32,293.92,293.77,293.14,293.47,293.33,293.18,293.03,292.62,292.29,292.59,292.45,292.3,292.15,292.01,291.86,291.71,291.57,290.97,290.82,290.87,290.98,290.83,290.69,290.28,290.39,290.25,290.1,289.95
296.22,296.08,295.93,295.79,295.65,295.51,295.37,294.74,295.08,294,294.79,294.65,294.51,294.1,294.22,294.08,293,293.05,293.17,293.51,293.36,293.22,293.08,292.93,292.79,292.65,292.5,291.88,291.73,292.07,291.93,291.79,291.38,290.57,291.35,291.21,291.07,290.92,290.78,290.64,290.49,290.35,290.2,290.06,289.92,289.77,289.63,289.48,289.34,289.19,289.05,288.64,288.31,288.12,288.46,288.32,287.68,287.53,287.42,287.23
293.4,293.75,293.61,292.54,292.89,292.72,293.06,292.92,292.53,292.65,292.03,291.89,292.24,291.84,291.7,291.08,291.68,291.54,290.92,291.27,291.13,290.99,290.85,290.71,290.57,290.43,290.29,290.15,290.01,289.87,289.73,289.33,289.45,289.31,289.17,288.58,288.89,288.3,288.6,288.46,288.06,288.18,288.04,287.89,287.75,287.61,287.46,287.32,286.69,287.03,286.88,286.74,286.59,286.44,286.3,286.15,286,285.85,285.25,285.06
291.62,291.23,291.35,290.77,290.64,290.96,290.82,290.21,290.56,290.43,290.29,290.16,289.54,289.44,289.76,289.62,289,289.35,288.73,289.08,288.95,288.81,288.67,288.54,288.4,288.26,288.13,287.99,287.85,287.71,287.58,287.44,287.3,287.16,287.02,286.4,286.48,286.6,286.46,286.32,286.18,285.58,285.15,285.75,285.34,285.46,285.31,285.17,284.57,284.88,284.73,284.1,284.17,283.83,283.68,283.98,283.82,283.67,283.51,283.1
289.37,289.24,288.63,288.99,288.86,288.24,288.6,288.47,287.86,287.95,288.08,287.95,287.56,287.69,287.56,287.42,287.29,286.9,287.03,286.89,286.76,286.63,286.49,286.36,286.22,286.09,285.95,285.82,285.68,285.54,285.4,285.27,284.64,284.99,284.4,284.71,284.57,283.94,284.28,283.66,283.51,283.85,283.71,283.56,283.42,282.78,283.12,282.97,282.82,282.67,282.51,282.36,282.2,282.05,280.95,281.73,281.56,281.4,281.23,280.61
287.07,286.94,286.37,286.69,286.57,286.44,286.32,286.19,286.06,285.93,285.81,285.68,285.55,285.42,284.84,285.16,285.03,284.9,284.77,284.63,284.05,284.11,284.23,284.1,283.96,283.83,283.69,283.55,283.41,283.28,282.69,283,282.85,282.26,282.12,282.42,282.28,281.87,281.98,281.83,281.68,281.53,281.38,281.22,280.32,280.46,280.75,280.59,280.42,280.26,280.09,279.92,279.74,279.08,278.9,279.2,279.01,278.33,277.87,278.16
284.58,284.46,284.34,284.21,283.6,283.96,283.84,282.96,283.58,283.46,283.33,282.71,282.58,282.68,282.81,282.22,282.09,282.4,282.27,282.13,282,281.86,281.72,281.32,281.44,280.84,280.89,280.51,280.37,280.7,280.07,280.4,280.25,279.6,279.93,279.28,279.35,279.44,279.01,278.16,278.66,278.74,278.07,278.37,278.18,277.49,277.29,277.57,276.9,277.12,276.13,276.13,276.35,275.57,275.74,275.38,274.97,274.45,273.63,272.08
281.41,281.28,281.15,281.02,280.88,279.81,280.12,280.48,280.34,279.74,280.05,279.41,279.76,279.6,279.45,279.29,279.13,278.97,278.8,278.18,278.45,278.27,278.08,277.88,277.18,277.46,277.23,276.99,276.73,276.44,278.11,276.63,276.54,273.67,273.57,273.48,273.38,273.28,273.19,273.09,273,272.9,272.81,272.72,272.63,272.53,272.18,272.35,272.26,272.17,272.08,271.73,271.91,271.82,271.73,271.64,271.56,271.47,271.39,271.04
276.16,276.06,275.7,275.86,275.76,275.66,275.55,275.45,275.35,274.99,275.15,275.05,274.95,274.85,274.75,274.65,274.55,274.45,274.35,274.25,274.15,274.05,273.95,273.85,273.75,273.66,273.56,273.2,273.36,273.27,273.17,273.08,272.98,272.89,272.79,272.7,272.15,272.51,272.42,272.32,271.78,272.14,272.05,271.96,271.87,271.78,271.69,271.6,271.51,271.43,271.34,271.25,271.17,271.08,271,270.91,270.83,270.75,270.21,270.58
275.34,274.79,274.88,274.59,274.94,274.84,274.74,274.64,274.55,274.45,274.35,274.25,274.15,274.06,273.96,273.86,273.76,273.67,273.57,273.47,273.38,273.02,273.18,272.64,272.99,272.9,272.8,272.71,272.62,272.52,272.17,272.33,272.24,271.89,272.06,271.97,271.87,271.78,271.69,271.6,271.51,271.42,270.89,271.25,271.16,270.81,270.99,270.9,270.81,270.47,270.64,270.56,270.47,270.39,270.31,270.23,269.69,270.06,269.98,269.45
274.56,274.46,273.92,274.27,273.91,274.08,273.98,273.89,273.79,273.24,273.6,273.5,273.41,273.31,272.77,273.12,273.03,272.93,272.84,272.75,272.65,272.56,272.47,272.37,271.83,271.74,272.09,272,271.65,271.82,271.73,271.38,271.29,271.46,271.37,271.28,271.19,271.1,271.01,270.93,270.58,270.3,270.4,270.13,270.49,270.41,270.32,270.24,269.89,270.07,269.99,269.91,269.82,269.74,269.66,269.32,269.5,268.97,268.89,269.26
273.83,273.73,273.64,273.1,273.19,273.36,273.27,273.17,273.08,272.99,272.89,272.35,272.71,272.61,272.52,272.43,272.34,272.24,271.89,272.06,271.97,271.88,271.53,271.7,271.61,271.07,271.43,271.34,271.25,271.16,271.07,270.98,270.89,270.81,270.72,270.63,270.54,270.46,269.92,270.29,270.2,270.12,270.03,269.95,269.86,269.78,269.7,269.61,269.53,269.19,269.11,269.29,269.21,269.13,269.05,268.97,268.89,268.82,268.74,268.66
272.88,272.78,272.95,272.86,272.77,272.68,272.33,272.5,272.41,271.87,272.22,272.13,272.04,271.95,271.86,271.77,271.68,271.59,271.5,271.41,271.33,270.98,271.15,271.06,270.97,270.88,270.8,270.71,270.62,270.53,270.45,270.36,270.27,270.19,269.65,270.02,269.93,269.85,269.77,269.68,269.6,269.52,269.43,269.35,269.27,269.19,269.11,269.03,268.5,268.87,268.79,268.71,268.63,268.55,268.47,268.4,268.32,267.79,268.17,267.83
272.22,272.39,272.3,272.22,272.13,272.04,271.95,271.86,271.32,271.68,271.59,271.5,271.42,271.33,270.79,270.89,271.06,270.98,270.44,270.8,270.72,270.63,270.54,270.46,270.37,270.28,270.2,269.85,270.03,269.94,269.86,269.77,269.69,269.61,269.52,269.44,269.36,269.27,269.19,269.11,269.03,268.95,268.87,268.79,268.71,268.63,268.55,268.02,268.39,268.31,268.23,268.16,268.08,268,267.93,267.85,267.78,267.7,267.63,267.55
271.86,271.78,271.69,271.6,271.51,271.17,271.34,270.8,271.17,271.08,270.54,270.46,270.82,270.47,270.2,270.56,270.48,270.39,269.86,269.96,270.14,270.05,269.97,269.88,269.8,269.71,269.63,269.1,269.46,269.38,269.3,269.22,269.13,269.05,268.97,268.89,268.81,268.73,268.2,268.57,268.49,267.96,268.33,268.25,268.17,267.64,268.02,267.94,267.86,267.78,267.26,267.63,267.56,267.48,267.41,267.33,267.26,267.19,267.11,267.04
271.28,271.19,271.1,271.02,270.93,270.85,270.76,270.68,270.59,270.51,270.42,270.34,269.81,270.17,270.09,270,269.47,269.84,269.75,269.67,269.59,269.5,268.97,269.34,269.26,269.17,268.83,269.01,268.93,268.85,268.77,268.69,268.61,268.53,268.45,268.37,268.29,268.21,267.87,268.05,267.52,267.89,267.82,267.74,267.4,267.59,267.25,267.44,266.91,267.29,267.21,266.69,266.61,266.73,266.92,266.84,266.77,266.7,266.63,266.55
270.45,270.63,270.55,270.46,270.38,270.3,270.22,270.13,270.05,269.71,269.62,269.8,269.72,269.64,269.29,269.47,269.39,269.31,269.23,268.69,269.06,268.98,268.9,268.82,268.74,268.66,268.58,268.5,268.42,268.34,268,268.18,268.1,268.02,267.95,267.87,267.79,267.71,267.64,267.56,267.03,267.41,267.33,267.25,266.92,267.1,267.03,266.96,266.62,266.81,266.74,266.66,266.14,266.07,266.45,266.11,266.3,266.23,266.16,266.09
270.18,270.1,270.02,269.94,269.86,269.77,269.69,269.61,269.53,269,268.92,269.29,269.21,269.12,269.04,268.96,268.88,268.8,268.46,268.64,268.11,268.22,268.4,268.33,268.25,268.17,268.09,268.01,267.93,267.85,267.78,267.44,267.62,267.55,267.47,267.39,267.32,266.79,267.17,267.09,266.75,266.94,266.87,266.79,266.72,266.64,266.57,266.5,266.17,266.35,265.83,266.21,265.69,266.07,266,265.67,265.41,265.79,265.72,265.65
269.67,269.59,269.51,269.17,269.35,269.27,268.74,269.11,269.03,268.69,268.87,268.79,268.72,268.38,268.56,268.48,267.95,268.32,268.24,268.16,268.09,268.01,267.93,267.85,267.78,267.44,267.62,267.54,267.47,267.39,267.32,267.24,267.16,267.09,267.01,266.94,266.6,266.79,266.72,266.64,266.57,266.5,266.42,266.35,266.28,266.21,266.13,265.8,265.99,265.92,265.85,265.78,265.71,265.64,265.57,265.5,265.43,265.36,265.3,265.23
269.19,269.11,269.03,268.95,268.87,268.79,268.72,268.64,268.56,268.48,268.14,268.32,268.25,267.91,268.09,268.01,267.94,267.6,267.78,267.45,267.63,267.55,267.48,267.14,267.33,267.25,267.17,267.1,266.57,266.95,266.88,266.8,266.73,266.65,266.58,266.5,265.98,266.36,266.29,266.21,266.14,266.07,266,265.93,265.86,265.78,265.71,265.64,265.57,265.5,265.43,265.37,265.3,265.23,265.16,264.64,264.76,264.96,264.89,264.82
268.72,268.64,268.57,268.49,268.41,268.07,268.26,268.18,267.65,268.03,267.95,267.88,267.54,267.72,267.65,267.57,267.5,266.97,267.34,267.27,267.19,267.12,266.78,266.97,266.9,266.82,266.75,266.22,266.6,266.53,266.19,266.38,266.31,266.23,265.9,265.64,266.02,265.95,265.87,265.8,265.47,265.66,265.59,265.26,265.45,265.38,265.31,265.24,265.17,265.11,265.04,264.97,264.64,264.83,264.77,264.44,264.63,264.57,264.5,264.44
268.27,268.2,268.12,268.05,267.97,267.63,267.82,267.29,267.67,267.59,267.52,267.44,267.37,267.29,267.22,267.15,267.07,267,266.47,266.85,266.77,266.25,266.63,266.55,266.48,266.41,266.34,266.26,266.19,266.12,266.05,265.98,265.9,265.83,265.76,265.24,265.62,265.55,265.48,265.41,264.89,265.27,265.2,265.13,265.06,264.99,264.93,264.6,264.79,264.72,264.66,264.59,264.52,264.46,264.39,264.33,263.81,264.2,263.87,264.07
267.84,267.77,267.7,267.62,267.55,267.47,267.4,267.32,267.25,266.92,266.84,267.03,266.96,266.88,266.36,266.74,266.66,266.33,266.26,266.45,266.37,266.3,266.23,266.16,266.08,266.01,265.94,265.42,265.8,265.73,265.66,265.59,265.52,265.45,265.38,265.31,265.24,265.17,265.1,264.77,264.96,264.44,264.83,264.31,264.69,264.62,264.56,264.49,264.42,264.36,264.29,263.78,263.71,264.09,264.03,263.97,263.9,263.39,263.77,263.71
267.43,267.36,266.84,267.21,267.14,267.07,266.99,266.92,266.85,266.78,266.7,266.18,266.56,266.49,266.42,266.34,266.27,266.2,266.13,265.8,265.99,265.65,265.58,265.77,265.7,265.18,265.56,265.49,265.42,265.35,265.28,265.21,265.14,265.08,265.01,264.94,264.61,264.8,264.74,264.67,264.6,264.53,264.47,264.4,263.88,264.27,264.2,263.87,264.07,263.55,263.68,263.87,263.81,263.75,263.68,263.62,263.55,263.49,263.17,263.37
267.04,266.7,266.63,266.37,266.75,266.68,266.35,266.53,266.46,265.94,266.32,266.25,265.92,266.11,266.04,265.52,265.9,265.37,265.3,265.42,265.61,265.55,265.48,265.41,265.34,265.27,265.2,265.13,265.06,264.99,264.92,264.86,264.79,264.72,264.65,264.13,264.52,264.45,264.38,264.32,264.25,264.18,264.12,264.05,263.99,263.92,263.41,263.79,263.28,263.66,263.34,263.54,263.47,263.15,263.35,263.28,263.22,263.16,263.1,263.04
266.66,266.58,266.51,266.44,266.11,266.3,266.23,266.16,266.09,266.02,265.95,265.88,265.81,265.48,265.67,265.6,265.53,265.46,265.39,265.33,265.26,264.74,264.67,265.05,264.72,264.91,264.59,264.78,264.26,264.64,264.58,264.51,264.18,264.38,264.31,263.79,263.92,264.11,263.78,263.98,263.91,263.85,263.78,263.72,263.21,263.14,263.08,263.46,263.4,263.08,262.82,262.95,263.15,263.09,263.02,262.96,262.9,262.84,262.78,262.72
266.29,266.22,265.89,266.08,266.01,265.94,265.87,265.8,265.73,265.66,265.59,265.53,265.46,265.39,265.06,265.25,264.92,265.12,265.05,264.98,264.91,264.84,264.78,264.71,264.64,264.57,264.51,264.44,264.37,264.31,263.79,263.73,264.11,264.04,263.98,263.46,263.85,263.78,263.72,263.65,263.59,263.53,263.46,263.4,263.34,263.27,262.95,263.15,263.08,263.02,262.7,262.9,262.84,262.32,262.26,262.65,262.59,262.53,262.47,262.41
265.93,265.86,265.8,265.73,265.66,265.59,265.26,265.45,265.13,264.87,265.25,265.18,264.85,265.05,264.98,264.91,264.85,264.78,264.71,264.64,264.58,264.51,264.44,264.38,263.86,263.8,264.18,264.12,264.05,263.98,263.92,263.85,263.79,263.72,263.66,263.6,263.08,263.47,263.4,263.34,263.28,262.95,263.15,263.09,263.03,262.96,262.64,262.84,262.78,262.72,262.66,262.14,262.53,262.47,262.41,262.35,262.29,262.23,262.17,262.12
265.33,265.52,265.19,265.39,265.32,264.8,265.19,265.12,265.05,264.54,264.92,264.59,264.79,264.72,264.2,264.59,264.52,264.45,264.39,264.32,264.26,264.19,264.12,264.06,263.99,263.93,263.86,263.8,263.74,263.67,263.35,263.28,263.48,263.15,262.9,263.29,263.23,263.16,263.1,263.04,262.97,262.65,262.85,262.79,262.73,262.22,262.34,262.54,262.48,262.42,262.1,262.04,262.24,262.18,262.12,262.06,262,261.95,261.89,261.83
265.26,265.19,265.13,265.06,264.99,264.93,264.86,264.53,264.73,264.66,264.6,264.27,264.47,264.4,264.34,264.27,263.94,263.69,264.07,264.01,263.94,263.88,263.82,263.75,263.69,263.62,263.11,263.05,263.43,262.92,263.31,263.24,263.18,263.12,263.05,262.99,262.48,262.87,262.81,262.74,262.68,262.62,262.56,262.05,262.44,262.38,262.32,262,261.94,262.14,262.08,262.02,261.96,261.9,261.58,261.52,261.73,261.67,261.61,261.55
264.94,264.87,264.81,264.74,264.68,264.35,264.55,264.22,264.42,264.35,264.29,263.96,263.71,263.64,263.77,263.96,263.45,263.84,263.32,263.26,263.64,263.32,263.52,263.45,263.39,263.33,263.26,263.2,263.14,263.08,263.01,262.95,262.89,262.83,262.77,262.7,262.64,262.58,262.52,262.46,262.4,262.34,262.02,262.22,261.9,261.84,262.04,261.98,261.92,261.6,261.35,261.74,261.69,261.63,261.57,261.51,261.45,261.4,261.34,261.28
264.63,264.56,264.5,264.44,263.92,264.05,264.24,263.92,264.11,264.05,263.99,263.92,263.6,263.53,263.73,263.41,263.34,263.54,263.03,262.97,263.09,263.29,263.23,263.16,263.1,263.04,262.72,262.47,262.85,262.79,262.73,262.67,262.61,262.55,262.49,262.43,262.37,261.85,262.24,262.18,262.12,262.06,262.01,261.95,261.89,261.83,261.77,261.71,261.65,261.59,261.09,261.48,261.42,261.36,261.31,261.25,261.19,261.14,260.63,261.02
264.33,264.27,263.75,264.14,263.62,264.01,263.95,263.88,263.82,263.76,263.69,263.63,263.31,263.51,263.44,263.38,263.32,263.26,262.93,262.87,263.07,263.01,262.95,262.88,262.56,262.76,262.7,262.64,262.58,262.52,262.46,262.4,262.34,262.28,262.22,262.16,262.1,262.04,261.98,261.92,261.86,261.8,261.74,261.68,261.62,261.31,261.51,261.45,261.39,261.34,261.28,260.77,261.16,261.11,261.05,260.55,260.94,260.43,260.57,260.77
264.04,263.98,263.91,263.59,263.53,263.72,263.66,263.15,263.54,263.47,263.41,263.35,263.29,263.23,263.16,263.1,263.04,262.53,262.92,262.86,262.8,262.73,262.67,262.61,262.55,262.49,262.43,262.11,262.31,262.25,262.19,262.13,262.07,261.56,261.95,261.89,261.38,261.78,261.72,261.4,261.6,261.54,261.48,260.98,261.37,261.31,261.25,261.2,261.14,261.08,261.03,260.97,260.92,260.86,260.35,260.75,260.43,260.64,260.58,260.53
263.76,263.69,263.18,263.57,263.51,263.45,263.38,263.32,263,262.75,263.14,263.08,263.02,262.95,262.89,262.83,262.77,262.71,262.65,262.59,262.53,262.47,262.41,261.9,262.29,262.23,261.72,262.11,262.05,261.99,261.93,261.87,261.55,261.76,261.7,261.38,261.58,261.52,261.47,261.41,261.09,261.29,260.79,261.18,261.12,261.06,260.75,260.95,260.9,260.58,260.78,260.73,260.41,260.62,260.56,260.51,260.45,260.4,260.35,260.29
263.22,262.97,262.91,263.04,263.24,263.18,263.12,263.05,262.99,262.48,262.87,262.81,262.3,262.69,262.63,262.31,262.25,262.45,261.94,262.33,262.27,262.21,262.15,262.09,262.03,261.71,261.92,261.86,261.8,261.74,261.68,261.62,261.57,261.51,261.45,261.39,261.34,261.28,260.96,261.16,260.66,261.05,260.99,260.94,260.62,260.83,260.32,260.71,260.66,260.6,260.55,260.23,259.99,260.38,260.33,260.28,259.77,260.17,259.66,260.06
262.77,263.15,262.64,263.03,262.97,262.91,262.85,262.79,262.47,262.67,262.61,262.55,262.49,262.17,262.38,262.32,262.26,262.2,261.88,262.08,261.76,261.7,261.9,261.39,261.79,261.73,261.67,261.61,261.55,261.05,261.44,261.38,261.06,261.27,260.95,261.15,260.65,260.78,260.98,260.93,260.87,260.81,260.5,260.44,260.65,260.59,260.09,260.48,260.43,260.37,260.32,260.26,260.21,260.16,260.1,260.05,260,259.94,259.89,259.39
262.7,262.9,262.84,262.78,262.72,262.66,262.6,262.54,262.48,262.42,262.36,262.3,262.24,261.93,262.13,261.62,262.01,261.95,261.89,261.84,261.78,261.46,261.21,261.6,261.55,261.49,261.43,261.37,260.87,261.26,261.2,261.15,261.09,260.77,260.98,260.92,260.86,260.81,260.49,260.7,260.64,260.59,260.08,260.48,260.42,260.37,260.31,260.26,260.2,260.15,260.1,260.04,259.99,259.94,259.88,259.83,259.78,259.72,259.67,259.62
262.71,262.65,262.59,262.53,262.02,262.41,262.35,262.29,262.24,261.73,261.86,262.06,262,261.94,261.89,261.83,261.77,261.71,261.2,261.6,261.54,261.22,261.43,261.37,261.31,261.25,261.2,261.14,261.08,261.03,260.97,260.92,260.6,260.8,260.49,260.69,260.64,260.13,260.53,260.47,260.42,260.36,260.31,260.25,259.94,260.15,259.64,260.04,259.98,259.48,259.43,259.83,259.77,259.27,259.67,259.35,259.56,259.25,259.46,258.96
262.46,262.4,262.34,262.29,262.23,262.17,261.66,262.05,262,261.49,261.43,261.82,261.77,261.71,261.65,261.59,261.54,261.48,261.42,261.37,261.31,260.8,260.94,261.14,261.08,261.03,260.97,260.92,260.86,260.8,260.75,260.69,260.64,260.58,260.08,260.21,260.42,260.1,260.05,260.25,260.2,259.89,260.09,260.04,259.99,259.93,259.88,259.82,259.77,259.72,259.67,259.61,259.56,259.06,259.2,259.41,259.36,259.3,258.8,258.75
262.22,262.16,262.11,262.05,261.99,261.67,261.88,261.82,261.76,261.71,261.65,261.59,261.54,261.48,261.42,261.37,261.31,261.25,261.2,260.69,261.08,261.03,260.97,260.92,260.86,260.81,260.75,260.43,260.64,260.58,260.53,260.48,260.42,260.37,260.05,260.26,260.2,259.89,260.1,260.04,259.99,259.93,259.88,259.57,259.78,259.72,259.67,259.62,259.57,259.25,259.46,259.41,258.91,259.05,259.25,259.2,259.15,259.1,258.6,259
261.99,261.93,261.43,261.56,261.76,261.45,261.65,261.59,261.28,261.48,261.42,261.37,261.31,261.26,260.75,260.88,261.09,261.03,260.98,260.66,260.87,260.36,260.75,260.7,260.64,260.59,260.08,260.48,259.98,259.92,260.06,260.26,260.21,260.15,260.1,260.05,259.99,259.94,259.63,259.57,259.78,259.73,259.42,259.36,259.57,259.52,259.02,259.15,259.36,259.31,258.81,259.21,259.16,259.11,258.8,259.01,258.95,258.9,258.85,258.8
261.76,261.71,261.2,261.33,261.09,261.48,261.43,261.37,261.32,260.81,261.2,261.15,261.09,261.04,260.98,260.93,260.87,260.82,260.76,260.71,260.2,260.6,260.28,260.49,260.43,260.38,260.33,259.82,260.22,260.16,260.11,259.8,260,259.95,259.9,259.84,259.79,259.74,259.68,259.63,259.58,259.27,259.48,259.42,258.92,259.32,259.27,259.22,259.17,259.12,258.8,259.01,258.7,258.91,258.86,258.81,258.76,258.71,258.66,258.16
261.54,261.49,261.43,261.38,261.32,261.27,261.21,261.15,261.1,261.04,260.99,260.93,260.62,260.82,260.77,260.72,260.66,260.61,260.55,260.5,260.44,260.39,259.89,260.28,260.23,260.17,260.12,260.07,259.56,259.96,259.91,259.85,259.8,259.75,259.44,259.19,259.59,259.28,259.49,258.99,259.38,259.33,259.28,259.23,259.18,259.13,259.08,258.76,258.97,258.92,258.42,258.82,258.77,258.72,258.67,258.62,258.57,258.53,258.48,258.43
261.33,260.82,261.22,261.16,261.11,260.79,261,260.94,260.89,260.57,260.78,260.73,260.67,260.62,260.56,260.51,260.46,260.4,260.35,260.29,259.98,260.19,260.13,259.63,260.03,259.97,259.92,259.87,259.82,259.76,259.71,259.4,259.61,259.55,259.5,259.45,259.4,259.35,259.29,259.24,259.19,258.88,259.09,258.78,258.73,258.49,258.89,258.84,258.34,258.74,258.43,258.64,258.59,258.09,258.49,258.44,258.39,258.34,258.29,258.25
261.12,261.06,261.01,260.96,260.9,260.59,260.53,260.74,260.68,260.63,260.58,260.52,260.47,260.42,260.36,260.31,260.26,260.2,260.15,260.1,260.04,259.99,259.68,259.88,259.83,259.78,259.73,259.67,259.62,259.31,259.52,259.47,259.41,259.36,259.05,259.26,259.21,258.71,259.11,259.06,258.74,258.95,258.9,258.85,258.8,258.3,258.44,258.65,258.34,258.55,258.51,258.46,258.41,258.36,258.31,258.26,258.21,258.16,257.85,258.07
260.92,260.86,260.81,260.75,260.7,260.19,260.59,260.28,260.48,260.43,260.38,260.06,260.27,260.22,260.16,260.11,260.06,260.01,259.95,259.9,259.85,259.35,259.74,259.69,259.64,259.59,259.54,259.48,258.98,259.12,259.33,259.28,259.23,259.18,259.13,259.07,259.02,258.71,258.92,258.87,258.82,258.51,258.72,258.67,258.62,258.31,258.52,258.47,258.43,258.38,258.33,258.28,258.23,258.18,258.13,257.82,258.04,257.99,257.68,257.89
260.72,260.66,260.61,260.55,260.24,260,260.39,259.89,260.29,260.24,259.92,260.13,260.08,260.02,259.97,259.92,259.61,259.82,259.76,259.71,259.66,259.61,259.3,259.5,259.45,259.4,259.35,259.3,259.25,259.2,259.15,259.1,259.04,258.99,258.94,258.89,258.84,258.79,258.74,258.43,258.19,258.59,258.54,258.49,258.45,258.4,257.9,258.3,257.8,258.2,258.15,257.84,258.06,258.01,257.96,257.65,257.87,257.82,257.77,257.72
