0.6,0.59661,0.59322,0.58983,0.58644,0.58305,0.57966,0.57627,0.57288,0.56949,0.5661,0.56271,0.55932,0.55593,0.55254,0.54915,0.54576,0.54237,0.53898,0.53559,0.5322,0.52881,0.52542,0.52203,0.51864,0.51525,0.51186,0.50847,0.50508,0.50169,0.49831,0.49492,0.49153,0.48814,0.48475,0.48136,0.47797,0.47458,0.47119,0.4678,0.46441,0.46102,0.45763,0.45424,0.45085,0.44746,0.44407,0.44068,0.43729,0.4339,0.43051,0.42712,0.42373,0.42034,0.41695,0.41356,0.41017,0.40678,0.40339,0.4
12,16.068,20.136,24.203,28.271,32.339,36.407,40.475,44.542,48.61,52.678,56.746,60.814,64.881,68.949,73.017,77.085,81.153,85.22,89.288,93.356,97.424,101.49,105.56,109.63,113.69,117.76,121.83,125.9,129.97,134.03,138.1,142.17,146.24,150.31,154.37,158.44,162.51,166.58,170.64,174.71,178.78,182.85,186.92,190.98,195.05,199.12,203.19,207.25,211.32,215.39,219.46,223.53,227.59,231.66,235.73,239.8,243.86,247.93,252
684.8,683.49,682.33,681.28,680.33,679.47,678.67,677.95,677.28,676.66,676.09,675.56,675.07,674.62,674.21,673.81,673.46,673.13,672.84,672.56,672.3,672.09,671.88,671.7,671.54,671.37,671.26,671.14,671.04,670.98,670.9,670.85,670.82,670.8,670.8,670.81,670.81,670.85,670.88,670.93,671.01,671.08,671.17,671.27,671.36,671.48,671.59,671.72,671.87,672.03,672.19,672.35,672.53,672.71,672.88,673.09,673.3,673.53,673.75,673.97
684.8,683.49,682.33,681.28,680.33,679.47,678.67,677.95,677.28,676.66,676.09,675.56,675.07,674.62,674.21,673.81,673.46,673.13,672.84,672.56,672.3,672.09,671.88,671.7,671.54,671.37,671.26,671.14,671.04,670.98,670.9,670.85,670.82,670.8,670.8,670.81,670.81,670.85,670.88,670.93,671.01,671.08,671.17,671.27,671.36,671.48,671.59,671.72,671.87,672.03,672.19,672.35,672.53,672.71,672.88,673.09,673.3,673.53,673.75,673.97
684.8,683.49,682.33,681.28,680.33,679.47,678.67,677.95,677.28,676.66,676.09,675.56,675.07,674.62,674.21,673.81,673.46,673.13,672.84,672.56,672.3,672.09,671.88,671.7,671.54,671.37,671.26,671.14,671.04,670.98,670.9,670.85,670.82,670.8,670.8,670.81,670.81,670.85,670.88,670.93,671.01,671.08,671.17,671.27,671.36,671.48,671.59,671.72,671.87,672.03,672.19,672.35,672.53,672.71,672.88,673.09,673.3,673.53,673.75,673.97
684.8,683.49,682.33,681.28,680.33,679.47,678.67,677.95,677.28,676.66,676.09,675.56,675.07,674.62,674.21,673.81,673.46,673.13,672.84,672.56,672.3,672.09,671.88,671.7,671.54,671.37,671.26,671.14,671.04,670.98,670.9,670.85,670.82,670.8,670.8,670.81,670.81,670.85,670.88,670.93,671.01,671.08,671.17,671.27,671.36,671.48,671.59,671.72,671.87,672.03,672.19,672.35,672.53,672.71,672.88,673.09,673.3,673.53,673.75,673.97
684.8,683.49,682.33,681.28,680.33,679.47,678.67,677.95,677.28,676.66,676.09,675.56,675.07,674.62,674.21,673.81,673.46,673.13,672.84,672.56,672.3,672.09,671.88,671.7,671.54,671.37,671.26,671.14,671.04,670.98,670.9,670.85,670.82,670.8,670.8,670.81,670.81,670.85,670.88,670.93,671.01,671.08,671.17,671.27,671.36,671.48,671.59,671.72,671.87,672.03,672.19,672.35,672.53,672.71,672.88,673.09,673.3,673.53,673.75,673.97
684.8,683.49,682.33,681.28,680.33,679.47,678.67,677.95,677.28,676.66,676.09,675.56,675.07,674.62,674.21,673.81,673.46,673.13,672.84,672.56,672.3,672.09,671.88,671.7,671.54,671.37,671.26,671.14,671.04,670.98,670.9,670.85,670.82,670.8,670.8,670.81,670.81,670.85,670.88,670.93,671.01,671.08,671.17,671.27,671.36,671.48,671.59,671.72,671.87,672.03,672.19,672.35,672.53,672.71,672.88,673.09,673.3,673.53,673.75,673.97
684.8,683.49,682.33,681.28,680.33,679.47,678.67,677.95,677.28,676.66,676.09,675.56,675.07,674.62,674.21,673.81,673.46,673.13,672.84,672.56,672.3,672.09,671.88,671.7,671.54,671.37,671.26,671.14,671.04,670.98,670.9,670.85,670.82,670.8,670.8,670.81,670.81,670.85,670.88,670.93,671.01,671.08,671.17,671.27,671.36,671.48,671.59,671.72,671.87,672.03,672.19,672.35,672.53,672.71,672.88,673.09,673.3,673.53,673.75,673.97
684.8,683.49,682.33,681.28,680.33,679.47,678.67,677.95,677.28,676.66,676.09,675.56,675.07,674.62,674.21,673.81,673.46,673.13,672.84,672.56,672.3,672.09,671.88,671.7,671.54,671.37,671.26,671.14,671.04,670.98,670.9,670.85,670.82,670.8,670.8,670.81,670.81,670.85,670.88,670.93,671.01,671.08,671.17,671.27,671.36,671.48,671.59,671.72,671.87,672.03,672.19,672.35,672.53,672.71,672.88,673.09,673.3,673.53,673.75,673.97
684.8,683.49,682.33,681.28,680.33,679.47,678.67,677.95,677.28,676.66,676.09,675.56,675.07,674.62,674.21,673.81,673.46,673.13,672.84,672.56,672.3,672.09,671.88,671.7,671.54,671.37,671.26,671.14,671.04,670.98,670.9,670.85,670.82,670.8,670.8,670.81,670.81,670.85,670.88,670.93,671.01,671.08,671.17,671.27,671.36,671.48,671.59,671.72,671.87,672.03,672.19,672.35,672.53,672.71,672.88,673.09,673.3,673.53,673.75,673.97
684.8,683.49,682.33,681.28,680.33,679.47,678.67,677.95,677.28,676.66,676.09,675.56,675.07,674.62,674.21,673.81,673.46,673.13,672.84,672.56,672.3,672.09,671.88,671.7,671.54,671.37,671.26,671.14,671.04,670.98,670.9,670.85,670.82,670.8,670.8,670.81,670.81,670.85,670.88,670.93,671.01,671.08,671.17,671.27,671.36,671.48,671.59,671.72,671.87,672.03,672.19,672.35,672.53,672.71,672.88,673.09,673.3,673.53,673.75,673.97
684.8,683.49,682.33,681.28,680.33,679.47,678.67,677.95,677.28,676.66,676.09,675.56,675.07,674.62,674.21,673.81,673.46,673.13,672.84,672.56,672.3,672.09,671.88,671.7,671.54,671.37,671.26,671.14,671.04,670.98,670.9,670.85,670.82,670.8,670.8,670.81,670.81,670.85,670.88,670.93,671.01,671.08,671.17,671.27,671.36,671.48,671.59,671.72,671.87,672.03,672.19,672.35,672.53,672.71,672.88,673.09,673.3,673.53,673.75,673.97
684.8,683.49,682.33,681.28,680.33,679.47,678.67,677.95,677.28,676.66,676.09,675.56,675.07,674.62,674.21,673.81,673.46,673.13,672.84,672.56,672.3,672.09,671.88,671.7,671.54,671.37,671.26,671.14,671.04,670.98,670.9,670.85,670.82,670.8,670.8,670.81,670.81,670.85,670.88,670.93,671.01,671.08,671.17,671.27,671.36,671.48,671.59,671.72,671.87,672.03,672.19,672.35,672.53,672.71,672.88,673.09,673.3,673.53,673.75,673.97
684.8,683.49,682.33,681.28,680.33,679.47,678.67,677.95,677.28,676.66,676.09,675.56,675.07,674.62,674.21,673.81,673.46,673.13,672.84,672.56,672.3,672.09,671.88,671.7,671.54,671.37,671.26,671.14,671.04,670.98,670.9,670.85,670.82,670.8,670.8,670.81,670.81,670.85,670.88,670.93,671.01,671.08,671.17,671.27,671.36,671.48,671.59,671.72,671.87,672.03,672.19,672.35,672.53,672.71,672.88,673.09,673.3,673.53,673.75,673.97
684.8,683.49,682.33,681.28,680.33,679.47,678.67,677.95,677.28,676.66,676.09,675.56,675.07,674.62,674.21,673.81,673.46,673.13,672.84,672.56,672.3,672.09,671.88,671.7,671.54,671.37,671.26,671.14,671.04,670.98,670.9,670.85,670.82,670.8,670.8,670.81,670.81,670.85,670.88,670.93,671.01,671.08,671.17,671.27,671.36,671.48,671.59,671.72,671.87,672.03,672.19,672.35,672.53,672.71,672.88,673.09,673.3,673.53,673.75,673.97
684.8,683.49,682.33,681.28,680.33,679.47,678.67,677.95,677.28,676.66,676.09,675.56,675.07,674.62,674.21,673.81,673.46,673.13,672.84,672.56,672.3,672.09,671.88,671.7,671.54,671.37,671.26,671.14,671.04,670.98,670.9,670.85,670.82,670.8,670.8,670.81,670.81,670.85,670.88,670.93,671.01,671.08,671.17,671.27,671.36,671.48,671.59,671.72,671.87,672.03,672.19,672.35,672.53,672.71,672.88,673.09,673.3,673.53,673.75,673.97
684.8,683.49,682.33,681.28,680.33,679.47,678.67,677.95,677.28,676.66,676.09,675.56,675.07,674.62,674.21,673.81,673.46,673.13,672.84,672.56,672.3,672.09,671.88,671.7,671.54,671.37,671.26,671.14,671.04,670.98,670.9,670.85,670.82,670.8,670.8,670.81,670.81,670.85,670.88,670.93,671.01,671.08,671.17,671.27,671.36,671.48,671.59,671.72,671.87,672.03,672.19,672.35,672.53,672.71,672.88,673.09,673.3,673.53,673.75,673.97
684.8,683.49,682.33,681.28,680.33,679.47,678.67,677.95,677.28,676.66,676.09,675.56,675.07,674.62,674.21,673.81,673.46,673.13,672.84,672.56,672.3,672.09,671.88,671.7,671.54,671.37,671.26,671.14,671.04,670.98,670.9,670.85,670.82,670.8,670.8,670.81,670.81,670.85,670.88,670.93,671.01,671.08,671.17,671.27,671.36,671.48,671.59,671.72,671.87,672.03,672.19,672.35,672.53,672.71,672.88,673.09,673.3,673.53,673.75,673.97
684.8,683.49,682.33,681.28,680.33,679.47,678.67,677.95,677.28,676.66,676.09,675.56,675.07,674.62,674.21,673.81,673.46,673.13,672.84,672.56,672.3,672.09,671.88,671.7,671.54,671.37,671.26,671.14,671.04,670.98,670.9,670.85,670.82,670.8,670.8,670.81,670.81,670.85,670.88,670.93,671.01,671.08,671.17,671.27,671.36,671.48,671.59,671.72,671.87,672.03,672.19,672.35,672.53,672.71,672.88,673.09,673.3,673.53,673.75,673.97
684.8,683.49,682.33,681.28,680.33,679.47,678.67,677.95,677.28,676.66,676.09,675.56,675.07,674.62,674.21,673.81,673.46,673.13,672.84,672.56,672.3,672.09,671.88,671.7,671.54,671.37,671.26,671.14,671.04,670.98,670.9,670.85,670.82,670.8,670.8,670.81,670.81,670.85,670.88,670.93,671.01,671.08,671.17,671.27,671.36,671.48,671.59,671.72,671.87,672.03,672.19,672.35,672.53,672.71,672.88,673.09,673.3,673.53,673.75,673.97
684.8,683.49,682.33,681.28,680.33,679.47,678.67,677.95,677.28,676.66,676.09,675.56,675.07,674.62,674.21,673.81,673.46,673.13,672.84,672.56,672.3,672.09,671.88,671.7,671.54,671.37,671.26,671.14,671.04,670.98,670.9,670.85,670.82,670.8,670.8,670.81,670.81,670.85,670.88,670.93,671.01,671.08,671.17,671.27,671.36,671.48,671.59,671.72,671.87,672.03,672.19,672.35,672.53,672.71,672.88,673.09,673.3,673.53,673.75,673.97
684.8,683.49,682.33,681.28,680.33,679.47,678.67,677.95,677.28,676.66,676.09,675.56,675.07,674.62,674.21,673.81,673.46,673.13,672.84,672.56,672.3,672.09,671.88,671.7,671.54,671.37,671.26,671.14,671.04,670.98,670.9,670.85,670.82,670.8,670.8,670.81,670.81,670.85,670.88,670.93,671.01,671.08,671.17,671.27,671.36,671.48,671.59,671.72,671.87,672.03,672.19,672.35,672.53,672.71,672.88,673.09,673.3,673.53,673.75,673.97
684.8,683.49,682.33,681.28,680.33,679.47,678.67,677.95,677.28,676.66,676.09,675.56,675.07,674.62,674.21,673.81,673.46,673.13,672.84,672.56,672.3,672.09,671.88,671.7,671.54,671.37,671.26,671.14,671.04,670.98,670.9,670.85,670.82,670.8,670.8,670.81,670.81,670.85,670.88,670.93,671.01,671.08,671.17,671.27,671.36,671.48,671.59,671.72,671.87,672.03,672.19,672.35,672.53,672.71,672.88,673.09,673.3,673.53,673.75,673.97
684.8,683.49,682.33,681.28,680.33,679.47,678.67,677.95,677.28,676.66,676.09,675.56,675.07,674.62,674.21,673.81,673.46,673.13,672.84,672.56,672.3,672.09,671.88,671.7,671.54,671.37,671.26,671.14,671.04,670.98,670.9,670.85,670.82,670.8,670.8,670.81,670.81,670.85,670.88,670.93,671.01,671.08,671.17,671.27,671.36,671.48,671.59,671.72,671.87,672.03,672.19,672.35,672.53,672.71,672.88,673.09,673.3,673.53,673.75,673.97
684.8,683.49,682.33,681.28,680.33,679.47,678.67,677.95,677.28,676.66,676.09,675.56,675.07,674.62,674.21,673.81,673.46,673.13,672.84,672.56,672.3,672.09,671.88,671.7,671.54,671.37,671.26,671.14,671.04,670.98,670.9,670.85,670.82,670.8,670.8,670.81,670.81,670.85,670.88,670.93,671.01,671.08,671.17,671.27,671.36,671.48,671.59,671.72,671.87,672.03,672.19,672.35,672.53,672.71,672.88,673.09,673.3,673.53,673.75,673.97
684.8,683.49,682.33,681.28,680.33,679.47,678.67,677.95,677.28,676.66,676.09,675.56,675.07,674.62,674.21,673.81,673.46,673.13,672.84,672.56,672.3,672.09,671.88,671.7,671.54,671.37,671.26,671.14,671.04,670.98,670.9,670.85,670.82,670.8,670.8,670.81,670.81,670.85,670.88,670.93,671.01,671.08,671.17,671.27,671.36,671.48,671.59,671.72,671.87,672.03,672.19,672.35,672.53,672.71,672.88,673.09,673.3,673.53,673.75,673.97
684.8,683.49,682.33,681.28,680.33,679.47,678.67,677.95,677.28,676.66,676.09,675.56,675.07,674.62,674.21,673.81,673.46,673.13,672.84,672.56,672.3,672.09,671.88,671.7,671.54,671.37,671.26,671.14,671.04,670.98,670.9,670.85,670.82,670.8,670.8,670.81,670.81,670.85,670.88,670.93,671.01,671.08,671.17,671.27,671.36,671.48,671.59,671.72,671.87,672.03,672.19,672.35,672.53,672.71,672.88,673.09,673.3,673.53,673.75,673.97
684.8,683.49,682.33,681.28,680.33,679.47,678.67,677.95,677.28,676.66,676.09,675.56,675.07,674.62,674.21,673.81,673.46,673.13,672.84,672.56,672.3,672.09,671.88,671.7,671.54,671.37,671.26,671.14,671.04,670.98,670.9,670.85,670.82,670.8,670.8,670.81,670.81,670.85,670.88,670.93,671.01,671.08,671.17,671.27,671.36,671.48,671.59,671.72,671.87,672.03,672.19,672.35,672.53,672.71,672.88,673.09,673.3,673.53,673.75,673.97
684.8,683.49,682.33,681.28,680.33,679.47,678.67,677.95,677.28,676.66,676.09,675.56,675.07,674.62,674.21,673.81,673.46,673.13,672.84,672.56,672.3,672.09,671.88,671.7,671.54,671.37,671.26,671.14,671.04,670.98,670.9,670.85,670.82,670.8,670.8,670.81,670.81,670.85,670.88,670.93,671.01,671.08,671.17,671.27,671.36,671.48,671.59,671.72,671.87,672.03,672.19,672.35,672.53,672.71,672.88,673.09,673.3,673.53,673.75,673.97
684.8,683.49,682.33,681.28,680.33,679.47,678.67,677.95,677.28,676.66,676.09,675.56,675.07,674.62,674.21,673.81,673.46,673.13,672.84,672.56,672.3,672.09,671.88,671.7,671.54,671.37,671.26,671.14,671.04,670.98,670.9,670.85,670.82,670.8,670.8,670.81,670.81,670.85,670.88,670.93,671.01,671.08,671.17,671.27,671.36,671.48,671.59,671.72,671.87,672.03,672.19,672.35,672.53,672.71,672.88,673.09,673.3,673.53,673.75,673.97
684.8,683.49,682.33,681.28,680.33,679.47,678.67,677.95,677.28,676.66,676.09,675.56,675.07,674.62,674.21,673.81,673.46,673.13,672.84,672.56,672.3,672.09,671.88,671.7,671.54,671.37,671.26,671.14,671.04,670.98,670.9,670.85,670.82,670.8,670.8,670.81,670.81,670.85,670.88,670.93,671.01,671.08,671.17,671.27,671.36,671.48,671.59,671.72,671.87,672.03,672.19,672.35,672.53,672.71,672.88,673.09,673.3,673.53,673.75,673.97
684.8,683.49,682.33,681.28,680.33,679.47,678.67,677.95,677.28,676.66,676.09,675.56,675.07,674.62,674.21,673.81,673.46,673.13,672.84,672.56,672.3,672.09,671.88,671.7,671.54,671.37,671.26,671.14,671.04,670.98,670.9,670.85,670.82,670.8,670.8,670.81,670.81,670.85,670.88,670.93,671.01,671.08,671.17,671.27,671.36,671.48,671.59,671.72,671.87,672.03,672.19,672.35,672.53,672.71,672.88,673.09,673.3,673.53,673.75,673.97
684.8,683.49,682.33,681.28,680.33,679.47,678.67,677.95,677.28,676.66,676.09,675.56,675.07,674.62,674.21,673.81,673.46,673.13,672.84,672.56,672.3,672.09,671.88,671.7,671.54,671.37,671.26,671.14,671.04,670.98,670.9,670.85,670.82,670.8,670.8,670.81,670.81,670.85,670.88,670.93,671.01,671.08,671.17,671.27,671.36,671.48,671.59,671.72,671.87,672.03,672.19,672.35,672.53,672.71,672.88,673.09,673.3,673.53,673.75,673.97
684.8,683.49,682.33,681.28,680.33,679.47,678.67,677.95,677.28,676.66,676.09,675.56,675.07,674.62,674.21,673.81,673.46,673.13,672.84,672.56,672.3,672.09,671.88,671.7,671.54,671.37,671.26,671.14,671.04,670.98,670.9,670.85,670.82,670.8,670.8,670.81,670.81,670.85,670.88,670.93,671.01,671.08,671.17,671.27,671.36,671.48,671.59,671.72,671.87,672.03,672.19,672.35,672.53,672.71,672.88,673.09,673.3,673.53,673.75,673.97
684.8,683.49,682.33,681.28,680.33,679.47,678.67,677.95,677.28,676.66,676.09,675.56,675.07,674.62,674.21,673.81,673.46,673.13,672.84,672.56,672.3,672.09,671.88,671.7,671.54,671.37,671.26,671.14,671.04,670.98,670.9,670.85,670.82,670.8,670.8,670.81,670.81,670.85,670.88,670.93,671.01,671.08,671.17,671.27,671.36,671.48,671.59,671.72,671.87,672.03,672.19,672.35,672.53,672.71,672.88,673.09,673.3,673.53,673.75,673.97
684.8,683.49,682.33,681.28,680.33,679.47,678.67,677.95,677.28,676.66,676.09,675.56,675.07,674.62,674.21,673.81,673.46,673.13,672.84,672.56,672.3,672.09,671.88,671.7,671.54,671.37,671.26,671.14,671.04,670.98,670.9,670.85,670.82,670.8,670.8,670.81,670.81,670.85,670.88,670.93,671.01,671.08,671.17,671.27,671.36,671.48,671.59,671.72,671.87,672.03,672.19,672.35,672.53,672.71,672.88,673.09,673.3,673.53,673.75,673.97
684.8,683.49,682.33,681.28,680.33,679.47,678.67,677.95,677.28,676.66,676.09,675.56,675.07,674.62,674.21,673.81,673.46,673.13,672.84,672.56,672.3,672.09,671.88,671.7,671.54,671.37,671.26,671.14,671.04,670.98,670.9,670.85,670.82,670.8,670.8,670.81,670.81,670.85,670.88,670.93,671.01,671.08,671.17,671.27,671.36,671.48,671.59,671.72,671.87,672.03,672.19,672.35,672.53,672.71,672.88,673.09,673.3,673.53,673.75,673.97
684.8,683.49,682.33,681.28,680.33,679.47,678.67,677.95,677.28,676.66,676.09,675.56,675.07,674.62,674.21,673.81,673.46,673.13,672.84,672.56,672.3,672.09,671.88,671.7,671.54,671.37,671.26,671.14,671.04,670.98,670.9,670.85,670.82,670.8,670.8,670.81,670.81,670.85,670.88,670.93,671.01,671.08,671.17,671.27,671.36,671.48,671.59,671.72,671.87,672.03,672.19,672.35,672.53,672.71,672.88,673.09,673.3,673.53,673.75,673.97
684.8,683.49,682.33,681.28,680.33,679.47,678.67,677.95,677.28,676.66,676.09,675.56,675.07,674.62,674.21,673.81,673.46,673.13,672.84,672.56,672.3,672.09,671.88,671.7,671.54,671.37,671.26,671.14,671.04,670.98,670.9,670.85,670.82,670.8,670.8,670.81,670.81,670.85,670.88,670.93,671.01,671.08,671.17,671.27,671.36,671.48,671.59,671.72,671.87,672.03,672.19,672.35,672.53,672.71,672.88,673.09,673.3,673.53,673.75,673.97
684.8,683.49,682.33,681.28,680.33,679.47,678.67,677.95,677.28,676.66,676.09,675.56,675.07,674.62,674.21,673.81,673.46,673.13,672.84,672.56,672.3,672.09,671.88,671.7,671.54,671.37,671.26,671.14,671.04,670.98,670.9,670.85,670.82,670.8,670.8,670.81,670.81,670.85,670.88,670.93,671.01,671.08,671.17,671.27,671.36,671.48,671.59,671.72,671.87,672.03,672.19,672.35,672.53,672.71,672.88,673.09,673.3,673.53,673.75,673.97
684.8,683.49,682.33,681.28,680.33,679.47,678.67,677.95,677.28,676.66,676.09,675.56,675.07,674.62,674.21,673.81,673.46,673.13,672.84,672.56,672.3,672.09,671.88,671.7,671.54,671.37,671.26,671.14,671.04,670.98,670.9,670.85,670.82,670.8,670.8,670.81,670.81,670.85,670.88,670.93,671.01,671.08,671.17,671.27,671.36,671.48,671.59,671.72,671.87,672.03,672.19,672.35,672.53,672.71,672.88,673.09,673.3,673.53,673.75,673.97
684.8,683.49,682.33,681.28,680.33,679.47,678.67,677.95,677.28,676.66,676.09,675.56,675.07,674.62,674.21,673.81,673.46,673.13,672.84,672.56,672.3,672.09,671.88,671.7,671.54,671.37,671.26,671.14,671.04,670.98,670.9,670.85,670.82,670.8,670.8,670.81,670.81,670.85,670.88,670.93,671.01,671.08,671.17,671.27,671.36,671.48,671.59,671.72,671.87,672.03,672.19,672.35,672.53,672.71,672.88,673.09,673.3,673.53,673.75,673.97
684.8,683.49,682.33,681.28,680.33,679.47,678.67,677.95,677.28,676.66,676.09,675.56,675.07,674.62,674.21,673.81,673.46,673.13,672.84,672.56,672.3,672.09,671.88,671.7,671.54,671.37,671.26,671.14,671.04,670.98,670.9,670.85,670.82,670.8,670.8,670.81,670.81,670.85,670.88,670.93,671.01,671.08,671.17,671.27,671.36,671.48,671.59,671.72,671.87,672.03,672.19,672.35,672.53,672.71,672.88,673.09,673.3,673.53,673.75,673.97
684.8,683.49,682.33,681.28,680.33,679.47,678.67,677.95,677.28,676.66,676.09,675.56,675.07,674.62,674.21,673.81,673.46,673.13,672.84,672.56,672.3,672.09,671.88,671.7,671.54,671.37,671.26,671.14,671.04,670.98,670.9,670.85,670.82,670.8,670.8,670.81,670.81,670.85,670.88,670.93,671.01,671.08,671.17,671.27,671.36,671.48,671.59,671.72,671.87,672.03,672.19,672.35,672.53,672.71,672.88,673.09,673.3,673.53,673.75,673.97
684.8,683.49,682.33,681.28,680.33,679.47,678.67,677.95,677.28,676.66,676.09,675.56,675.07,674.62,674.21,673.81,673.46,673.13,672.84,672.56,672.3,672.09,671.88,671.7,671.54,671.37,671.26,671.14,671.04,670.98,670.9,670.85,670.82,670.8,670.8,670.81,670.81,670.85,670.88,670.93,671.01,671.08,671.17,671.27,671.36,671.48,671.59,671.72,671.87,672.03,672.19,672.35,672.53,672.71,672.88,673.09,673.3,673.53,673.75,673.97
684.8,683.49,682.33,681.28,680.33,679.47,678.67,677.95,677.28,676.66,676.09,675.56,675.07,674.62,674.21,673.81,673.46,673.13,672.84,672.56,672.3,672.09,671.88,671.7,671.54,671.37,671.26,671.14,671.04,670.98,670.9,670.85,670.82,670.8,670.8,670.81,670.81,670.85,670.88,670.93,671.01,671.08,671.17,671.27,671.36,671.48,671.59,671.72,671.87,672.03,672.19,672.35,672.53,672.71,672.88,673.09,673.3,673.53,673.75,673.97
684.8,683.49,682.33,681.28,680.33,679.47,678.67,677.95,677.28,676.66,676.09,675.56,675.07,674.62,674.21,673.81,673.46,673.13,672.84,672.56,672.3,672.09,671.88,671.7,671.54,671.37,671.26,671.14,671.04,670.98,670.9,670.85,670.82,670.8,670.8,670.81,670.81,670.85,670.88,670.93,671.01,671.08,671.17,671.27,671.36,671.48,671.59,671.72,671.87,672.03,672.19,672.35,672.53,672.71,672.88,673.09,673.3,673.53,673.75,673.97
684.8,683.49,682.33,681.28,680.33,679.47,678.67,677.95,677.28,676.66,676.09,675.56,675.07,674.62,674.21,673.81,673.46,673.13,672.84,672.56,672.3,672.09,671.88,671.7,671.54,671.37,671.26,671.14,671.04,670.98,670.9,670.85,670.82,670.8,670.8,670.81,670.81,670.85,670.88,670.93,671.01,671.08,671.17,671.27,671.36,671.48,671.59,671.72,671.87,672.03,672.19,672.35,672.53,672.71,672.88,673.09,673.3,673.53,673.75,673.97
684.8,683.49,682.33,681.28,680.33,679.47,678.67,677.95,677.28,676.66,676.09,675.56,675.07,674.62,674.21,673.81,673.46,673.13,672.84,672.56,672.3,672.09,671.88,671.7,671.54,671.37,671.26,671.14,671.04,670.98,670.9,670.85,670.82,670.8,670.8,670.81,670.81,670.85,670.88,670.93,671.01,671.08,671.17,671.27,671.36,671.48,671.59,671.72,671.87,672.03,672.19,672.35,672.53,672.71,672.88,673.09,673.3,673.53,673.75,673.97
684.8,683.49,682.33,681.28,680.33,679.47,678.67,677.95,677.28,676.66,676.09,675.56,675.07,674.62,674.21,673.81,673.46,673.13,672.84,672.56,672.3,672.09,671.88,671.7,671.54,671.37,671.26,671.14,671.04,670.98,670.9,670.85,670.82,670.8,670.8,670.81,670.81,670.85,670.88,670.93,671.01,671.08,671.17,671.27,671.36,671.48,671.59,671.72,671.87,672.03,672.19,672.35,672.53,672.71,672.88,673.09,673.3,673.53,673.75,673.97
684.8,683.49,682.33,681.28,680.33,679.47,678.67,677.95,677.28,676.66,676.09,675.56,675.07,674.62,674.21,673.81,673.46,673.13,672.84,672.56,672.3,672.09,671.88,671.7,671.54,671.37,671.26,671.14,671.04,670.98,670.9,670.85,670.82,670.8,670.8,670.81,670.81,670.85,670.88,670.93,671.01,671.08,671.17,671.27,671.36,671.48,671.59,671.72,671.87,672.03,672.19,672.35,672.53,672.71,672.88,673.09,673.3,673.53,673.75,673.97
684.8,683.49,682.33,681.28,680.33,679.47,678.67,677.95,677.28,676.66,676.09,675.56,675.07,674.62,674.21,673.81,673.46,673.13,672.84,672.56,672.3,672.09,671.88,671.7,671.54,671.37,671.26,671.14,671.04,670.98,670.9,670.85,670.82,670.8,670.8,670.81,670.81,670.85,670.88,670.93,671.01,671.08,671.17,671.27,671.36,671.48,671.59,671.72,671.87,672.03,672.19,672.35,672.53,672.71,672.88,673.09,673.3,673.53,673.75,673.97
684.8,683.49,682.33,681.28,680.33,679.47,678.67,677.95,677.28,676.66,676.09,675.56,675.07,674.62,674.21,673.81,673.46,673.13,672.84,672.56,672.3,672.09,671.88,671.7,671.54,671.37,671.26,671.14,671.04,670.98,670.9,670.85,670.82,670.8,670.8,670.81,670.81,670.85,670.88,670.93,671.01,671.08,671.17,671.27,671.36,671.48,671.59,671.72,671.87,672.03,672.19,672.35,672.53,672.71,672.88,673.09,673.3,673.53,673.75,673.97
684.8,683.49,682.33,681.28,680.33,679.47,678.67,677.95,677.28,676.66,676.09,675.56,675.07,674.62,674.21,673.81,673.46,673.13,672.84,672.56,672.3,672.09,671.88,671.7,671.54,671.37,671.26,671.14,671.04,670.98,670.9,670.85,670.82,670.8,670.8,670.81,670.81,670.85,670.88,670.93,671.01,671.08,671.17,671.27,671.36,671.48,671.59,671.72,671.87,672.03,672.19,672.35,672.53,672.71,672.88,673.09,673.3,673.53,673.75,673.97
684.8,683.49,682.33,681.28,680.33,679.47,678.67,677.95,677.28,676.66,676.09,675.56,675.07,674.62,674.21,673.81,673.46,673.13,672.84,672.56,672.3,672.09,671.88,671.7,671.54,671.37,671.26,671.14,671.04,670.98,670.9,670.85,670.82,670.8,670.8,670.81,670.81,670.85,670.88,670.93,671.01,671.08,671.17,671.27,671.36,671.48,671.59,671.72,671.87,672.03,672.19,672.35,672.53,672.71,672.88,673.09,673.3,673.53,673.75,673.97
684.8,683.49,682.33,681.28,680.33,679.47,678.67,677.95,677.28,676.66,676.09,675.56,675.07,674.62,674.21,673.81,673.46,673.13,672.84,672.56,672.3,672.09,671.88,671.7,671.54,671.37,671.26,671.14,671.04,670.98,670.9,670.85,670.82,670.8,670.8,670.81,670.81,670.85,670.88,670.93,671.01,671.08,671.17,671.27,671.36,671.48,671.59,671.72,671.87,672.03,672.19,672.35,672.53,672.71,672.88,673.09,673.3,673.53,673.75,673.97
684.8,683.49,682.33,681.28,680.33,679.47,678.67,677.95,677.28,676.66,676.09,675.56,675.07,674.62,674.21,673.81,673.46,673.13,672.84,672.56,672.3,672.09,671.88,671.7,671.54,671.37,671.26,671.14,671.04,670.98,670.9,670.85,670.82,670.8,670.8,670.81,670.81,670.85,670.88,670.93,671.01,671.08,671.17,671.27,671.36,671.48,671.59,671.72,671.87,672.03,672.19,672.35,672.53,672.71,672.88,673.09,673.3,673.53,673.75,673.97
684.8,683.49,682.33,681.28,680.33,679.47,678.67,677.95,677.28,676.66,676.09,675.56,675.07,674.62,674.21,673.81,673.46,673.13,672.84,672.56,672.3,672.09,671.88,671.7,671.54,671.37,671.26,671.14,671.04,670.98,670.9,670.85,670.82,670.8,670.8,670.81,670.81,670.85,670.88,670.93,671.01,671.08,671.17,671.27,671.36,671.48,671.59,671.72,671.87,672.03,672.19,672.35,672.53,672.71,672.88,673.09,673.3,673.53,673.75,673.97
684.8,683.49,682.33,681.28,680.33,679.47,678.67,677.95,677.28,676.66,676.09,675.56,675.07,674.62,674.21,673.81,673.46,673.13,672.84,672.56,672.3,672.09,671.88,671.7,671.54,671.37,671.26,671.14,671.04,670.98,670.9,670.85,670.82,670.8,670.8,670.81,670.81,670.85,670.88,670.93,671.01,671.08,671.17,671.27,671.36,671.48,671.59,671.72,671.87,672.03,672.19,672.35,672.53,672.71,672.88,673.09,673.3,673.53,673.75,673.97
684.8,683.49,682.33,681.28,680.33,679.47,678.67,677.95,677.28,676.66,676.09,675.56,675.07,674.62,674.21,673.81,673.46,673.13,672.84,672.56,672.3,672.09,671.88,671.7,671.54,671.37,671.26,671.14,671.04,670.98,670.9,670.85,670.82,670.8,670.8,670.81,670.81,670.85,670.88,670.93,671.01,671.08,671.17,671.27,671.36,671.48,671.59,671.72,671.87,672.03,672.19,672.35,672.53,672.71,672.88,673.09,673.3,673.53,673.75,673.97
684.8,683.49,682.33,681.28,680.33,679.47,678.67,677.95,677.28,676.66,676.09,675.56,675.07,674.62,674.21,673.81,673.46,673.13,672.84,672.56,672.3,672.09,671.88,671.7,671.54,671.37,671.26,671.14,671.04,670.98,670.9,670.85,670.82,670.8,670.8,670.81,670.81,670.85,670.88,670.93,671.01,671.08,671.17,671.27,671.36,671.48,671.59,671.72,671.87,672.03,672.19,672.35,672.53,672.71,672.88,673.09,673.3,673.53,673.75,673.97
18.752,17.611,16.719,15.986,15.361,14.817,14.334,13.9,13.505,13.143,12.808,12.497,12.207,11.934,11.678,11.435,11.155,10.985,10.776,10.577,10.386,10.203,10.027,9.857,9.6936,9.5359,9.3836,9.2362,9.0936,8.9553,8.8212,8.691,8.5644,8.4412,8.3213,8.2045,8.0906,7.9795,7.8711,7.7652,7.6617,7.5606,7.4618,7.365,7.2188,7.1776,7.0867,6.9975,6.9101,6.7723,6.7401,6.6575,6.5763,6.4965,6.418,6.3409,6.2651,6.1905,6.1171,6.0449
18.752,17.611,16.719,15.986,15.361,14.817,14.334,13.9,13.505,13.143,12.808,12.497,12.207,11.886,11.678,11.435,11.155,10.985,10.776,10.577,10.386,10.203,10.027,9.857,9.6936,9.5359,9.3836,9.2362,9.0936,8.9553,8.8212,8.691,8.514,8.4412,8.3213,8.2045,8.0906,7.9795,7.8711,7.7652,7.6617,7.5094,7.4618,7.365,7.2703,7.1776,7.0867,6.9975,6.9101,6.8243,6.7401,6.6575,6.5763,6.444,6.418,6.3409,6.2651,6.1905,6.0641,6.0449
18.752,17.611,16.719,15.986,15.361,14.817,14.334,13.9,13.505,13.143,12.808,12.497,12.207,11.934,11.678,11.386,11.204,10.985,10.776,10.577,10.386,10.203,10.027,9.8073,9.6936,9.5359,9.3836,9.2362,9.0936,8.9553,8.8212,8.691,8.5644,8.4412,8.2707,8.2045,8.0906,7.9795,7.8711,7.7652,7.6617,7.5606,7.4618,7.365,7.2703,7.1776,7.0867,6.9457,6.9101,6.8243,6.7401,6.6575,6.5763,6.444,6.418,6.3409,6.2651,6.1905,6.1171,6.0449
18.752,17.611,16.719,15.986,15.361,14.817,14.334,13.9,13.505,13.143,12.808,12.497,12.207,11.934,11.678,11.435,11.204,10.985,10.776,10.577,10.386,10.203,10.027,9.857,9.6936,9.5359,9.3336,9.2362,9.0936,8.9553,8.8212,8.691,8.5644,8.4412,8.3213,8.2045,8.0398,7.9795,7.8711,7.7652,7.6617,7.5606,7.4618,7.365,7.2703,7.1776,7.0867,6.9457,6.9101,6.8243,6.7401,6.6575,6.5763,6.444,6.418,6.3409,6.2651,6.1905,6.1171,6.0449
18.752,17.611,16.719,15.986,15.313,14.817,14.334,13.9,13.505,13.143,12.808,12.497,12.207,11.934,11.678,11.435,11.155,10.985,10.776,10.528,10.386,10.203,10.027,9.8073,9.6936,9.4861,9.3836,9.2362,9.0936,8.9553,8.8212,8.691,8.5644,8.4412,8.2707,8.2045,8.0906,7.9795,7.8711,7.7652,7.6617,7.5606,7.4618,7.3136,7.2188,7.1776,7.0867,6.9975,6.9101,6.8243,6.7401,6.6575,6.5763,6.4965,6.418,6.3409,6.2651,6.1905,6.1171,6.0449
18.752,17.611,16.719,15.986,15.361,14.817,14.334,13.9,13.505,13.143,12.808,12.497,12.207,11.934,11.678,11.435,11.155,10.985,10.776,10.577,10.386,10.203,10.027,9.857,9.6936,9.5359,9.3836,9.2362,9.0936,8.9553,8.8212,8.6407,8.5644,8.4412,8.3213,8.2045,8.0906,7.9795,7.8711,7.7652,7.6617,7.5094,7.4618,7.3136,7.2703,7.1776,7.0867,6.9975,6.9101,6.8243,6.7401,6.6575,6.5763,6.4965,6.418,6.3409,6.2651,6.1905,6.1171,6.0449
18.752,17.611,16.719,15.986,15.361,14.817,14.334,13.9,13.505,13.143,12.808,12.497,12.207,11.934,11.678,11.435,11.204,10.985,10.776,10.577,10.386,10.203,10.027,9.857,9.6936,9.5359,9.3836,9.2362,9.0435,8.9553,8.8212,8.691,8.5644,8.4412,8.3213,8.2045,8.0906,7.9795,7.8711,7.7652,7.6617,7.5606,7.4618,7.365,7.2703,7.1776,7.0867,6.9975,6.9101,6.7723,6.7401,6.6575,6.5763,6.4965,6.418,6.3409,6.2651,6.1905,6.1171,6.0449
18.752,17.611,16.719,15.986,15.361,14.817,14.334,13.9,13.505,13.143,12.808,12.449,12.207,11.886,11.678,11.435,11.155,10.985,10.776,10.577,10.386,10.203,10.027,9.8073,9.6936,9.5359,9.3836,9.2362,9.0936,8.9553,8.8212,8.691,8.5644,8.4412,8.3213,8.2045,8.0906,7.9795,7.8711,7.7652,7.6617,7.5606,7.4104,7.365,7.2703,7.1776,7.0867,6.9975,6.9101,6.8243,6.7401,6.6575,6.5763,6.4965,6.3655,6.3409,6.2651,6.1905,6.1171,6.0449
18.752,17.611,16.719,15.986,15.361,14.817,14.334,13.9,13.505,13.143,12.808,12.497,12.207,11.934,11.678,11.435,11.155,10.985,10.776,10.577,10.386,10.203,10.027,9.857,9.6936,9.5359,9.3336,9.2362,9.0435,8.9553,8.8212,8.6407,8.5644,8.4412,8.3213,8.2045,8.0906,7.9795,7.8711,7.7652,7.6617,7.5606,7.4618,7.365,7.2188,7.1776,7.0867,6.9975,6.9101,6.7723,6.7401,6.6575,6.5763,6.4965,6.3655,6.3409,6.2651,6.1905,6.0641,6.0449
18.752,17.611,16.719,15.986,15.361,14.817,14.334,13.9,13.505,13.143,12.808,12.497,12.207,11.934,11.678,11.386,11.155,10.985,10.776,10.528,10.386,10.153,10.027,9.857,9.6936,9.5359,9.3836,9.2362,9.0936,8.9553,8.8212,8.691,8.514,8.4412,8.2707,8.2045,8.0398,7.9795,7.8711,7.7652,7.6617,7.5606,7.4618,7.365,7.2703,7.1776,7.0867,6.9975,6.9101,6.8243,6.688,6.6575,6.5763,6.4965,6.418,6.2883,6.2651,6.1905,6.0641,6.0449
18.752,17.563,16.719,15.986,15.361,14.817,14.334,13.9,13.505,13.143,12.808,12.497,12.207,11.934,11.678,11.435,11.204,10.985,10.776,10.577,10.386,10.203,10.027,9.857,9.6936,9.5359,9.3836,9.2362,9.0936,8.9553,8.8212,8.691,8.514,8.4412,8.3213,8.2045,8.0906,7.9286,7.8201,7.7652,7.6617,7.5606,7.4618,7.3136,7.2703,7.1776,7.0867,6.9457,6.9101,6.7723,6.7401,6.6575,6.5763,6.444,6.418,6.2883,6.2651,6.1905,6.1171,6.0449
18.752,17.611,16.719,15.986,15.361,14.817,14.334,13.9,13.505,13.143,12.808,12.497,12.207,11.934,11.678,11.435,11.204,10.985,10.776,10.577,10.386,10.153,10.027,9.857,9.6936,9.5359,9.3836,9.2362,9.0936,8.9553,8.8212,8.691,8.5644,8.4412,8.3213,8.1538,8.0906,7.9795,7.8711,7.7652,7.6617,7.5606,7.4618,7.365,7.2703,7.1776,7.0867,6.9975,6.8582,6.8243,6.7401,6.6575,6.5763,6.4965,6.418,6.3409,6.2651,6.1905,6.0641,6.0449
18.752,17.611,16.719,15.986,15.361,14.817,14.334,13.9,13.505,13.143,12.808,12.497,12.207,11.886,11.678,11.435,11.155,10.985,10.776,10.528,10.386,10.203,10.027,9.857,9.6936,9.5359,9.3336,9.2362,9.0936,8.9553,8.8212,8.691,8.5644,8.4412,8.2707,8.2045,8.0906,7.9795,7.8711,7.7652,7.6617,7.5094,7.4104,7.3136,7.2703,7.1776,7.0867,6.9975,6.9101,6.8243,6.7401,6.6575,6.5763,6.4965,6.418,6.3409,6.2651,6.1905,6.1171,6.0449
18.752,17.611,16.719,15.986,15.361,14.817,14.334,13.9,13.505,13.143,12.808,12.497,12.207,11.934,11.678,11.386,11.204,10.985,10.776,10.577,10.386,10.153,10.027,9.857,9.6936,9.5359,9.3836,9.2362,9.0936,8.9553,8.8212,8.6407,8.5644,8.4412,8.3213,8.2045,8.0906,7.9795,7.8711,7.7652,7.6617,7.5606,7.4618,7.3136,7.2703,7.1776,7.0867,6.9975,6.9101,6.8243,6.688,6.6052,6.5763,6.4965,6.3655,6.2883,6.2651,6.1905,6.1171,6.0449
18.752,17.611,16.719,15.986,15.361,14.817,14.334,13.9,13.505,13.143,12.808,12.497,12.207,11.934,11.678,11.435,11.204,10.985,10.776,10.577,10.386,10.153,9.9769,9.857,9.6936,9.5359,9.3836,9.2362,9.0936,8.9553,8.8212,8.6407,8.5644,8.4412,8.2707,8.2045,8.0906,7.9795,7.8711,7.7652,7.6617,7.5606,7.4618,7.365,7.2703,7.1776,7.0867,6.9457,6.9101,6.8243,6.7401,6.6575,6.5763,6.4965,6.418,6.3409,6.2651,6.1905,6.1171,6.0449
18.752,17.611,16.719,15.986,15.361,14.817,14.334,13.9,13.505,13.143,12.808,12.497,12.207,11.934,11.678,11.435,11.204,10.985,10.776,10.577,10.386,10.203,10.027,9.8073,9.6936,9.5359,9.3836,9.2362,9.0936,8.9553,8.8212,8.691,8.5644,8.4412,8.3213,8.2045,8.0906,7.9286,7.8711,7.7652,7.6617,7.5094,7.4104,7.3136,7.2703,7.1776,7.0349,6.9457,6.9101,6.7723,6.7401,6.6575,6.5763,6.444,6.3655,6.3409,6.2651,6.1905,6.1171,6.0449
18.752,17.611,16.719,15.986,15.361,14.817,14.334,13.9,13.505,13.143,12.808,12.497,12.207,11.886,11.678,11.435,11.204,10.985,10.776,10.577,10.386,10.203,10.027,9.857,9.6936,9.5359,9.3836,9.2362,9.0936,8.9553,8.8212,8.691,8.5644,8.4412,8.3213,8.2045,8.0398,7.9795,7.8711,7.7652,7.6617,7.5606,7.4618,7.3136,7.2703,7.1776,7.0867,6.9975,6.9101,6.8243,6.7401,6.6575,6.5763,6.444,6.3655,6.2883,6.2651,6.1905,6.1171,6.0449
18.752,17.563,16.719,15.986,15.361,14.817,14.334,13.9,13.505,13.143,12.808,12.497,12.207,11.934,11.678,11.386,11.155,10.985,10.776,10.577,10.386,10.203,10.027,9.857,9.6936,9.5359,9.3836,9.2362,9.0936,8.9553,8.8212,8.691,8.5644,8.4412,8.3213,8.2045,8.0906,7.9795,7.8711,7.7652,7.6617,7.5606,7.4618,7.365,7.2703,7.1776,7.0867,6.9975,6.9101,6.7723,6.7401,6.6575,6.5763,6.4965,6.418,6.3409,6.2651,6.1905,6.1171,6.0449
18.752,17.611,16.719,15.986,15.361,14.817,14.334,13.851,13.505,13.143,12.808,12.497,12.207,11.934,11.678,11.435,11.155,10.985,10.776,10.577,10.386,10.203,10.027,9.857,9.6936,9.5359,9.3836,9.2362,9.0936,8.9553,8.8212,8.691,8.5644,8.4412,8.3213,8.2045,8.0906,7.9286,7.8711,7.7652,7.6617,7.5606,7.4618,7.365,7.2703,7.1259,7.0867,6.9975,6.8582,6.8243,6.7401,6.6575,6.5763,6.4965,6.418,6.3409,6.2651,6.1905,6.1171,6.0449
18.752,17.611,16.719,15.986,15.361,14.817,14.334,13.9,13.505,13.143,12.808,12.497,12.207,11.934,11.678,11.435,11.204,10.985,10.776,10.577,10.386,10.203,10.027,9.857,9.6936,9.5359,9.3836,9.2362,9.0936,8.9553,8.8212,8.691,8.5644,8.4412,8.3213,8.2045,8.0906,7.9795,7.8711,7.7652,7.6617,7.5606,7.4618,7.365,7.2188,7.1776,7.0867,6.9457,6.9101,6.7723,6.7401,6.6052,6.5763,6.4965,6.418,6.3409,6.2651,6.1905,6.1171,6.0449
18.752,17.611,16.719,15.986,15.361,14.817,14.334,13.9,13.505,13.143,12.808,12.497,12.207,11.934,11.678,11.435,11.204,10.985,10.776,10.577,10.386,10.203,10.027,9.857,9.6936,9.4861,9.3836,9.2362,9.0936,8.9553,8.8212,8.691,8.514,8.4412,8.3213,8.2045,8.0906,7.9795,7.8711,7.7652,7.6617,7.5606,7.4618,7.365,7.2188,7.1776,7.0867,6.9975,6.8582,6.8243,6.7401,6.6575,6.5763,6.4965,6.418,6.2883,6.2651,6.1905,6.1171,6.0449
18.752,17.611,16.719,15.938,15.361,14.817,14.334,13.9,13.505,13.143,12.808,12.497,12.207,11.934,11.678,11.435,11.204,10.985,10.776,10.577,10.386,10.203,10.027,9.857,9.6936,9.5359,9.3836,9.2362,9.0936,8.9553,8.771,8.691,8.5644,8.4412,8.3213,8.2045,8.0906,7.9795,7.8711,7.7652,7.6617,7.5606,7.4618,7.365,7.2703,7.1776,7.0867,6.9975,6.9101,6.7723,6.7401,6.6575,6.5763,6.4965,6.3655,6.3409,6.2651,6.1905,6.1171,6.0449
18.752,17.611,16.719,15.986,15.361,14.817,14.334,13.9,13.505,13.143,12.808,12.497,12.207,11.886,11.678,11.435,11.204,10.985,10.776,10.577,10.386,10.203,10.027,9.857,9.6936,9.5359,9.3836,9.2362,9.0936,8.9553,8.8212,8.691,8.514,8.4412,8.3213,8.2045,8.0906,7.9286,7.8711,7.7652,7.6617,7.5606,7.4618,7.365,7.2188,7.1776,7.0867,6.9457,6.9101,6.8243,6.7401,6.6575,6.5763,6.4965,6.3655,6.3409,6.2651,6.1905,6.1171,6.0449
18.752,17.611,16.719,15.986,15.361,14.817,14.334,13.9,13.505,13.143,12.808,12.497,12.207,11.934,11.678,11.435,11.204,10.985,10.776,10.577,10.386,10.203,10.027,9.8073,9.6936,9.4861,9.3836,9.2362,9.0435,8.9553,8.8212,8.691,8.5644,8.4412,8.3213,8.2045,8.0906,7.9795,7.8711,7.7652,7.6617,7.5606,7.4618,7.365,7.2703,7.1776,7.0867,6.9975,6.9101,6.8243,6.688,6.6575,6.5763,6.4965,6.418,6.3409,6.2651,6.1905,6.1171,6.0449
18.752,17.611,16.719,15.986,15.361,14.768,14.334,13.9,13.505,13.143,12.808,12.497,12.207,11.934,11.678,11.435,11.204,10.985,10.776,10.577,10.386,10.203,10.027,9.857,9.6936,9.5359,9.3836,9.2362,9.0435,8.9553,8.8212,8.691,8.5644,8.4412,8.2707,8.2045,8.0398,7.9795,7.8711,7.7652,7.6617,7.5606,7.4618,7.365,7.2703,7.1776,7.0867,6.9975,6.9101,6.8243,6.7401,6.6575,6.5763,6.444,6.418,6.3409,6.2651,6.1905,6.0641,6.0449
18.752,17.611,16.719,15.986,15.361,14.817,14.334,13.9,13.505,13.143,12.808,12.497,12.207,11.934,11.678,11.435,11.204,10.985,10.776,10.577,10.386,10.153,10.027,9.857,9.6936,9.5359,9.3836,9.2362,9.0936,8.9553,8.8212,8.691,8.5644,8.4412,8.3213,8.2045,8.0906,7.9286,7.8711,7.7652,7.6617,7.5606,7.4618,7.3136,7.2703,7.1776,7.0349,6.9975,6.9101,6.8243,6.688,6.6052,6.5763,6.4965,6.418,6.3409,6.2651,6.1905,6.1171,6.0449
18.752,17.611,16.719,15.986,15.361,14.768,14.334,13.9,13.505,13.143,12.808,12.497,12.207,11.934,11.678,11.435,11.204,10.985,10.776,10.577,10.386,10.203,10.027,9.857,9.6936,9.5359,9.3836,9.2362,9.0936,8.9553,8.8212,8.6407,8.5644,8.4412,8.3213,8.2045,8.0906,7.9795,7.8711,7.7652,7.6617,7.5094,7.4104,7.365,7.2703,7.1776,7.0867,6.9975,6.9101,6.8243,6.7401,6.6575,6.5763,6.4965,6.418,6.3409,6.2651,6.1905,6.0641,6.0449
18.752,17.611,16.719,15.986,15.361,14.817,14.334,13.9,13.505,13.143,12.808,12.497,12.207,11.934,11.678,11.435,11.155,10.985,10.776,10.577,10.386,10.203,10.027,9.8073,9.6936,9.5359,9.3836,9.2362,9.0936,8.9553,8.8212,8.691,8.5644,8.4412,8.3213,8.2045,8.0906,7.9795,7.8711,7.7652,7.6617,7.5606,7.4618,7.365,7.2703,7.1259,7.0867,6.9975,6.9101,6.8243,6.7401,6.6575,6.5763,6.4965,6.418,6.2883,6.2651,6.1905,6.1171,6.0449
18.752,17.611,16.719,15.986,15.361,14.817,14.334,13.9,13.505,13.143,12.808,12.497,12.207,11.934,11.678,11.435,11.204,10.985,10.776,10.577,10.386,10.153,10.027,9.857,9.6936,9.5359,9.3836,9.2362,9.0936,8.9553,8.8212,8.6407,8.514,8.4412,8.3213,8.2045,8.0906,7.9795,7.8711,7.7652,7.6617,7.5606,7.4618,7.3136,7.2703,7.1776,7.0867,6.9975,6.9101,6.8243,6.7401,6.6575,6.5763,6.4965,6.418,6.3409,6.2651,6.1905,6.1171,6.0449
18.752,17.611,16.719,15.986,15.361,14.817,14.334,13.9,13.505,13.143,12.808,12.497,12.207,11.934,11.678,11.435,11.204,10.985,10.776,10.577,10.386,10.203,10.027,9.857,9.6438,9.5359,9.3836,9.2362,9.0936,8.9553,8.8212,8.691,8.5644,8.4412,8.3213,8.1538,8.0906,7.9795,7.8711,7.7652,7.6617,7.5606,7.4618,7.365,7.2703,7.1776,7.0867,6.9975,6.9101,6.7723,6.7401,6.6052,6.5763,6.4965,6.418,6.3409,6.2651,6.1905,6.0641,6.0449
18.752,17.611,16.719,15.986,15.361,14.817,14.334,13.9,13.505,13.143,12.808,12.497,12.207,11.934,11.678,11.435,11.204,10.985,10.776,10.577,10.386,10.203,10.027,9.8073,9.6936,9.5359,9.3336,9.2362,9.0936,8.9553,8.8212,8.691,8.5644,8.4412,8.3213,8.1538,8.0906,7.9795,7.8711,7.7652,7.6617,7.5606,7.4618,7.365,7.2703,7.1776,7.0867,6.9457,6.9101,6.8243,6.688,6.6575,6.5763,6.4965,6.3655,6.3409,6.2651,6.1905,6.1171,6.0449
18.752,17.611,16.719,15.986,15.361,14.817,14.334,13.851,13.505,13.143,12.808,12.497,12.207,11.934,11.678,11.435,11.204,10.985,10.776,10.577,10.386,10.203,10.027,9.857,9.6936,9.5359,9.3836,9.2362,9.0936,8.9553,8.8212,8.691,8.5644,8.4412,8.3213,8.2045,8.0906,7.9795,7.8711,7.7652,7.6617,7.5606,7.4618,7.365,7.2703,7.1776,7.0867,6.9457,6.9101,6.7723,6.7401,6.6575,6.5763,6.4965,6.3655,6.3409,6.2651,6.1905,6.1171,6.0449
18.752,17.611,16.719,15.986,15.361,14.768,14.334,13.851,13.505,13.143,12.808,12.497,12.207,11.934,11.678,11.435,11.204,10.985,10.776,10.577,10.386,10.203,10.027,9.857,9.6936,9.5359,9.3836,9.2362,9.0936,8.9553,8.8212,8.691,8.5644,8.4412,8.3213,8.2045,8.0906,7.9795,7.8201,7.7652,7.6617,7.5094,7.4618,7.3136,7.2703,7.1776,7.0867,6.9975,6.9101,6.7723,6.7401,6.6575,6.5763,6.4965,6.418,6.2883,6.2651,6.1905,6.1171,6.0449
18.752,17.611,16.719,15.986,15.313,14.817,14.334,13.851,13.505,13.143,12.808,12.497,12.207,11.934,11.678,11.435,11.204,10.985,10.776,10.577,10.336,10.203,10.027,9.857,9.6936,9.5359,9.3836,9.2362,9.0936,8.9553,8.8212,8.691,8.5644,8.4412,8.2707,8.2045,8.0906,7.9795,7.8711,7.7652,7.6617,7.5606,7.4104,7.365,7.2703,7.1776,7.0867,6.9457,6.9101,6.8243,6.7401,6.6575,6.5763,6.4965,6.418,6.3409,6.2651,6.1905,6.1171,6.0449
18.752,17.611,16.719,15.986,15.361,14.817,14.334,13.9,13.505,13.143,12.808,12.497,12.207,11.934,11.678,11.435,11.155,10.985,10.776,10.577,10.386,10.203,10.027,9.857,9.6438,9.5359,9.3836,9.2362,9.0936,8.9553,8.8212,8.691,8.514,8.3907,8.3213,8.2045,8.0906,7.9795,7.8711,7.7652,7.6617,7.5606,7.4618,7.3136,7.2703,7.1776,7.0867,6.9457,6.9101,6.8243,6.7401,6.6575,6.5763,6.4965,6.418,6.3409,6.2651,6.1905,6.1171,6.0449
18.752,17.611,16.719,15.986,15.361,14.817,14.334,13.9,13.505,13.143,12.808,12.497,12.207,11.934,11.678,11.435,11.204,10.985,10.776,10.577,10.386,10.203,10.027,9.8073,9.6936,9.4861,9.3836,9.2362,9.0936,8.9553,8.8212,8.691,8.5644,8.4412,8.3213,8.2045,8.0906,7.9795,7.8711,7.7652,7.6617,7.5606,7.4618,7.365,7.2703,7.1259,7.0867,6.9457,6.9101,6.8243,6.7401,6.6575,6.5763,6.4965,6.418,6.3409,6.2651,6.1905,6.0641,6.0449
18.752,17.563,16.719,15.986,15.361,14.817,14.334,13.9,13.505,13.143,12.808,12.497,12.207,11.934,11.678,11.435,11.204,10.985,10.776,10.577,10.386,10.153,10.027,9.857,9.6936,9.5359,9.3836,9.2362,9.0936,8.9553,8.8212,8.691,8.514,8.4412,8.3213,8.2045,8.0906,7.9795,7.8711,7.7652,7.6617,7.5606,7.4618,7.365,7.2703,7.1259,7.0867,6.9975,6.9101,6.8243,6.7401,6.6575,6.5763,6.444,6.3655,6.3409,6.2651,6.1905,6.1171,6.0449
18.752,17.611,16.671,15.986,15.361,14.817,14.334,13.9,13.505,13.143,12.808,12.497,12.207,11.934,11.678,11.435,11.204,10.985,10.776,10.577,10.386,10.203,10.027,9.857,9.6936,9.5359,9.3836,9.2362,9.0936,8.9553,8.8212,8.6407,8.5644,8.4412,8.2707,8.2045,8.0906,7.9795,7.8711,7.7652,7.6617,7.5606,7.4618,7.365,7.2703,7.1259,7.0867,6.9975,6.9101,6.8243,6.7401,6.6575,6.5763,6.444,6.418,6.3409,6.2651,6.1905,6.1171,6.0449
18.752,17.611,16.719,15.986,15.361,14.817,14.334,13.9,13.505,13.143,12.808,12.497,12.207,11.934,11.678,11.435,11.204,10.985,10.776,10.577,10.386,10.203,10.027,9.857,9.6936,9.5359,9.3836,9.2362,9.0936,8.9553,8.771,8.691,8.5644,8.4412,8.3213,8.2045,8.0906,7.9795,7.8711,7.7652,7.6617,7.5606,7.4618,7.365,7.2703,7.1776,7.0867,6.9975,6.9101,6.8243,6.7401,6.6575,6.5763,6.4965,6.418,6.3409,6.2651,6.1905,6.1171,6.0449
18.752,17.611,16.719,15.986,15.361,14.817,14.334,13.9,13.505,13.143,12.808,12.497,12.207,11.934,11.678,11.435,11.204,10.985,10.776,10.528,10.386,10.203,10.027,9.857,9.6936,9.5359,9.3836,9.2362,9.0936,8.9553,8.8212,8.691,8.5644,8.4412,8.3213,8.2045,8.0906,7.9286,7.8711,7.7652,7.6617,7.5606,7.4618,7.3136,7.2703,7.1259,7.0867,6.9975,6.8582,6.8243,6.7401,6.6575,6.5763,6.4965,6.3655,6.2883,6.2651,6.1905,6.1171,6.0449
18.752,17.611,16.671,15.986,15.361,14.817,14.334,13.9,13.505,13.143,12.808,12.497,12.207,11.934,11.678,11.435,11.155,10.985,10.776,10.577,10.386,10.153,10.027,9.8073,9.6936,9.5359,9.3836,9.2362,9.0936,8.9553,8.8212,8.691,8.5644,8.4412,8.3213,8.2045,8.0906,7.9795,7.8711,7.7652,7.6617,7.5606,7.4618,7.3136,7.2703,7.1776,7.0867,6.9975,6.9101,6.7723,6.7401,6.6575,6.5763,6.4965,6.418,6.3409,6.2651,6.1905,6.1171,6.0449
18.752,17.611,16.719,15.986,15.361,14.817,14.334,13.9,13.505,13.143,12.808,12.497,12.207,11.934,11.678,11.435,11.204,10.985,10.776,10.577,10.386,10.203,10.027,9.857,9.6936,9.4861,9.3836,9.2362,9.0936,8.9553,8.8212,8.691,8.5644,8.4412,8.3213,8.2045,8.0906,7.9795,7.8201,7.7652,7.6617,7.5606,7.4618,7.365,7.2703,7.1776,7.0867,6.9457,6.9101,6.8243,6.7401,6.6575,6.5763,6.444,6.418,6.3409,6.2651,6.1905,6.1171,6.0449
18.752,17.611,16.719,15.986,15.361,14.817,14.334,13.9,13.505,13.143,12.808,12.497,12.207,11.934,11.678,11.435,11.204,10.985,10.776,10.577,10.386,10.203,10.027,9.857,9.6936,9.5359,9.3836,9.2362,9.0936,8.9553,8.8212,8.691,8.5644,8.4412,8.3213,8.2045,8.0906,7.9795,7.8711,7.7652,7.6617,7.5606,7.4618,7.365,7.2703,7.1776,7.0867,6.9457,6.8582,6.8243,6.7401,6.6575,6.5763,6.4965,6.418,6.3409,6.2651,6.1905,6.1171,6.0449
18.752,17.611,16.719,15.986,15.361,14.817,14.334,13.9,13.505,13.143,12.808,12.497,12.158,11.934,11.678,11.435,11.204,10.985,10.776,10.577,10.336,10.203,10.027,9.857,9.6936,9.5359,9.3836,9.2362,9.0936,8.9553,8.8212,8.6407,8.5644,8.4412,8.3213,8.2045,8.0906,7.9795,7.8711,7.7652,7.6617,7.5606,7.4618,7.365,7.2188,7.1776,7.0867,6.9975,6.9101,6.8243,6.7401,6.6575,6.5763,6.4965,6.418,6.3409,6.2651,6.1905,6.1171,6.0449
18.752,17.611,16.719,15.986,15.361,14.817,14.334,13.9,13.505,13.143,12.808,12.497,12.207,11.934,11.678,11.435,11.204,10.985,10.776,10.577,10.386,10.153,10.027,9.857,9.6936,9.5359,9.3836,9.2362,9.0936,8.9553,8.771,8.691,8.514,8.4412,8.3213,8.2045,8.0906,7.9795,7.8711,7.7652,7.6617,7.5606,7.4618,7.365,7.2703,7.1776,7.0867,6.9457,6.9101,6.8243,6.7401,6.6575,6.5763,6.4965,6.418,6.2883,6.2651,6.1905,6.0641,6.0449
18.752,17.611,16.671,15.986,15.361,14.817,14.334,13.9,13.505,13.143,12.808,12.497,12.207,11.934,11.678,11.435,11.204,10.985,10.776,10.577,10.386,10.203,10.027,9.8073,9.6936,9.5359,9.3836,9.2362,9.0936,8.9553,8.8212,8.6407,8.5644,8.4412,8.3213,8.2045,8.0906,7.9795,7.8711,7.7652,7.6617,7.5606,7.4618,7.365,7.2703,7.1776,7.0867,6.9975,6.9101,6.8243,6.7401,6.6575,6.5763,6.4965,6.418,6.3409,6.2651,6.1905,6.1171,6.0449
18.752,17.611,16.719,15.986,15.361,14.817,14.334,13.9,13.505,13.143,12.808,12.497,12.207,11.886,11.678,11.386,11.204,10.985,10.776,10.577,10.386,10.203,10.027,9.857,9.6936,9.4861,9.3836,9.2362,9.0936,8.9553,8.771,8.691,8.5644,8.4412,8.3213,8.2045,8.0906,7.9286,7.8711,7.7652,7.6617,7.5606,7.4618,7.3136,7.2703,7.1259,7.0867,6.9975,6.8582,6.8243,6.7401,6.6575,6.5763,6.4965,6.3655,6.2883,6.2651,6.1905,6.1171,6.0449
18.752,17.611,16.719,15.986,15.361,14.817,14.334,13.9,13.505,13.143,12.808,12.497,12.207,11.934,11.678,11.435,11.204,10.985,10.776,10.577,10.386,10.203,10.027,9.857,9.6438,9.5359,9.3836,9.2362,9.0936,8.9553,8.8212,8.691,8.5644,8.4412,8.3213,8.2045,8.0906,7.9286,7.8711,7.7652,7.6617,7.5606,7.4618,7.365,7.2703,7.1259,7.0867,6.9457,6.9101,6.8243,6.7401,6.6575,6.5763,6.4965,6.418,6.3409,6.2651,6.1905,6.1171,6.0449
18.752,17.611,16.719,15.986,15.361,14.768,14.334,13.9,13.505,13.143,12.759,12.497,12.207,11.886,11.678,11.386,11.204,10.985,10.776,10.577,10.386,10.203,10.027,9.857,9.6936,9.5359,9.3836,9.2362,9.0936,8.9553,8.8212,8.691,8.5644,8.4412,8.3213,8.2045,8.0906,7.9795,7.8201,7.7652,7.6617,7.5606,7.4104,7.365,7.2703,7.1776,7.0867,6.9975,6.9101,6.8243,6.7401,6.6575,6.5763,6.4965,6.418,6.3409,6.2651,6.1905,6.1171,6.0449
18.752,17.611,16.719,15.986,15.361,14.817,14.334,13.9,13.505,13.143,12.808,12.497,12.207,11.934,11.678,11.435,11.204,10.985,10.776,10.577,10.386,10.153,10.027,9.857,9.6936,9.5359,9.3836,9.2362,9.0936,8.9553,8.8212,8.691,8.5644,8.4412,8.2707,8.2045,8.0906,7.9795,7.8711,7.7652,7.6617,7.5606,7.4618,7.3136,7.2188,7.1259,7.0867,6.9975,6.8582,6.8243,6.688,6.6575,6.5763,6.4965,6.418,6.2883,6.2651,6.1905,6.1171,6.0449
18.752,17.611,16.719,15.986,15.361,14.817,14.334,13.9,13.505,13.143,12.808,12.497,12.207,11.934,11.678,11.435,11.204,10.985,10.776,10.577,10.386,10.203,10.027,9.857,9.6936,9.5359,9.3336,9.2362,9.0936,8.9553,8.8212,8.691,8.5644,8.4412,8.3213,8.2045,8.0906,7.9795,7.8711,7.7652,7.6617,7.5606,7.4618,7.3136,7.2188,7.1776,7.0867,6.9975,6.9101,6.8243,6.7401,6.6575,6.5763,6.4965,6.418,6.3409,6.2651,6.1905,6.1171,6.0449
18.752,17.611,16.719,15.986,15.361,14.817,14.334,13.9,13.505,13.143,12.808,12.497,12.207,11.934,11.678,11.435,11.204,10.985,10.776,10.577,10.386,10.203,10.027,9.857,9.6438,9.5359,9.3336,9.2362,9.0936,8.9553,8.8212,8.691,8.5644,8.4412,8.3213,8.2045,8.0906,7.9795,7.8711,7.7652,7.6617,7.5606,7.4618,7.365,7.2703,7.1776,7.0867,6.9975,6.8582,6.7723,6.7401,6.6575,6.5763,6.4965,6.3655,6.3409,6.2651,6.1905,6.1171,6.0449
18.752,17.611,16.671,15.986,15.361,14.817,14.334,13.9,13.505,13.143,12.808,12.497,12.207,11.934,11.678,11.435,11.204,10.985,10.776,10.528,10.386,10.203,10.027,9.8073,9.6936,9.5359,9.3336,9.2362,9.0936,8.9553,8.8212,8.691,8.5644,8.4412,8.3213,8.2045,8.0906,7.9795,7.8711,7.7652,7.6617,7.5606,7.4104,7.365,7.2703,7.1776,7.0867,6.9975,6.9101,6.8243,6.7401,6.6575,6.5763,6.4965,6.418,6.2883,6.2651,6.1905,6.1171,6.0449
18.752,17.611,16.719,15.986,15.361,14.817,14.334,13.9,13.505,13.094,12.808,12.497,12.207,11.934,11.678,11.435,11.204,10.985,10.776,10.577,10.386,10.203,10.027,9.857,9.6936,9.5359,9.3336,9.2362,9.0936,8.9553,8.8212,8.691,8.5644,8.4412,8.2707,8.2045,8.0906,7.9795,7.8201,7.7652,7.6617,7.5606,7.4618,7.365,7.2703,7.1776,7.0867,6.9975,6.8582,6.8243,6.688,6.6575,6.5763,6.4965,6.418,6.3409,6.2651,6.1905,6.1171,6.0449
18.752,17.611,16.719,15.986,15.361,14.817,14.334,13.9,13.505,13.143,12.808,12.497,12.207,11.934,11.678,11.386,11.204,10.985,10.776,10.577,10.386,10.203,10.027,9.857,9.6936,9.5359,9.3336,9.2362,9.0936,8.9553,8.8212,8.691,8.5644,8.4412,8.3213,8.2045,8.0906,7.9795,7.8711,7.7652,7.6617,7.5606,7.4618,7.3136,7.2703,7.1776,7.0867,6.9975,6.9101,6.8243,6.7401,6.6575,6.5763,6.4965,6.418,6.3409,6.2651,6.1905,6.1171,6.0449
18.752,17.611,16.719,15.986,15.361,14.817,14.334,13.9,13.505,13.143,12.808,12.497,12.207,11.934,11.678,11.386,11.155,10.985,10.776,10.577,10.386,10.203,10.027,9.857,9.6936,9.5359,9.3336,9.2362,9.0936,8.9553,8.8212,8.691,8.5644,8.4412,8.2707,8.2045,8.0398,7.9795,7.8711,7.7652,7.6617,7.5606,7.4618,7.3136,7.2703,7.1776,7.0867,6.9975,6.8582,6.7723,6.7401,6.6575,6.5763,6.4965,6.418,6.2883,6.2651,6.1905,6.1171,6.0449
18.752,17.611,16.719,15.986,15.361,14.817,14.334,13.9,13.505,13.143,12.808,12.449,12.207,11.934,11.678,11.435,11.155,10.985,10.776,10.577,10.386,10.203,10.027,9.857,9.6936,9.5359,9.3836,9.2362,9.0936,8.9553,8.8212,8.691,8.5644,8.4412,8.3213,8.2045,8.0906,7.9795,7.8711,7.7652,7.6617,7.5606,7.4618,7.365,7.2703,7.1776,7.0867,6.9975,6.9101,6.8243,6.7401,6.6575,6.5763,6.444,6.418,6.3409,6.2651,6.1905,6.1171,6.0449
18.752,17.611,16.719,15.986,15.361,14.817,14.334,13.9,13.505,13.143,12.808,12.449,12.207,11.934,11.678,11.386,11.204,10.985,10.776,10.577,10.386,10.203,10.027,9.857,9.6936,9.5359,9.3836,9.2362,9.0936,8.9553,8.8212,8.6407,8.5644,8.4412,8.3213,8.2045,8.0906,7.9795,7.8711,7.7652,7.6617,7.5606,7.4618,7.365,7.2188,7.1776,7.0867,6.9975,6.9101,6.8243,6.7401,6.6575,6.5763,6.4965,6.418,6.3409,6.2651,6.1905,6.1171,6.0449
18.752,17.611,16.719,15.986,15.361,14.817,14.334,13.9,13.505,13.143,12.808,12.449,12.207,11.934,11.678,11.435,11.204,10.985,10.776,10.577,10.386,10.203,10.027,9.857,9.6936,9.5359,9.3836,9.2362,9.0936,8.9553,8.8212,8.691,8.5644,8.4412,8.2707,8.1538,8.0398,7.9795,7.8711,7.7652,7.6617,7.5606,7.4618,7.365,7.2188,7.1259,7.0867,6.9975,6.9101,6.8243,6.7401,6.6575,6.5763,6.4965,6.3655,6.3409,6.2651,6.1905,6.1171,6.0449
18.752,17.611,16.719,15.986,15.361,14.817,14.334,13.9,13.505,13.143,12.808,12.497,12.207,11.934,11.678,11.435,11.204,10.985,10.776,10.577,10.386,10.203,10.027,9.857,9.6438,9.5359,9.3836,9.2362,9.0936,8.9553,8.8212,8.691,8.5644,8.4412,8.3213,8.2045,8.0906,7.9795,7.8711,7.7652,7.6617,7.5606,7.4618,7.3136,7.2703,7.1776,7.0867,6.9457,6.8582,6.8243,6.7401,6.6575,6.5763,6.4965,6.418,6.3409,6.2651,6.1905,6.0641,6.0449
