105,123.73,142.46,161.19,179.92,198.64,217.37,236.1,254.83,273.56,292.29,311.02,329.75,348.47,367.2,385.93,404.66,423.39,442.12,460.85,479.58,498.31,517.03,535.76,554.49,573.22,591.95,610.68,629.41,648.14,666.86,685.59,704.32,723.05,741.78,760.51,779.24,797.97,816.69,835.42,854.15,872.88,891.61,910.34,929.07,947.8,966.53,985.25,1004,1022.7,1041.4,1060.2,1078.9,1097.6,1116.4,1135.1,1153.8,1172.5,1191.3,1210
0.6,0.60593,0.61186,0.6178,0.62373,0.62966,0.63559,0.64153,0.64746,0.65339,0.65932,0.66525,0.67119,0.67712,0.68305,0.68898,0.69492,0.70085,0.70678,0.71271,0.71864,0.72458,0.73051,0.73644,0.74237,0.74831,0.75424,0.76017,0.7661,0.77203,0.77797,0.7839,0.78983,0.79576,0.80169,0.80763,0.81356,0.81949,0.82542,0.83136,0.83729,0.84322,0.84915,0.85508,0.86102,0.86695,0.87288,0.87881,0.88475,0.89068,0.89661,0.90254,0.90847,0.91441,0.92034,0.92627,0.9322,0.93814,0.94407,0.95
285.57,285.47,285.36,285.02,285.14,285.02,284.91,284.64,284.53,284.52,284.39,284.24,284.09,283.92,283.75,283.57,283.32,283.12,282.9,282.75,282.52,282.27,282.02,281.63,281.47,281.17,280.87,280.55,280.22,279.88,279.53,279.16,278.78,278.39,277.99,277.58,277.16,276.73,276.28,275.83,275.36,274.89,274.41,273.91,273.41,272.9,272.38,271.85,271.31,270.76,270.21,269.64,269.07,268.49,267.9,267.3,266.69,266.07,265.45,264.81
265.4,265.22,265.02,264.83,264.62,264.42,264.2,263.99,263.77,263.54,263.31,263.07,262.84,262.59,262.35,262.1,261.84,261.58,261.32,261.05,260.78,260.51,260.23,259.94,259.65,259.36,259.07,258.76,258.46,258.15,257.83,257.51,257.18,256.85,256.51,256.17,255.82,255.46,255.1,254.73,254.36,253.97,253.58,253.19,252.78,252.37,251.96,251.53,251.1,250.66,250.21,249.76,249.29,248.82,248.34,247.86,247.37,246.86,246.36,245.84
250.06,249.96,249.86,249.75,249.63,249.5,249.35,249.2,249.04,248.87,248.68,248.49,248.29,248.09,247.87,247.64,247.41,247.17,246.92,246.67,246.41,246.14,245.87,245.58,245.3,245,244.71,244.4,244.09,243.78,243.46,243.13,242.8,242.47,242.13,241.78,241.43,241.08,240.72,240.36,239.99,239.62,239.24,238.86,238.47,238.08,237.69,237.29,236.89,236.48,236.07,235.65,235.23,234.81,234.38,233.94,233.5,233.06,232.61,232.16
235.99,236.02,236.05,236.08,236.09,236.1,236.1,236.09,236.07,236.03,235.99,235.94,235.88,235.8,235.72,235.62,235.51,235.4,235.27,235.13,234.99,234.83,234.66,234.49,234.31,234.11,233.91,233.71,233.49,233.27,233.04,232.81,232.57,232.32,232.07,231.82,231.57,231.33,231.1,238.41,238.04,237.66,237.28,236.89,236.49,236.09,235.68,235.26,234.84,234.41,233.97,233.52,233.06,232.6,232.13,231.66,231.18,230.69,230.19,229.68
240.62,240.36,240.11,239.85,239.59,239.33,239.07,238.8,238.54,238.27,237.99,237.72,237.44,237.16,236.88,236.6,236.31,236.02,235.73,235.44,235.14,234.84,234.54,234.24,233.93,233.62,233.31,233,232.68,232.36,232.04,231.72,231.39,231.06,230.72,230.39,230.05,229.7,229.36,229.01,228.65,228.29,227.93,227.57,227.2,226.82,226.44,226.06,225.67,225.28,224.89,224.48,224.08,223.67,223.25,222.83,222.4,221.97,221.53,221.09
233.12,232.89,232.65,232.41,232.17,231.93,231.68,231.43,231.18,230.92,230.66,230.4,230.13,229.86,229.59,229.32,229.04,228.76,228.47,228.18,227.89,227.6,227.3,227.01,226.7,226.4,226.09,225.78,225.47,225.15,224.83,224.51,224.19,223.86,223.53,223.2,222.86,222.52,222.18,221.84,221.49,221.14,220.79,220.43,220.07,219.71,219.35,218.98,218.61,218.23,217.85,217.47,217.09,216.7,216.31,215.91,215.51,215.11,214.7,214.29
226.38,226.18,225.98,225.77,225.56,225.35,225.13,224.91,224.69,224.46,224.23,223.99,223.75,223.51,223.26,223.01,222.76,222.5,222.24,221.97,221.7,221.43,221.16,220.88,220.6,220.31,220.03,219.74,219.44,219.14,218.84,218.54,218.23,217.93,217.61,217.3,216.98,216.66,216.33,216.01,215.68,215.34,215.01,214.67,214.33,213.98,213.64,213.29,212.93,212.58,212.22,211.86,211.49,211.12,210.75,210.38,210,209.62,209.23,208.85
220.15,219.99,219.82,219.65,219.48,219.3,219.12,218.93,218.74,218.55,218.35,218.15,217.94,217.73,217.52,217.3,217.08,216.85,216.62,216.38,216.15,215.9,215.66,215.41,215.16,214.9,214.64,214.38,214.11,213.84,213.57,213.29,213.01,212.72,212.44,212.15,211.86,211.56,211.26,210.96,210.65,210.34,210.03,209.72,209.4,209.08,208.76,208.43,208.1,207.77,207.43,207.09,206.75,206.41,206.06,205.71,205.36,205,204.64,204.28
214.32,214.19,214.06,213.93,213.79,213.65,213.51,213.36,213.21,213.05,212.89,212.72,212.55,212.38,212.2,212.01,211.83,211.63,211.44,211.24,211.03,210.82,210.61,210.39,210.17,209.95,209.72,209.48,209.25,209.01,208.76,208.52,208.27,208.01,207.75,207.49,207.23,206.96,206.69,206.42,206.14,205.86,205.57,205.29,205,204.7,204.41,204.11,203.8,203.5,203.19,202.88,202.56,202.25,201.93,201.6,201.28,200.95,200.61,200.28
208.87,208.77,208.68,208.57,208.47,208.36,208.25,208.14,208.02,207.9,207.78,207.65,207.51,207.37,207.23,207.08,206.93,206.77,206.61,206.44,206.27,206.1,205.92,205.73,205.54,205.35,205.16,204.95,204.75,204.54,204.33,204.11,203.89,203.67,203.44,203.21,202.98,202.74,202.5,202.25,202,201.75,201.5,201.24,200.98,200.71,200.44,200.17,199.9,199.62,199.34,199.05,198.77,198.48,198.18,197.89,197.59,197.28,196.98,196.67
203.82,203.75,203.67,203.6,203.52,203.44,203.36,203.28,203.19,203.1,203,202.9,202.8,202.7,202.58,202.47,202.35,202.23,202.1,201.96,201.83,201.68,201.54,201.39,201.23,201.07,200.91,200.74,200.56,200.39,200.21,200.02,199.83,199.64,199.44,199.24,199.04,198.83,198.61,198.4,198.18,197.96,197.73,197.5,197.27,197.03,196.79,196.55,196.3,196.05,195.8,195.54,195.28,195.02,194.75,194.48,194.21,193.93,193.66,193.37
199.23,199.15,199.09,199.03,198.97,198.91,198.85,198.78,198.72,198.65,198.59,198.51,198.43,198.36,198.27,198.18,198.09,198,197.9,197.79,197.69,197.57,197.46,197.34,197.21,197.08,196.95,196.81,196.67,196.52,196.37,196.21,196.05,195.89,195.72,195.55,195.37,195.19,195.01,194.82,194.63,194.44,194.24,194.04,193.83,193.62,193.41,193.19,192.97,192.75,192.53,192.3,192.06,191.83,191.59,191.34,191.1,190.85,190.6,190.34
195.08,195.01,194.95,194.89,194.85,194.8,194.74,194.7,194.64,194.59,194.54,194.49,194.43,194.37,194.31,194.24,194.18,194.1,194.03,193.95,193.86,193.78,193.69,193.59,193.49,193.39,193.28,193.17,193.05,192.93,192.81,192.68,192.55,192.41,192.27,192.13,191.98,191.82,191.67,191.51,191.34,191.18,191,190.83,190.65,190.47,190.28,190.09,189.9,189.7,189.5,189.3,189.09,188.88,188.67,188.45,188.23,188,187.78,187.55
191.39,191.31,191.26,191.21,191.16,191.11,191.06,191.03,190.98,190.94,190.89,190.85,190.81,190.76,190.71,190.66,190.61,190.56,190.5,190.44,190.37,190.3,190.23,190.16,190.08,190,189.91,189.82,189.73,189.63,189.53,189.43,189.32,189.2,189.09,188.97,188.84,188.71,188.58,188.45,188.31,188.16,188.01,187.86,187.71,187.55,187.39,187.22,187.05,186.88,186.71,186.53,186.34,186.16,185.97,185.77,185.58,185.38,185.18,184.97
188.16,188.09,188.02,187.96,187.89,187.85,187.81,187.76,187.73,187.69,187.65,187.61,187.57,187.53,187.49,187.45,187.41,187.37,187.32,187.27,187.22,187.16,187.11,187.05,186.99,186.92,186.85,186.78,186.7,186.62,186.54,186.46,186.37,186.27,186.18,186.08,185.97,185.86,185.75,185.64,185.52,185.4,185.27,185.14,185.01,184.87,184.73,184.59,184.44,184.29,184.14,183.98,183.82,183.65,183.49,183.31,183.14,182.96,182.78,182.6
185.34,185.26,185.18,185.11,185.06,185.01,184.96,184.91,184.87,184.83,184.79,184.75,184.71,184.68,184.64,184.6,184.57,184.53,184.49,184.45,184.41,184.36,184.31,184.26,184.21,184.16,184.1,184.04,183.98,183.91,183.84,183.77,183.7,183.62,183.54,183.45,183.37,183.28,183.18,183.08,182.98,182.88,182.77,182.66,182.54,182.43,182.31,182.18,182.05,181.92,181.79,181.65,181.51,181.36,181.21,181.06,180.91,180.75,180.59,180.43
182.9,182.81,182.73,182.65,182.58,182.53,182.47,182.42,182.38,182.34,182.3,182.26,182.22,182.18,182.15,182.11,182.07,182.04,182,181.96,181.92,181.88,181.84,181.8,181.75,181.71,181.65,181.6,181.55,181.49,181.43,181.37,181.31,181.24,181.17,181.1,181.03,180.95,180.87,180.78,180.7,180.61,180.51,180.42,180.32,180.21,180.11,180,179.89,179.77,179.65,179.53,179.41,179.28,179.15,179.02,178.88,178.74,178.6,178.45
180.82,180.7,180.62,180.53,180.47,180.4,180.34,180.28,180.23,180.18,180.14,180.09,180.06,180.01,179.98,179.94,179.9,179.86,179.83,179.79,179.75,179.71,179.67,179.63,179.59,179.55,179.5,179.45,179.41,179.35,179.3,179.25,179.19,179.13,179.07,179.01,178.94,178.87,178.8,178.73,178.65,178.57,178.49,178.41,178.32,178.23,178.14,178.04,177.94,177.84,177.73,177.63,177.52,177.4,177.29,177.17,177.05,176.92,176.79,176.66
179,178.89,178.79,178.7,178.63,178.56,178.49,178.43,178.38,178.32,178.27,178.23,178.18,178.14,178.1,178.06,178.02,177.98,177.94,177.9,177.87,177.83,177.79,177.75,177.71,177.66,177.62,177.58,177.53,177.48,177.43,177.38,177.33,177.28,177.22,177.16,177.1,177.04,176.98,176.91,176.84,176.77,176.7,176.62,176.54,176.46,176.38,176.29,176.2,176.11,176.02,175.92,175.82,175.72,175.62,175.51,175.4,175.29,175.17,175.06
177.45,177.33,177.23,177.14,177.05,176.98,176.91,176.85,176.79,176.73,176.67,176.62,176.58,176.53,176.48,176.44,176.4,176.36,176.32,176.27,176.23,176.19,176.15,176.11,176.07,176.03,175.98,175.94,175.9,175.85,175.8,175.75,175.7,175.65,175.6,175.55,175.49,175.43,175.37,175.31,175.25,175.18,175.11,175.05,174.97,174.9,174.82,174.75,174.66,174.58,174.5,174.41,174.32,174.23,174.13,174.04,173.94,175.5,173.73,173.62
176.1,175.99,175.89,175.79,175.71,175.62,175.55,175.48,175.41,175.35,175.3,175.24,175.19,175.14,175.09,175.05,175,174.96,174.91,174.87,174.83,174.78,174.74,174.7,174.66,174.61,174.57,174.53,174.48,174.44,174.39,174.34,176.23,176.17,174.19,174.14,174.09,174.03,175.85,173.91,173.86,173.79,173.73,173.66,173.6,173.53,173.46,175.21,173.31,173.23,173.16,173.08,172.99,174.71,174.62,174.53,172.64,174.34,172.45,174.15
174.96,174.83,174.72,174.63,174.55,174.46,174.38,174.31,174.24,174.18,174.11,174.06,174,173.95,173.9,173.85,173.8,173.75,173.71,173.66,173.61,173.57,173.53,175.75,173.44,173.39,173.35,173.3,173.26,173.21,173.17,175.27,175.21,175.15,172.97,172.92,174.95,172.81,172.76,174.75,174.69,172.58,174.55,172.46,174.4,172.33,174.25,174.17,174.1,174.02,173.94,173.85,173.77,173.69,173.6,171.59,171.5,173.33,173.24,173.15
173.96,173.84,173.74,173.63,173.54,173.45,173.37,173.3,173.23,173.16,173.1,173.04,175.6,175.53,172.87,175.39,175.33,172.72,172.67,172.62,172.57,175.01,172.48,172.43,172.39,174.76,172.3,174.64,172.2,174.51,174.45,172.06,174.32,171.96,174.19,171.86,174.06,171.76,171.7,173.86,173.79,171.53,173.65,173.58,173.5,173.43,173.36,173.28,173.2,171.03,173.04,172.96,172.88,172.8,172.71,172.63,172.54,172.45,172.36,172.27
173.11,172.98,172.88,175.62,172.68,172.6,172.51,172.43,175.18,172.29,172.22,172.16,172.1,172.04,171.99,171.93,171.88,171.83,171.78,171.73,171.68,171.63,171.58,171.54,174.07,171.44,173.94,171.35,171.3,171.25,171.2,171.15,171.1,171.05,173.42,170.95,170.9,173.22,173.15,173.09,173.01,172.94,172.87,172.8,172.73,172.65,172.58,172.5,172.42,172.35,172.27,172.19,172.11,172.02,171.94,171.86,171.77,171.68,171.6,171.51
172.37,172.25,172.13,172.03,174.9,171.84,171.77,171.68,171.61,171.54,174.39,174.31,174.24,171.29,171.23,171.17,171.12,171.07,173.82,173.75,173.68,170.86,173.55,173.48,173.42,173.35,173.29,173.22,173.16,173.09,173.02,172.96,172.89,172.82,172.76,172.69,172.62,172.55,172.48,172.41,172.34,172.27,172.2,172.12,172.05,171.98,171.9,171.83,171.75,171.67,171.59,171.51,171.43,171.35,171.27,171.19,171.1,171.01,170.93,170.84
171.73,171.61,174.56,174.46,174.36,174.26,174.17,174.09,174,170.9,173.84,173.76,173.69,173.61,173.54,173.47,173.4,170.41,170.36,173.19,173.12,170.2,172.98,172.92,172.85,172.78,172.71,172.65,172.58,172.51,172.45,172.38,172.31,172.24,172.17,172.11,172.04,171.97,171.9,171.83,171.75,171.68,171.61,171.54,171.46,171.39,171.31,171.24,171.16,171.08,171.01,170.93,170.85,170.77,170.68,170.6,170.52,170.43,170.35,170.26
174.33,171.06,170.95,173.99,170.75,173.79,173.7,173.61,170.42,173.44,173.36,173.28,173.2,173.13,173.05,172.98,169.91,172.84,172.77,172.7,172.63,172.56,172.49,172.42,172.35,172.28,172.22,172.15,172.08,172.01,171.94,171.87,171.81,171.74,171.67,171.6,171.53,171.46,171.39,171.32,171.24,171.17,171.1,171.03,170.95,170.88,170.8,170.73,170.65,170.57,170.49,170.42,170.34,170.26,170.17,170.09,170.01,169.93,169.84,169.76
173.92,173.8,173.69,173.58,173.48,173.38,170.11,173.2,173.11,173.02,172.94,172.86,172.78,172.71,172.63,172.56,172.48,172.41,172.34,172.27,172.2,172.13,172.06,171.99,171.92,171.85,171.78,171.71,171.64,171.57,171.51,171.44,171.37,171.3,171.23,171.16,171.09,171.02,170.95,170.87,170.8,170.73,170.66,170.58,170.51,170.43,170.36,170.28,170.21,170.13,170.05,169.97,169.89,169.81,169.73,169.65,169.57,169.49,169.4,169.32
173.57,173.45,173.34,173.22,173.12,173.03,172.93,172.84,172.75,172.66,172.58,172.5,172.42,172.34,172.27,172.19,172.11,172.04,171.97,171.9,171.83,171.75,171.68,171.61,171.54,171.48,171.4,171.34,171.27,171.2,171.13,171.06,170.99,170.92,170.85,170.78,170.71,170.63,170.56,170.49,170.42,170.35,170.27,170.2,170.13,170.05,169.98,169.9,169.82,169.75,169.67,169.59,169.51,169.43,169.35,169.27,169.19,169.11,169.03,168.94
173.27,173.15,173.03,172.92,172.82,172.72,172.62,172.53,172.44,172.35,172.27,172.19,172.1,172.03,171.95,171.87,171.8,171.72,171.65,171.58,171.5,171.43,171.36,171.29,171.22,171.15,171.08,171.01,170.94,170.87,170.8,170.73,170.66,170.59,170.52,170.45,170.38,170.31,170.23,170.16,170.09,170.02,169.94,169.87,169.8,169.72,169.65,169.57,169.5,169.42,169.34,169.27,169.19,169.11,169.03,168.95,168.87,168.79,168.71,168.62
173.01,172.89,172.77,172.66,172.55,172.46,172.36,172.26,172.17,172.09,172,171.92,171.84,171.75,171.68,171.6,171.52,171.45,171.37,171.3,171.23,171.16,171.08,171.01,170.94,170.87,170.8,170.73,170.66,170.59,170.52,170.45,170.38,170.31,170.24,170.17,170.1,170.03,169.96,169.88,169.81,169.74,169.67,169.59,169.52,169.45,169.37,169.3,169.22,169.15,169.07,168.99,168.92,168.84,168.76,168.68,168.6,168.52,168.44,168.36
172.8,172.67,172.55,172.45,172.33,172.23,172.14,172.04,171.95,171.86,171.78,171.69,171.61,171.53,171.45,171.37,171.3,171.22,171.15,171.07,171,170.93,170.85,170.78,170.71,170.64,170.57,170.5,170.43,170.36,170.29,170.22,170.15,170.08,170.01,169.94,169.87,169.8,169.73,169.66,169.58,169.51,169.44,169.37,169.29,169.22,169.15,169.07,169,168.92,168.85,168.77,168.7,168.62,168.54,168.47,168.39,168.31,168.23,168.15
172.62,172.49,172.37,172.26,172.16,172.06,171.96,171.86,171.77,171.68,171.59,171.51,171.43,171.35,171.27,171.19,171.11,171.03,170.96,170.89,170.81,170.74,170.67,170.6,170.52,170.45,170.38,170.31,170.24,170.17,170.1,170.03,169.96,169.89,169.82,169.76,169.69,169.62,169.55,169.47,169.4,169.33,169.26,169.19,169.12,169.05,168.97,168.9,168.83,168.76,168.68,168.61,168.53,168.46,168.38,168.31,168.23,168.15,168.08,168
172.48,172.36,172.24,172.12,172.02,171.92,171.82,171.72,171.63,171.54,171.46,171.37,171.29,171.2,171.12,171.05,170.97,170.89,170.82,170.74,170.67,170.6,170.52,170.45,170.38,170.31,170.24,170.17,170.1,170.03,169.96,169.9,169.83,169.76,169.69,169.62,169.55,169.48,169.41,169.34,169.28,169.21,169.14,169.07,169,168.93,168.86,168.79,168.71,168.64,168.57,168.5,168.43,168.36,168.28,168.21,168.14,168.06,167.99,167.92
172.38,172.26,172.14,172.03,171.92,171.82,171.72,171.63,171.53,171.44,171.36,171.27,171.19,171.11,171.03,170.95,170.87,170.8,170.72,170.65,170.57,170.5,170.43,170.36,170.29,170.22,170.15,170.08,170.01,169.94,169.88,169.81,169.74,169.67,169.61,169.54,169.47,169.41,169.34,169.27,169.21,169.14,169.07,169.01,168.94,168.87,168.8,168.74,168.67,168.6,168.53,168.47,168.4,168.33,168.26,168.2,168.13,168.06,167.99,167.93
172.33,172.2,172.08,171.97,171.87,171.76,171.67,171.57,171.48,171.39,171.31,171.22,171.14,171.06,170.98,170.9,170.82,170.75,170.67,170.6,170.53,170.46,170.39,170.32,170.25,170.18,170.12,170.05,169.98,169.92,169.85,169.79,169.72,169.66,169.59,169.53,169.46,169.4,169.34,169.27,169.21,169.15,169.08,169.02,168.96,168.9,168.84,168.78,168.71,168.65,168.59,168.53,168.48,168.42,168.36,168.3,168.25,168.19,168.14,168.09
172.31,172.19,172.07,171.96,171.85,171.75,171.66,171.57,171.48,171.39,171.31,171.22,171.14,171.06,170.98,170.91,170.83,170.76,170.69,170.62,170.55,170.48,170.41,170.34,170.28,170.21,170.15,170.09,170.02,169.96,169.9,169.84,169.78,169.72,169.66,169.6,169.54,169.49,169.43,169.37,169.32,169.26,169.21,169.16,169.11,169.06,169.01,168.96,168.91,168.87,168.83,168.79,168.75,168.72,168.69,168.67,168.66,168.66,168.67,168.71
172.35,172.23,172.12,172.01,171.9,171.81,171.71,171.62,171.54,171.45,171.37,171.29,171.21,171.13,171.06,170.99,170.92,170.85,170.78,170.71,170.65,170.59,170.52,170.46,170.4,170.34,170.28,170.23,170.17,170.12,170.06,170.01,169.96,169.91,169.86,169.82,169.77,169.73,169.69,169.65,169.62,169.59,169.56,169.53,169.52,169.51,169.51,169.52,169.55,169.63,169.8,179.24,179.02,178.8,178.57,178.35,178.13,177.9,177.67,177.45
172.47,172.34,172.23,172.12,172.03,171.93,171.84,171.76,171.67,171.6,171.52,171.45,171.37,171.3,171.24,171.17,171.11,171.04,170.99,170.93,170.87,170.82,170.77,170.72,170.67,170.62,170.58,170.54,170.5,170.47,170.44,170.42,170.4,170.38,170.37,170.38,170.39,170.43,170.5,170.64,180.79,180.58,180.37,180.16,179.95,179.74,179.52,179.31,179.1,178.88,178.67,178.45,178.23,178.01,177.79,177.57,177.35,177.13,176.91,176.69
172.67,172.55,172.44,172.35,172.26,172.17,172.09,172.02,171.94,171.88,171.81,171.75,171.69,171.63,171.58,171.53,171.49,171.45,171.41,171.38,171.35,171.33,171.32,171.32,171.32,171.35,171.39,171.48,171.66,182.23,182.03,181.83,181.62,181.42,181.22,181.01,180.81,180.6,180.4,180.19,179.99,179.78,179.57,179.36,179.16,178.95,178.74,178.53,178.32,178.11,177.89,177.68,177.47,177.25,177.04,176.82,176.61,176.39,176.17,175.95
173.04,172.93,172.85,172.77,172.7,172.63,172.58,172.53,172.49,172.45,172.43,172.41,172.41,172.42,172.46,172.53,172.69,183.87,183.66,183.45,183.24,183.04,182.83,182.63,182.43,182.22,182.02,181.82,181.62,181.42,181.22,181.02,180.81,180.61,180.41,180.21,180.01,179.81,179.61,179.4,179.2,179,178.79,178.59,178.39,178.18,177.97,177.77,177.56,177.35,177.15,176.94,176.73,176.52,176.3,176.09,175.88,175.67,175.45,175.24
173.85,173.82,173.83,173.91,174.14,185.79,185.54,185.3,185.06,184.83,184.59,184.37,184.14,183.92,183.7,183.49,183.27,183.06,182.85,182.64,182.44,182.23,182.03,181.83,181.62,181.42,181.22,181.02,180.82,180.62,180.42,180.23,180.03,179.83,179.63,179.43,179.24,179.04,178.84,178.64,178.44,178.24,178.04,177.84,177.64,177.44,177.23,177.03,176.83,176.62,176.42,176.21,176.01,175.8,175.59,175.38,175.17,174.96,174.75,174.54
186.45,186.1,185.82,185.54,185.26,185.01,184.76,184.51,184.26,184.03,183.8,183.58,183.35,183.13,182.91,182.69,182.48,182.27,182.06,181.86,181.65,181.45,181.25,181.05,180.85,180.65,180.44,180.25,180.05,179.86,179.66,179.46,179.27,179.07,178.88,178.68,178.49,178.29,178.09,177.9,177.7,177.5,177.31,177.11,176.91,176.71,176.51,176.31,176.11,175.91,175.71,175.51,175.31,175.1,174.9,174.69,174.49,174.28,174.07,173.87
185.69,185.36,185.06,184.78,184.51,184.25,183.99,183.74,183.5,183.27,183.04,182.81,182.58,182.36,182.15,181.93,181.72,181.51,181.3,181.09,180.89,180.69,180.49,180.29,180.09,179.89,179.7,179.5,179.3,179.11,178.92,178.72,178.53,178.34,178.14,177.95,177.76,177.56,177.37,177.18,176.98,176.79,176.6,176.4,176.21,176.01,175.81,175.62,175.42,175.22,175.03,174.83,174.63,174.43,174.23,174.02,173.82,173.62,173.42,173.21
184.97,184.65,184.33,184.04,183.77,183.52,183.26,183,182.76,182.53,182.3,182.07,181.84,181.62,181.4,181.19,180.98,180.77,180.56,180.36,180.15,179.95,179.75,179.55,179.36,179.16,178.96,178.77,178.58,178.39,178.19,178,177.81,177.62,177.43,177.24,177.05,176.86,176.67,176.48,176.29,176.1,175.9,175.71,175.52,175.33,175.13,174.94,174.75,174.55,174.36,174.16,173.97,173.77,173.57,173.37,173.18,172.98,172.78,172.57
184.29,183.91,183.63,183.34,183.07,182.8,182.55,182.29,182.05,181.81,181.58,181.35,181.13,180.9,180.69,180.47,180.26,180.05,179.84,179.64,179.44,179.24,179.04,178.84,178.65,178.45,178.26,178.07,177.88,177.68,177.5,177.3,177.11,176.93,176.74,176.55,176.36,176.17,175.99,175.8,175.61,175.42,175.23,175.04,174.85,174.66,174.48,174.28,174.09,173.9,173.71,173.52,173.32,173.13,172.94,172.74,172.55,172.35,172.15,171.96
183.61,183.26,182.95,182.65,182.38,182.11,181.85,181.6,181.36,181.12,180.88,180.65,180.43,180.21,179.99,179.78,179.56,179.36,179.15,178.95,178.75,178.55,178.35,178.15,177.96,177.76,177.57,177.38,177.19,177,176.81,176.63,176.44,176.25,176.07,175.88,175.69,175.51,175.32,175.14,174.95,174.77,174.58,174.39,174.21,174.02,173.83,173.65,173.46,173.27,173.08,172.89,172.7,172.51,172.32,172.13,171.94,171.74,171.55,171.35
182.96,182.59,182.29,181.99,181.71,181.45,181.18,180.93,180.68,180.45,180.21,179.99,179.75,179.53,179.32,179.1,178.89,178.68,178.47,178.28,178.07,177.88,177.68,177.48,177.29,177.1,176.9,176.72,176.53,176.34,176.15,175.97,175.79,175.6,175.41,175.23,175.05,174.86,174.68,174.5,174.31,174.13,173.95,173.76,173.58,173.39,173.21,173.02,172.84,172.65,172.47,172.28,172.09,171.91,171.72,171.53,171.34,171.15,170.96,170.77
182.34,181.96,181.65,181.35,181.06,180.8,180.53,180.28,180.03,179.79,179.56,179.33,179.11,178.88,178.67,178.45,178.24,178.03,177.83,177.62,177.42,177.22,177.03,176.83,176.64,176.45,176.26,176.07,175.89,175.7,175.52,175.33,175.15,174.96,174.78,174.6,174.42,174.24,174.05,173.87,173.69,173.51,173.33,173.15,172.97,172.79,172.6,172.42,172.24,172.06,171.87,171.69,171.51,171.32,171.14,170.95,170.76,170.58,170.39,170.2
181.72,181.35,181.02,180.74,180.45,180.18,179.91,179.66,179.41,179.16,178.93,178.7,178.47,178.25,178.03,177.82,177.6,177.4,177.19,176.98,176.79,176.59,176.4,176.2,176.01,175.82,175.63,175.45,175.26,175.08,174.89,174.71,174.53,174.35,174.17,173.99,173.81,173.63,173.45,173.27,173.09,172.91,172.73,172.55,172.37,172.19,172.01,171.84,171.66,171.48,171.29,171.11,170.93,170.75,170.57,170.38,170.2,170.02,169.83,169.65
181.13,180.76,180.43,180.12,179.86,179.56,179.31,179.04,178.8,178.55,178.32,178.08,177.86,177.63,177.42,177.2,176.99,176.78,176.58,176.37,176.17,175.98,175.79,175.59,175.4,175.21,175.03,174.84,174.65,174.47,174.29,174.11,173.93,173.75,173.57,173.39,173.21,173.03,172.86,172.68,172.5,172.33,172.15,171.97,171.8,171.62,171.44,171.27,171.09,170.91,170.73,170.55,170.38,170.2,170.02,169.84,169.66,169.47,169.29,169.11
180.56,180.17,179.86,179.55,179.25,178.98,178.73,178.47,178.21,177.96,177.73,177.49,177.26,177.04,176.83,176.61,176.39,176.18,175.99,175.78,175.58,175.39,175.19,175,174.81,174.62,174.43,174.25,174.06,173.88,173.7,173.52,173.34,173.17,172.99,172.81,172.63,172.46,172.28,172.11,171.93,171.76,171.58,171.41,171.24,171.06,170.89,170.71,170.54,170.36,170.19,170.01,169.83,169.66,169.48,169.3,169.12,168.95,168.77,168.59
179.99,179.61,179.29,178.97,178.69,178.42,178.15,177.88,177.63,177.39,177.15,176.91,176.68,176.46,176.24,176.03,175.81,175.61,175.4,175.2,175,174.8,174.62,174.42,174.23,174.05,173.86,173.68,173.49,173.31,173.13,172.95,172.78,172.6,172.43,172.25,172.07,171.9,171.73,171.55,171.38,171.21,171.04,170.86,170.69,170.52,170.34,170.17,170,169.83,169.65,169.48,169.31,169.13,168.96,168.78,168.61,168.43,168.26,168.08
179.46,179.08,178.73,178.43,178.14,177.86,177.59,177.34,177.08,176.83,176.59,176.36,176.13,175.9,175.68,175.47,175.26,175.05,174.85,174.64,174.44,174.24,174.05,173.86,173.67,173.49,173.31,173.12,172.94,172.76,172.58,172.4,172.23,172.05,171.88,171.7,171.53,171.36,171.19,171.01,170.84,170.67,170.5,170.33,170.16,169.99,169.82,169.65,169.48,169.31,169.14,168.97,168.79,168.62,168.45,168.28,168.1,167.93,167.76,167.58
178.94,178.55,178.21,177.9,177.6,177.32,177.06,176.79,176.55,176.29,176.05,175.81,175.59,175.36,175.14,174.92,174.71,174.5,174.3,174.1,173.9,173.7,173.51,173.32,173.13,172.95,172.76,172.58,172.4,172.22,172.04,171.87,171.69,171.52,171.34,171.17,171,170.83,170.66,170.49,170.32,170.15,169.98,169.81,169.64,169.48,169.31,169.14,168.97,168.8,168.63,168.46,168.3,168.13,167.96,167.79,167.62,167.44,167.27,167.1
178.43,178.04,177.7,177.39,177.09,176.81,176.53,176.27,176.01,175.77,175.52,175.29,175.06,174.83,174.61,174.39,174.18,173.98,173.77,173.57,173.37,173.17,172.98,172.8,172.6,172.42,172.24,172.06,171.88,171.7,171.52,171.35,171.17,171,170.83,170.66,170.49,170.32,170.15,169.98,169.81,169.64,169.48,169.31,169.14,168.98,168.81,168.64,168.48,168.31,168.14,167.98,167.81,167.64,167.48,167.31,167.14,166.97,166.8,166.63
177.94,177.54,177.2,176.89,176.6,176.31,176.03,175.77,175.5,175.26,175.02,174.78,174.55,174.32,174.1,173.88,173.67,173.47,173.26,173.06,172.86,172.66,172.47,172.28,172.09,171.91,171.72,171.55,171.37,171.19,171.01,170.84,170.67,170.5,170.32,170.16,169.99,169.82,169.65,169.48,169.32,169.15,168.98,168.82,168.65,168.49,168.33,168.16,168,167.83,167.67,167.5,167.34,167.17,167.01,166.84,166.68,166.51,166.34,166.18
177.47,177.07,176.73,176.4,176.09,175.82,175.55,175.27,175.02,174.76,174.52,174.28,174.05,173.82,173.6,173.39,173.17,172.96,172.76,172.56,172.36,172.17,171.97,171.79,171.6,171.41,171.23,171.05,170.87,170.7,170.52,170.35,170.18,170.01,169.83,169.67,169.5,169.33,169.17,169,168.84,168.67,168.51,168.35,168.18,168.02,167.86,167.69,167.53,167.37,167.2,167.04,166.88,166.72,166.55,166.39,166.23,166.06,165.9,165.73
177.03,176.61,176.25,175.94,175.63,175.34,175.06,174.8,174.54,174.29,174.04,173.81,173.57,173.34,173.12,172.9,172.69,172.48,172.28,172.08,171.88,171.68,171.49,171.3,171.12,170.93,170.75,170.57,170.39,170.22,170.04,169.87,169.7,169.53,169.36,169.19,169.03,168.86,168.7,168.53,168.37,168.2,168.04,167.88,167.72,167.56,167.4,167.24,167.08,166.91,166.75,166.59,166.43,166.27,166.11,165.95,165.79,165.63,165.46,165.3
176.55,176.15,175.8,175.48,175.18,174.89,174.6,174.34,174.08,173.83,173.58,173.34,173.11,172.87,172.65,172.43,172.22,172.01,171.81,171.6,171.41,171.21,171.02,170.84,170.65,170.46,170.28,170.1,169.93,169.75,169.58,169.4,169.24,169.07,168.9,168.73,168.57,168.4,168.24,168.07,167.91,167.75,167.59,167.43,167.27,167.11,166.95,166.79,166.63,166.47,166.32,166.16,166,165.84,165.68,165.52,165.36,165.2,165.04,164.88
3187.1,3186.9,3186.7,3181.9,3186.3,3186.1,3185.9,3181.3,3181.2,3185.3,3185,3184.8,3184.6,3184.3,3184.1,3183.8,3179.8,3179.6,3179.4,3182.8,3182.5,3182.2,3181.9,3178.3,3181.3,3181,3180.7,3180.4,3180.1,3179.8,3179.5,3179.2,3178.8,3178.5,3178.2,3177.8,3177.5,3177.1,3176.8,3176.4,3176.1,3175.7,3175.4,3175,3174.7,3174.3,3173.9,3173.6,3173.2,3172.8,3172.5,3172.1,3171.7,3171.4,3171,3170.7,3170.3,3170,3169.6,3169.3
3161.4,3161.2,3161,3160.8,3160.5,3160.3,3160.1,3159.9,3159.7,3159.4,3159.2,3159,3158.7,3158.5,3158.2,3158,3157.7,3157.5,3157.2,3156.9,3156.6,3156.4,3156.1,3155.8,3155.5,3155.2,3154.9,3154.6,3154.2,3153.9,3153.6,3153.3,3152.9,3152.6,3152.2,3151.9,3151.5,3151.1,3150.8,3150.4,3150,3149.6,3149.2,3148.8,3148.4,3148,3147.6,3147.2,3146.8,3146.3,3145.9,3145.5,3145,3144.6,3144.1,3143.7,3143.2,3142.7,3142.3,3141.8
3134,3133.8,3133.5,3133.2,3132.9,3132.7,3132.4,3132.1,3131.8,3131.5,3131.3,3131,3130.7,3130.4,3130.1,3129.8,3129.5,3129.2,3128.9,3128.6,3128.2,3127.9,3127.6,3127.3,3126.9,3126.6,3126.2,3125.9,3125.5,3125.1,3124.7,3124.3,3124,3123.5,3123.1,3122.7,3122.3,3121.9,3121.4,3121,3120.5,3120.1,3119.6,3119.1,3118.6,3118.1,3117.6,3117.1,3116.5,3116,3115.4,3114.9,3114.3,3113.7,3113.1,3112.5,3111.9,3111.3,3110.6,3110
3101,3100.6,3100.2,3099.8,3099.3,3098.9,3098.4,3098,3097.5,3097.1,3096.6,3096.1,3095.7,3095.2,3094.7,3094.2,3093.6,3093.1,3092.6,3092,3091.4,3090.8,3090.2,3089.6,3089,3088.3,3087.6,3086.9,3086.1,3085.3,3084.5,3083.6,3082.6,3081.6,3080.5,3079.3,3077.9,3076.3,3074.1,2715.1,2715.1,2715.1,2715.1,2715.1,2715.1,2715.1,2715.1,2715.1,2715.1,2715.1,2715.1,2715.1,2715.1,2715.1,2715.1,2715.1,2715.1,2715.1,2715.1,2715.1
2712.6,2712.4,2712.3,2712.1,2712,2711.8,2711.7,2711.6,2711.4,2711.3,2711.2,2711.1,2711,2710.9,2710.8,2710.7,2710.6,2710.5,2710.4,2710.3,2710.2,2710.1,2710.1,2710,2709.9,2709.9,2709.8,2709.8,2709.7,2709.7,2709.6,2709.6,2709.5,2709.5,2709.5,2709.4,2709.4,2709.4,2709.4,2709.3,2709.3,2709.3,2709.3,2709.3,2709.3,2709.3,2709.3,2709.2,2709.2,2709.2,2709.2,2709.2,2709.2,2709.2,2709.2,2709.2,2709.2,2709.2,2709.2,2709.2
2708.8,2708.6,2708.4,2708.2,2708.1,2707.9,2707.7,2707.5,2707.4,2707.2,2707.1,2706.9,2706.8,2706.6,2706.5,2706.3,2706.2,2706,2705.9,2705.8,2705.7,2705.5,2705.4,2705.3,2705.2,2705.1,2705,2704.9,2704.8,2704.7,2704.6,2704.5,2704.5,2704.4,2704.3,2704.2,2704.2,2704.1,2704,2704,2703.9,2703.9,2703.8,2703.8,2703.7,2703.7,2703.7,2703.6,2703.6,2703.6,2703.5,2703.5,2703.5,2703.5,2703.5,2703.4,2703.4,2703.4,2703.4,2703.4
2705.3,2705.1,2704.9,2704.7,2704.5,2704.3,2704.1,2703.9,2703.7,2703.5,2703.3,2703.1,2702.9,2702.7,2702.6,2702.4,2702.2,2702,2701.9,2701.7,2701.6,2701.4,2701.2,2701.1,2700.9,2700.8,2700.7,2700.5,2700.4,2700.3,2700.1,2700,2699.9,2699.8,2699.6,2699.5,2699.4,2699.3,2699.2,2699.1,2699,2698.9,2698.9,2698.8,2698.7,2698.6,2698.5,2698.5,2698.4,2698.3,2698.3,2698.2,2698.2,2698.1,2698.1,2698,2698,2697.9,2697.9,2697.8
2702,2701.7,2701.5,2701.3,2701.1,2700.8,2700.6,2700.4,2700.2,2700,2699.8,2699.6,2699.4,2699.2,2698.9,2698.7,2698.6,2698.4,2698.2,2698,2697.8,2697.6,2697.4,2697.2,2697.1,2696.9,2696.7,2696.5,2696.4,2696.2,2696,2695.9,2695.7,2695.6,2695.4,2695.3,2695.1,2695,2694.9,2694.7,2694.6,2694.5,2694.3,2694.2,2694.1,2694,2693.9,2693.8,2693.7,2693.5,2693.4,2693.4,2693.3,2693.2,2693.1,2693,2692.9,2692.8,2692.8,2692.7
2698.8,2698.5,2698.3,2698.1,2697.8,2697.6,2697.4,2697.1,2696.9,2696.7,2696.4,2696.2,2696,2695.8,2695.5,2695.3,2695.1,2694.9,2694.7,2694.5,2694.3,2694,2693.8,2693.6,2693.4,2693.2,2693,2692.8,2692.6,2692.5,2692.3,2692.1,2691.9,2691.7,2691.5,2691.4,2691.2,2691,2690.8,2690.7,2690.5,2690.4,2690.2,2690,2689.9,2689.7,2689.6,2689.5,2689.3,2689.2,2689,2688.9,2688.8,2688.7,2688.5,2688.4,2688.3,2688.2,2688.1,2688
2695.6,2695.4,2695.2,2694.9,2694.7,2694.4,2694.2,2694,2693.7,2693.5,2693.2,2693,2692.8,2692.5,2692.3,2692.1,2691.8,2691.6,2691.4,2691.1,2690.9,2690.7,2690.5,2690.2,2690,2689.8,2689.6,2689.4,2689.1,2688.9,2688.7,2688.5,2688.3,2688.1,2687.9,2687.7,2687.5,2687.3,2687.1,2686.9,2686.7,2686.5,2686.4,2686.2,2686,2685.8,2685.6,2685.5,2685.3,2685.1,2685,2684.8,2684.6,2684.5,2684.3,2684.2,2684,2683.9,2683.7,2683.6
2692.5,2692.3,2692,2691.8,2691.6,2691.3,2691.1,2690.9,2690.6,2690.4,2690.1,2689.9,2689.6,2689.4,2689.2,2688.9,2688.7,2688.4,2688.2,2687.9,2687.7,2687.5,2687.2,2687,2686.8,2686.5,2686.3,2686,2685.8,2685.6,2685.4,2685.1,2684.9,2684.7,2684.5,2684.2,2684,2683.8,2683.6,2683.4,2683.2,2683,2682.8,2682.5,2682.3,2682.1,2681.9,2681.7,2681.6,2681.4,2681.2,2681,2680.8,2680.6,2680.4,2680.3,2680.1,2679.9,2679.7,2679.6
2689.4,2689.1,2688.9,2688.7,2688.4,2688.2,2688,2687.7,2687.5,2687.3,2687,2686.8,2686.5,2686.3,2686.1,2685.8,2685.6,2685.3,2685.1,2684.8,2684.6,2684.3,2684.1,2683.8,2683.6,2683.3,2683.1,2682.9,2682.6,2682.4,2682.1,2681.9,2681.6,2681.4,2681.2,2680.9,2680.7,2680.5,2680.2,2680,2679.8,2679.5,2679.3,2679.1,2678.9,2678.7,2678.4,2678.2,2678,2677.8,2677.6,2677.4,2677.2,2677,2676.8,2676.5,2676.3,2676.1,2676,2675.8
2686.2,2686,2685.7,2685.5,2685.3,2685.1,2684.8,2684.6,2684.4,2684.1,2683.9,2683.7,2683.4,2683.2,2682.9,2682.7,2682.5,2682.2,2682,2681.7,2681.5,2681.2,2681,2680.7,2680.5,2680.2,2680,2679.7,2679.5,2679.2,2679,2678.7,2678.5,2678.2,2678,2677.7,2677.5,2677.3,2677,2676.8,2676.5,2676.3,2676,2675.8,2675.6,2675.3,2675.1,2674.8,2674.6,2674.4,2674.2,2673.9,2673.7,2673.5,2673.3,2673,2672.8,2672.6,2672.4,2672.2
2683,2682.8,2682.6,2682.3,2682.1,2681.9,2681.7,2681.4,2681.2,2681,2680.8,2680.5,2680.3,2680.1,2679.8,2679.6,2679.3,2679.1,2678.9,2678.6,2678.4,2678.1,2677.9,2677.6,2677.4,2677.1,2676.9,2676.6,2676.4,2676.1,2675.9,2675.6,2675.4,2675.1,2674.9,2674.6,2674.4,2674.1,2673.9,2673.6,2673.4,2673.1,2672.8,2672.6,2672.3,2672.1,2671.8,2671.6,2671.4,2671.1,2670.9,2670.6,2670.4,2670.1,2669.9,2669.7,2669.4,2669.2,2668.9,2668.7
2679.8,2679.6,2679.4,2679.1,2678.9,2678.7,2678.5,2678.3,2678,2677.8,2677.6,2677.4,2677.1,2676.9,2676.7,2676.4,2676.2,2676,2675.7,2675.5,2675.2,2675,2674.8,2674.5,2674.3,2674,2673.8,2673.5,2673.3,2673,2672.8,2672.5,2672.3,2672,2671.8,2671.5,2671.3,2671,2670.7,2670.5,2670.2,2670,2669.7,2669.5,2669.2,2668.9,2668.7,2668.4,2668.2,2667.9,2667.7,2667.4,2667.1,2666.9,2666.6,2666.4,2666.1,2665.9,2665.6,2665.4
2676.6,2676.3,2676.1,2675.9,2675.7,2675.5,2675.3,2675.1,2674.8,2674.6,2674.4,2674.2,2674,2673.7,2673.5,2673.3,2673,2672.8,2672.6,2672.3,2672.1,2671.9,2671.6,2671.4,2671.1,2670.9,2670.6,2670.4,2670.1,2669.9,2669.7,2669.4,2669.1,2668.9,2668.6,2668.4,2668.1,2667.9,2667.6,2667.4,2667.1,2666.8,2666.6,2666.3,2666.1,2665.8,2665.5,2665.3,2665,2664.8,2664.5,2664.2,2664,2663.7,2663.4,2663.2,2662.9,2662.7,2662.4,2662.1
2673.3,2673.1,2672.9,2672.7,2672.5,2672.3,2672.1,2671.9,2671.6,2671.4,2671.2,2671,2670.8,2670.5,2670.3,2670.1,2669.9,2669.6,2669.4,2669.2,2668.9,2668.7,2668.5,2668.2,2668,2667.7,2667.5,2667.2,2667,2666.8,2666.5,2666.3,2666,2665.8,2665.5,2665.2,2665,2664.7,2664.5,2664.2,2664,2663.7,2663.4,2663.2,2662.9,2662.7,2662.4,2662.1,2661.9,2661.6,2661.3,2661.1,2660.8,2660.5,2660.3,2660,2659.7,2659.5,2659.2,2658.9
2670.1,2669.9,2669.7,2669.5,2669.3,2669.1,2668.9,2668.6,2668.4,2668.2,2668,2667.8,2667.6,2667.3,2667.1,2666.9,2666.7,2666.4,2666.2,2666,2665.7,2665.5,2665.3,2665,2664.8,2664.5,2664.3,2664.1,2663.8,2663.6,2663.3,2663.1,2662.8,2662.6,2662.3,2662.1,2661.8,2661.6,2661.3,2661.1,2660.8,2660.5,2660.3,2660,2659.8,2659.5,2659.2,2659,2658.7,2658.4,2658.2,2657.9,2657.6,2657.4,2657.1,2656.8,2656.5,2656.3,2656,2655.7
2666.9,2666.7,2666.5,2666.3,2666.1,2665.8,2665.6,2665.4,2665.2,2665,2664.8,2664.6,2664.3,2664.1,2663.9,2663.7,2663.4,2663.2,2663,2662.8,2662.5,2662.3,2662.1,2661.8,2661.6,2661.3,2661.1,2660.9,2660.6,2660.4,2660.1,2659.9,2659.6,2659.4,2659.1,2658.9,2658.6,2658.4,2658.1,2657.9,2657.6,2657.3,2657.1,2656.8,2656.6,2656.3,2656,2655.8,2655.5,2655.2,2655,2654.7,2654.4,2654.2,2653.9,2653.6,2653.3,2653.1,2652.8,2652.5
2663.6,2663.4,2663.2,2663,2662.8,2662.6,2662.4,2662.2,2662,2661.8,2661.6,2661.3,2661.1,2660.9,2660.7,2660.5,2660.2,2660,2659.8,2659.5,2659.3,2659.1,2658.8,2658.6,2658.4,2658.1,2657.9,2657.6,2657.4,2657.2,2656.9,2656.7,2656.4,2656.2,2655.9,2655.7,2655.4,2655.2,2654.9,2654.6,2654.4,2654.1,2653.9,2653.6,2653.3,2653.1,2652.8,2652.5,2652.3,2652,2651.7,2651.5,2651.2,2650.9,2650.6,2650.4,2650.1,2651.7,2649.5,2649.3
2660.4,2660.2,2660,2659.8,2659.6,2659.4,2659.2,2659,2658.8,2658.5,2658.3,2658.1,2657.9,2657.7,2657.4,2657.2,2657,2656.8,2656.5,2656.3,2656.1,2655.8,2655.6,2655.4,2655.1,2654.9,2654.7,2654.4,2654.2,2653.9,2653.7,2653.4,2655.4,2655.1,2652.7,2652.4,2652.2,2651.9,2653.5,2651.4,2651.1,2650.9,2650.6,2650.3,2650.1,2649.8,2649.5,2650.7,2649,2648.7,2648.5,2648.2,2647.9,2648.8,2648.5,2648.2,2646.8,2647.5,2646.2,2646.8
2657.2,2657,2656.8,2656.6,2656.4,2656.2,2655.9,2655.7,2655.5,2655.3,2655.1,2654.9,2654.6,2654.4,2654.2,2654,2653.8,2653.5,2653.3,2653.1,2652.8,2652.6,2652.4,2654,2651.9,2651.6,2651.4,2651.2,2650.9,2650.7,2650.4,2651.6,2651.3,2651,2649.4,2649.1,2650.1,2648.6,2648.4,2649.2,2648.9,2647.6,2648.2,2647.1,2647.6,2646.5,2647,2646.6,2646.3,2646,2645.7,2645.3,2645,2644.7,2644.3,2643.8,2643.5,2643.3,2643,2642.7
2653.9,2653.7,2653.5,2653.3,2653.1,2652.9,2652.7,2652.5,2652.3,2652.1,2651.8,2651.6,2653,2652.8,2651,2652.2,2651.9,2650.3,2650,2649.8,2649.6,2650.5,2649.1,2648.9,2648.6,2649.4,2648.1,2648.8,2647.6,2648.2,2647.9,2646.9,2647.3,2646.4,2646.6,2645.9,2646,2645.3,2645.1,2645.1,2644.8,2644.3,2644.1,2643.8,2643.5,2643.2,2642.8,2642.5,2642.2,2642.1,2641.5,2641.2,2640.8,2640.5,2640.2,2639.8,2639.5,2639.1,2638.8,2638.4
2650.7,2650.5,2650.3,2651.4,2649.9,2649.7,2649.5,2649.2,2650.1,2648.8,2648.6,2648.4,2648.1,2647.9,2647.7,2647.5,2647.2,2647,2646.8,2646.5,2646.3,2646.1,2645.8,2645.6,2645.6,2645.1,2645,2644.6,2644.3,2644.1,2643.8,2643.6,2643.3,2643.1,2642.6,2642.5,2642.3,2641.6,2641.3,2641,2640.6,2640.3,2640,2639.7,2639.3,2639,2638.7,2638.3,2638,2637.7,2637.3,2637,2636.6,2636.3,2635.9,2635.6,2635.2,2634.9,2634.5,2634.2
2647.5,2647.3,2647.1,2646.8,2647.2,2646.4,2646.2,2646,2645.8,2645.5,2645.6,2645.3,2645,2644.6,2644.4,2644.2,2643.9,2643.7,2643.3,2643,2642.8,2642.7,2642.2,2641.9,2641.6,2641.3,2641,2640.6,2640.3,2640,2639.7,2639.4,2639.1,2638.8,2638.4,2638.1,2637.8,2637.5,2637.2,2636.8,2636.5,2636.2,2635.8,2635.5,2635.2,2634.8,2634.5,2634.1,2633.8,2633.4,2633.1,2632.7,2632.4,2632,2631.7,2631.3,2631,2630.6,2630.2,2629.9
2644.2,2644,2643.7,2643.5,2643.2,2642.9,2642.7,2642.4,2642.1,2642.3,2641.6,2641.3,2641,2640.7,2640.4,2640.2,2639.9,2640.4,2640.2,2639,2638.7,2639.4,2638.1,2637.8,2637.5,2637.2,2636.9,2636.5,2636.2,2635.9,2635.6,2635.3,2635,2634.6,2634.3,2634,2633.6,2633.3,2633,2632.6,2632.3,2632,2631.6,2631.3,2630.9,2630.6,2630.2,2629.9,2629.5,2629.2,2628.8,2628.4,2628.1,2627.7,2627.4,2627,2626.6,2626.2,2625.9,2625.5
2640.3,2640.7,2640.5,2639.5,2640.1,2638.9,2638.7,2638.4,2639.2,2637.8,2637.5,2637.2,2637,2636.7,2636.4,2636.1,2637.3,2635.5,2635.2,2634.9,2634.6,2634.3,2634,2633.7,2633.3,2633,2632.7,2632.4,2632.1,2631.8,2631.4,2631.1,2630.8,2630.4,2630.1,2629.8,2629.4,2629.1,2628.7,2628.4,2628.1,2627.7,2627.4,2627,2626.6,2626.3,2625.9,2625.6,2625.2,2624.8,2624.5,2624.1,2623.7,2623.3,2623,2622.6,2622.2,2621.8,2621.4,2621
2636.3,2636,2635.8,2635.5,2635.2,2634.9,2636.3,2634.3,2634,2633.8,2633.5,2633.2,2632.9,2632.6,2632.3,2632,2631.7,2631.4,2631.1,2630.8,2630.4,2630.1,2629.8,2629.5,2629.2,2628.9,2628.5,2628.2,2627.9,2627.5,2627.2,2626.9,2626.5,2626.2,2625.9,2625.5,2625.2,2624.8,2624.5,2624.1,2623.7,2623.4,2623,2622.7,2622.3,2621.9,2621.6,2621.2,2620.8,2620.4,2620,2619.7,2619.3,2618.9,2618.5,2618.1,2617.7,2617.3,2616.9,2616.5
2632.3,2632,2631.7,2631.4,2631.1,2630.9,2630.6,2630.3,2630,2629.7,2629.4,2629.1,2628.7,2628.4,2628.1,2627.8,2627.5,2627.2,2626.9,2626.6,2626.3,2625.9,2625.6,2625.3,2625,2624.6,2624.3,2624,2623.6,2623.3,2622.9,2622.6,2622.2,2621.9,2621.5,2621.2,2620.8,2620.5,2620.1,2619.7,2619.4,2619,2618.6,2618.2,2617.9,2617.5,2617.1,2616.7,2616.3,2615.9,2615.5,2615.1,2614.7,2614.3,2613.9,2613.5,2613.1,2612.7,2612.3,2611.9
2628.3,2628,2627.7,2627.4,2627.1,2626.8,2626.5,2626.1,2625.8,2625.5,2625.2,2624.9,2624.6,2624.3,2623.9,2623.6,2623.3,2623,2622.7,2622.3,2622,2621.7,2621.3,2621,2620.7,2620.3,2620,2619.6,2619.3,2618.9,2618.6,2618.2,2617.9,2617.5,2617.1,2616.8,2616.4,2616,2615.6,2615.3,2614.9,2614.5,2614.1,2613.7,2613.3,2612.9,2612.5,2612.1,2611.7,2611.3,2610.9,2610.5,2610.1,2609.7,2609.2,2608.8,2608.4,2607.9,2607.5,2607.1
2624.3,2624,2623.6,2623.3,2623,2622.6,2622.3,2622,2621.7,2621.3,2621,2620.7,2620.4,2620,2619.7,2619.4,2619,2618.7,2618.3,2618,2617.7,2617.3,2617,2616.6,2616.3,2615.9,2615.6,2615.2,2614.9,2614.5,2614.1,2613.8,2613.4,2613,2612.6,2612.2,2611.9,2611.5,2611.1,2610.7,2610.3,2609.9,2609.5,2609.1,2608.7,2608.2,2607.8,2607.4,2607,2606.6,2606.1,2605.7,2605.3,2604.8,2604.4,2603.9,2603.5,2603,2602.5,2602.1
2620.2,2619.8,2619.5,2619.2,2618.8,2618.5,2618.1,2617.8,2617.4,2617.1,2616.8,2616.4,2616.1,2615.7,2615.4,2615,2614.7,2614.3,2614,2613.6,2613.2,2612.9,2612.5,2612.2,2611.8,2611.4,2611.1,2610.7,2610.3,2609.9,2609.5,2609.2,2608.8,2608.4,2608,2607.6,2607.2,2606.8,2606.4,2606,2605.5,2605.1,2604.7,2604.3,2603.8,2603.4,2603,2602.5,2602.1,2601.6,2601.2,2600.7,2600.2,2599.8,2599.3,2598.8,2598.3,2597.8,2597.4,2596.9
2616,2615.7,2615.3,2615,2614.6,2614.2,2613.9,2613.5,2613.1,2612.8,2612.4,2612.1,2611.7,2611.3,2611,2610.6,2610.2,2609.8,2609.5,2609.1,2608.7,2608.3,2608,2607.6,2607.2,2606.8,2606.4,2606,2605.6,2605.2,2604.8,2604.4,2604,2603.6,2603.2,2602.8,2602.3,2601.9,2601.5,2601,2600.6,2600.2,2599.7,2599.3,2598.8,2598.3,2597.9,2597.4,2596.9,2596.4,2595.9,2595.5,2595,2594.5,2593.9,2593.4,2592.9,2592.4,2591.8,2591.3
2611.8,2611.4,2611,2610.6,2610.3,2609.9,2609.5,2609.1,2608.8,2608.4,2608,2607.6,2607.2,2606.8,2606.4,2606,2605.6,2605.2,2604.8,2604.4,2604,2603.6,2603.2,2602.8,2602.4,2602,2601.6,2601.2,2600.8,2600.3,2599.9,2599.5,2599,2598.6,2598.2,2597.7,2597.3,2596.8,2596.4,2595.9,2595.4,2594.9,2594.5,2594,2593.5,2593,2592.5,2592,2591.4,2590.9,2590.4,2589.9,2589.3,2588.8,2588.2,2587.6,2587.1,2586.5,2585.9,2585.3
2607.4,2607,2606.6,2606.2,2605.8,2605.4,2605,2604.6,2604.2,2603.8,2603.4,2603,2602.6,2602.2,2601.7,2601.3,2600.9,2600.5,2600.1,2599.6,2599.2,2598.8,2598.3,2597.9,2597.5,2597,2596.6,2596.1,2595.7,2595.2,2594.8,2594.3,2593.8,2593.3,2592.9,2592.4,2591.9,2591.4,2590.9,2590.4,2589.9,2589.4,2588.8,2588.3,2587.8,2587.2,2586.7,2586.1,2585.5,2584.9,2584.3,2583.7,2583.1,2582.5,2581.9,2581.2,2580.6,2579.9,2579.2,2578.5
2602.8,2602.4,2602,2601.6,2601.2,2600.8,2600.3,2599.9,2599.5,2599.1,2598.6,2598.2,2597.8,2597.3,2596.9,2596.4,2596,2595.5,2595,2594.6,2594.1,2593.6,2593.2,2592.7,2592.2,2591.7,2591.2,2590.8,2590.3,2589.8,2589.2,2588.7,2588.2,2587.7,2587.2,2586.6,2586.1,2585.5,2585,2584.4,2583.8,2583.3,2582.7,2582.1,2581.5,2580.8,2580.2,2579.5,2578.9,2578.2,2577.5,2576.8,2576.1,2575.3,2574.6,2573.8,2573,2572.1,2571.3,2570.4
2598,2597.6,2597.2,2596.7,2596.3,2595.9,2595.4,2595,2594.5,2594.1,2593.6,2593.1,2592.7,2592.2,2591.7,2591.2,2590.7,2590.2,2589.7,2589.2,2588.7,2588.2,2587.6,2587.1,2586.6,2586,2585.5,2584.9,2584.4,2583.8,2583.3,2582.7,2582.1,2581.5,2580.9,2580.3,2579.6,2579,2578.3,2577.7,2577,2576.3,2575.6,2574.9,2574.1,2573.4,2572.6,2571.8,2570.9,2570,2569.1,2568.2,2567.2,2566.1,2565,2563.8,2562.5,2561.1,2559.5,2557.5
2592.9,2592.5,2592,2591.6,2591.1,2590.6,2590.2,2589.7,2589.2,2588.7,2588.2,2587.7,2587.2,2586.6,2586.1,2585.6,2585,2584.4,2583.9,2583.3,2582.7,2582.1,2581.6,2580.9,2580.3,2579.7,2579.1,2578.4,2577.8,2577.1,2576.4,2575.7,2575,2574.3,2573.5,2572.8,2572,2571.2,2570.3,2569.5,2568.6,2567.6,2566.6,2565.6,2564.5,2563.2,2561.9,2560.5,2558.8,2556.8,2553.7,2217.2,2217.2,2217.2,2217.2,2217.2,2217.2,2217.2,2217.2,2217.2
2587.4,2586.9,2586.4,2585.9,2585.4,2584.9,2584.4,2583.8,2583.3,2582.7,2582.2,2581.6,2581,2580.4,2579.8,2579.2,2578.6,2577.9,2577.3,2576.6,2575.9,2575.2,2574.5,2573.7,2573,2572.2,2571.4,2570.6,2569.7,2568.8,2567.9,2566.9,2565.9,2564.8,2563.6,2562.4,2561,2559.4,2557.5,2555,2217.2,2217.2,2217.2,2217.2,2217.2,2217.2,2217.2,2217.2,2217.2,2217.2,2217.2,2217.2,2217.2,2217.2,2217.2,2217.2,2217.2,2217.2,2217.2,2217.2
2581.2,2580.7,2580.1,2579.5,2578.9,2578.3,2577.7,2577.1,2576.5,2575.8,2575.1,2574.4,2573.7,2573,2572.2,2571.5,2570.6,2569.8,2568.9,2568,2567.1,2566,2565,2563.8,2562.6,2561.2,2559.6,2557.7,2554.9,2217.2,2217.2,2217.2,2217.2,2217.2,2217.2,2217.2,2217.2,2217.2,2217.2,2217.2,2217.2,2217.2,2217.2,2217.2,2217.2,2217.2,2217.2,2217.2,2217.2,2217.2,2217.2,2217.2,2217.2,2217.2,2217.2,2217.2,2217.2,2217.2,2217.2,2217.2
2573.9,2573.2,2572.5,2571.7,2571,2570.2,2569.3,2568.5,2567.6,2566.6,2565.6,2564.5,2563.3,2562,2560.6,2558.8,2556.3,2217.2,2217.2,2217.2,2217.2,2217.2,2217.2,2217.2,2217.2,2217.2,2217.2,2217.2,2217.2,2217.2,2217.2,2217.2,2217.2,2217.2,2217.2,2217.2,2217.2,2217.2,2217.2,2217.2,2217.2,2217.2,2217.2,2217.2,2217.2,2217.2,2217.2,2217.2,2217.2,2217.2,2217.2,2217.2,2217.2,2217.2,2217.2,2217.2,2217.2,2217.2,2217.2,2217.2
2563.4,2562,2560.4,2558.5,2555.4,2217.2,2217.2,2217.2,2217.2,2217.2,2217.2,2217.2,2217.2,2217.2,2217.2,2217.2,2217.2,2217.2,2217.2,2217.2,2217.2,2217.2,2217.2,2217.2,2217.2,2217.2,2217.2,2217.2,2217.2,2217.2,2217.2,2217.2,2217.2,2217.2,2217.2,2217.2,2217.2,2217.2,2217.2,2217.2,2217.2,2217.2,2217.2,2217.2,2217.2,2217.2,2217.2,2217.2,2217.2,2217.2,2217.2,2217.2,2217.2,2217.2,2217.2,2217.2,2217.2,2217.2,2217.2,2217.2
2217.2,2217.2,2217.2,2217.2,2217.2,2217.2,2217.2,2217.2,2217.2,2217.2,2217.2,2217.2,2217.2,2217.2,2217.2,2217.2,2217.2,2217.2,2217.2,2217.2,2217.2,2217.2,2217.2,2217.2,2217.2,2217.2,2217.2,2217.2,2217.2,2217.2,2217.2,2217.2,2217.2,2217.2,2217.2,2217.2,2217.2,2217.2,2217.2,2217.2,2217.2,2217.2,2217.2,2217.2,2217.2,2217.2,2217.2,2217.2,2217.2,2217.2,2217.2,2217.2,2217.2,2217.2,2217.2,2217.2,2217.2,2217.2,2217.2,2217.2
2217.2,2217.2,2217.2,2217.2,2217.2,2217.2,2217.2,2217.2,2217.2,2217.2,2217.2,2217.2,2217.2,2217.2,2217.2,2217.2,2217.2,2217.2,2217.2,2217.2,2217.2,2217.2,2217.2,2217.2,2217.2,2217.2,2217.2,2217.2,2217.2,2217.2,2217.2,2217.2,2217.2,2217.2,2217.2,2217.2,2217.2,2217.2,2217.2,2217.2,2217.2,2217.2,2217.2,2217.2,2217.2,2217.2,2217.2,2217.2,2217.2,2217.2,2217.2,2217.2,2217.2,2217.2,2217.2,2217.2,2217.2,2217.2,2217.2,2217.2
2217.2,2217.2,2217.2,2217.2,2217.2,2217.2,2217.2,2217.2,2217.2,2217.2,2217.2,2217.2,2217.2,2217.2,2217.2,2217.2,2217.2,2217.2,2217.2,2217.2,2217.2,2217.2,2217.2,2217.2,2217.2,2217.2,2217.2,2217.2,2217.2,2217.2,2217.2,2217.2,2217.2,2217.2,2217.2,2217.2,2217.2,2217.2,2217.2,2217.2,2217.2,2217.2,2217.2,2217.2,2217.2,2217.2,2217.2,2217.2,2217.2,2217.2,2217.2,2217.2,2217.2,2217.2,2217.2,2217.2,2217.2,2217.2,2217.2,2217.2
2217.2,2217.2,2217.2,2217.2,2217.2,2217.2,2217.2,2217.2,2217.2,2217.2,2217.2,2217.2,2217.2,2217.2,2217.2,2217.2,2217.2,2217.2,2217.2,2217.2,2217.2,2217.2,2217.2,2217.2,2217.2,2217.2,2217.2,2217.2,2217.2,2217.2,2217.2,2217.2,2217.2,2217.2,2217.2,2217.2,2217.2,2217.2,2217.2,2217.2,2217.2,2217.2,2217.2,2217.2,2217.2,2217.2,2217.2,2217.2,2217.2,2217.2,2217.2,2217.2,2217.2,2217.2,2217.2,2217.2,2217.2,2217.2,2217.2,2217.2
2217.2,2217.2,2217.2,2217.2,2217.2,2217.2,2217.2,2217.2,2217.2,2217.2,2217.2,2217.2,2217.2,2217.2,2217.2,2217.2,2217.2,2217.2,2217.2,2217.2,2217.2,2217.2,2217.2,2217.2,2217.2,2217.2,2217.2,2217.2,2217.2,2217.2,2217.2,2217.2,2217.2,2217.2,2217.2,2217.2,2217.2,2217.2,2217.2,2217.2,2217.2,2217.2,2217.2,2217.2,2217.2,2217.2,2217.2,2217.2,2217.2,2217.2,2217.2,2217.2,2217.2,2217.2,2217.2,2217.2,2217.2,2217.2,2217.2,2217.2
2217.2,2217.2,2217.2,2217.2,2217.2,2217.2,2217.2,2217.2,2217.2,2217.2,2217.2,2217.2,2217.2,2217.2,2217.2,2217.2,2217.2,2217.2,2217.2,2217.2,2217.2,2217.2,2217.2,2217.2,2217.2,2217.2,2217.2,2217.2,2217.2,2217.2,2217.2,2217.2,2217.2,2217.2,2217.2,2217.2,2217.2,2217.2,2217.2,2217.2,2217.2,2217.2,2217.2,2217.2,2217.2,2217.2,2217.2,2217.2,2217.2,2217.2,2217.2,2217.2,2217.2,2217.2,2217.2,2217.2,2217.2,2217.2,2217.2,2217.2
2217.2,2217.2,2217.2,2217.2,2217.2,2217.2,2217.2,2217.2,2217.2,2217.2,2217.2,2217.2,2217.2,2217.2,2217.2,2217.2,2217.2,2217.2,2217.2,2217.2,2217.2,2217.2,2217.2,2217.2,2217.2,2217.2,2217.2,2217.2,2217.2,2217.2,2217.2,2217.2,2217.2,2217.2,2217.2,2217.2,2217.2,2217.2,2217.2,2217.2,2217.2,2217.2,2217.2,2217.2,2217.2,2217.2,2217.2,2217.2,2217.2,2217.2,2217.2,2217.2,2217.2,2217.2,2217.2,2217.2,2217.2,2217.2,2217.2,2217.2
2217.2,2217.2,2217.2,2217.2,2217.2,2217.2,2217.2,2217.2,2217.2,2217.2,2217.2,2217.2,2217.2,2217.2,2217.2,2217.2,2217.2,2217.2,2217.2,2217.2,2217.2,2217.2,2217.2,2217.2,2217.2,2217.2,2217.2,2217.2,2217.2,2217.2,2217.2,2217.2,2217.2,2217.2,2217.2,2217.2,2217.2,2217.2,2217.2,2217.2,2217.2,2217.2,2217.2,2217.2,2217.2,2217.2,2217.2,2217.2,2217.2,2217.2,2217.2,2217.2,2217.2,2217.2,2217.2,2217.2,2217.2,2217.2,2217.2,2217.2
2217.2,2217.2,2217.2,2217.2,2217.2,2217.2,2217.2,2217.2,2217.2,2217.2,2217.2,2217.2,2217.2,2217.2,2217.2,2217.2,2217.2,2217.2,2217.2,2217.2,2217.2,2217.2,2217.2,2217.2,2217.2,2217.2,2217.2,2217.2,2217.2,2217.2,2217.2,2217.2,2217.2,2217.2,2217.2,2217.2,2217.2,2217.2,2217.2,2217.2,2217.2,2217.2,2217.2,2217.2,2217.2,2217.2,2217.2,2217.2,2217.2,2217.2,2217.2,2217.2,2217.2,2217.2,2217.2,2217.2,2217.2,2217.2,2217.2,2217.2
2217.2,2217.2,2217.2,2217.2,2217.2,2217.2,2217.2,2217.2,2217.2,2217.2,2217.2,2217.2,2217.2,2217.2,2217.2,2217.2,2217.2,2217.2,2217.2,2217.2,2217.2,2217.2,2217.2,2217.2,2217.2,2217.2,2217.2,2217.2,2217.2,2217.2,2217.2,2217.2,2217.2,2217.2,2217.2,2217.2,2217.2,2217.2,2217.2,2217.2,2217.2,2217.2,2217.2,2217.2,2217.2,2217.2,2217.2,2217.2,2217.2,2217.2,2217.2,2217.2,2217.2,2217.2,2217.2,2217.2,2217.2,2217.2,2217.2,2217.2
2217.2,2217.2,2217.2,2217.2,2217.2,2217.2,2217.2,2217.2,2217.2,2217.2,2217.2,2217.2,2217.2,2217.2,2217.2,2217.2,2217.2,2217.2,2217.2,2217.2,2217.2,2217.2,2217.2,2217.2,2217.2,2217.2,2217.2,2217.2,2217.2,2217.2,2217.2,2217.2,2217.2,2217.2,2217.2,2217.2,2217.2,2217.2,2217.2,2217.2,2217.2,2217.2,2217.2,2217.2,2217.2,2217.2,2217.2,2217.2,2217.2,2217.2,2217.2,2217.2,2217.2,2217.2,2217.2,2217.2,2217.2,2217.2,2217.2,2217.2
2217.2,2217.2,2217.2,2217.2,2217.2,2217.2,2217.2,2217.2,2217.2,2217.2,2217.2,2217.2,2217.2,2217.2,2217.2,2217.2,2217.2,2217.2,2217.2,2217.2,2217.2,2217.2,2217.2,2217.2,2217.2,2217.2,2217.2,2217.2,2217.2,2217.2,2217.2,2217.2,2217.2,2217.2,2217.2,2217.2,2217.2,2217.2,2217.2,2217.2,2217.2,2217.2,2217.2,2217.2,2217.2,2217.2,2217.2,2217.2,2217.2,2217.2,2217.2,2217.2,2217.2,2217.2,2217.2,2217.2,2217.2,2217.2,2217.2,2217.2
2217.2,2217.2,2217.2,2217.2,2217.2,2217.2,2217.2,2217.2,2217.2,2217.2,2217.2,2217.2,2217.2,2217.2,2217.2,2217.2,2217.2,2217.2,2217.2,2217.2,2217.2,2217.2,2217.2,2217.2,2217.2,2217.2,2217.2,2217.2,2217.2,2217.2,2217.2,2217.2,2217.2,2217.2,2217.2,2217.2,2217.2,2217.2,2217.2,2217.2,2217.2,2217.2,2217.2,2217.2,2217.2,2217.2,2217.2,2217.2,2217.2,2217.2,2217.2,2217.2,2217.2,2217.2,2217.2,2217.2,2217.2,2217.2,2217.2,2217.2
2217.2,2217.2,2217.2,2217.2,2217.2,2217.2,2217.2,2217.2,2217.2,2217.2,2217.2,2217.2,2217.2,2217.2,2217.2,2217.2,2217.2,2217.2,2217.2,2217.2,2217.2,2217.2,2217.2,2217.2,2217.2,2217.2,2217.2,2217.2,2217.2,2217.2,2217.2,2217.2,2217.2,2217.2,2217.2,2217.2,2217.2,2217.2,2217.2,2217.2,2217.2,2217.2,2217.2,2217.2,2217.2,2217.2,2217.2,2217.2,2217.2,2217.2,2217.2,2217.2,2217.2,2217.2,2217.2,2217.2,2217.2,2217.2,2217.2,2217.2
2217.2,2217.2,2217.2,2217.2,2217.2,2217.2,2217.2,2217.2,2217.2,2217.2,2217.2,2217.2,2217.2,2217.2,2217.2,2217.2,2217.2,2217.2,2217.2,2217.2,2217.2,2217.2,2217.2,2217.2,2217.2,2217.2,2217.2,2217.2,2217.2,2217.2,2217.2,2217.2,2217.2,2217.2,2217.2,2217.2,2217.2,2217.2,2217.2,2217.2,2217.2,2217.2,2217.2,2217.2,2217.2,2217.2,2217.2,2217.2,2217.2,2217.2,2217.2,2217.2,2217.2,2217.2,2217.2,2217.2,2217.2,2217.2,2217.2,2217.2
2217.2,2217.2,2217.2,2217.2,2217.2,2217.2,2217.2,2217.2,2217.2,2217.2,2217.2,2217.2,2217.2,2217.2,2217.2,2217.2,2217.2,2217.2,2217.2,2217.2,2217.2,2217.2,2217.2,2217.2,2217.2,2217.2,2217.2,2217.2,2217.2,2217.2,2217.2,2217.2,2217.2,2217.2,2217.2,2217.2,2217.2,2217.2,2217.2,2217.2,2217.2,2217.2,2217.2,2217.2,2217.2,2217.2,2217.2,2217.2,2217.2,2217.2,2217.2,2217.2,2217.2,2217.2,2217.2,2217.2,2217.2,2217.2,2217.2,2217.2
2217.2,2217.2,2217.2,2217.2,2217.2,2217.2,2217.2,2217.2,2217.2,2217.2,2217.2,2217.2,2217.2,2217.2,2217.2,2217.2,2217.2,2217.2,2217.2,2217.2,2217.2,2217.2,2217.2,2217.2,2217.2,2217.2,2217.2,2217.2,2217.2,2217.2,2217.2,2217.2,2217.2,2217.2,2217.2,2217.2,2217.2,2217.2,2217.2,2217.2,2217.2,2217.2,2217.2,2217.2,2217.2,2217.2,2217.2,2217.2,2217.2,2217.2,2217.2,2217.2,2217.2,2217.2,2217.2,2217.2,2217.2,2217.2,2217.2,2217.2
2217.2,2217.2,2217.2,2217.2,2217.2,2217.2,2217.2,2217.2,2217.2,2217.2,2217.2,2217.2,2217.2,2217.2,2217.2,2217.2,2217.2,2217.2,2217.2,2217.2,2217.2,2217.2,2217.2,2217.2,2217.2,2217.2,2217.2,2217.2,2217.2,2217.2,2217.2,2217.2,2217.2,2217.2,2217.2,2217.2,2217.2,2217.2,2217.2,2217.2,2217.2,2217.2,2217.2,2217.2,2217.2,2217.2,2217.2,2217.2,2217.2,2217.2,2217.2,2217.2,2217.2,2217.2,2217.2,2217.2,2217.2,2217.2,2217.2,2217.2
