-10,-9.322,-8.6441,-7.9661,-7.2881,-6.6102,-5.9322,-5.2542,-4.5763,-3.8983,-3.2203,-2.5424,-1.8644,-1.1864,-0.50847,0.16949,0.84746,1.5254,2.2034,2.8814,3.5593,4.2373,4.9153,5.5932,6.2712,6.9492,7.6271,8.3051,8.9831,9.661,10.339,11.017,11.695,12.373,13.051,13.729,14.407,15.085,15.763,16.441,17.119,17.797,18.475,19.153,19.831,20.508,21.186,21.864,22.542,23.22,23.898,24.576,25.254,25.932,26.61,27.288,27.966,28.644,29.322,30
0,0.00042373,0.00084746,0.0012712,0.0016949,0.0021186,0.0025424,0.0029661,0.0033898,0.0038136,0.0042373,0.004661,0.0050847,0.0055085,0.0059322,0.0063559,0.0067797,0.0072034,0.0076271,0.0080508,0.0084746,0.0088983,0.009322,0.0097458,0.010169,0.010593,0.011017,0.011441,0.011864,0.012288,0.012712,0.013136,0.013559,0.013983,0.014407,0.014831,0.015254,0.015678,0.016102,0.016525,0.016949,0.017373,0.017797,0.01822,0.018644,0.019068,0.019492,0.019915,0.020339,0.020763,0.021186,0.02161,0.022034,0.022458,0.022881,0.023305,0.023729,0.024153,0.024576,0.025
253.46,252.9,252.34,251.78,251.22,250.66,250.1,249.54,248.98,248.42,247.85,247.29,246.73,246.16,245.6,245.03,244.47,243.9,243.33,242.77,242.2,241.63,241.06,240.49,239.92,239.35,238.78,238.21,237.64,237.07,236.49,235.92,235.35,234.77,234.2,233.62,233.05,232.47,231.89,231.32,230.74,230.16,229.58,229,228.42,227.84,227.26,226.68,226.1,225.51,224.93,224.35,223.76,223.18,222.6,222.01,221.43,220.84,220.25,219.67
257.96,257.41,256.85,256.29,255.73,255.17,254.62,254.06,253.5,252.94,252.37,251.81,251.25,250.69,250.12,249.56,249,248.43,247.87,247.3,246.73,246.17,245.6,245.03,244.46,243.9,243.33,242.76,242.19,241.62,241.05,240.47,239.9,239.33,238.76,238.18,237.61,237.03,236.46,235.88,235.31,234.73,234.15,233.57,233,232.42,231.84,231.26,230.68,230.1,229.52,228.94,228.35,227.77,227.19,226.61,226.02,225.44,224.85,224.27
262.39,261.83,261.28,260.72,260.17,259.61,259.06,258.5,257.94,257.38,256.83,256.27,255.71,255.15,254.59,254.03,253.46,252.9,252.34,251.78,251.21,250.65,250.09,249.52,248.96,248.39,247.82,247.26,246.69,246.12,245.55,244.98,244.42,243.85,243.28,242.7,242.13,241.56,240.99,240.42,239.84,239.27,238.7,238.12,237.55,236.97,236.4,235.82,235.24,234.67,234.09,233.51,232.93,232.35,231.77,231.19,230.61,230.03,229.45,228.87
220.29,219.57,218.84,218.14,217.37,216.59,215.83,215.12,214.38,213.64,212.89,212.12,211.35,210.57,209.8,209.02,208.25,207.47,206.69,205.91,205.14,204.36,203.57,188.44,187.86,187.28,186.71,186.14,185.57,185,184.44,183.88,183.33,182.78,182.24,181.7,181.16,180.63,180.11,179.6,179.09,178.59,178.09,177.61,177.13,176.67,176.21,175.76,175.32,174.89,174.47,174.07,173.67,173.3,172.94,172.59,172.26,171.95,171.67,171.4
212.86,196.9,211.32,210.55,195.1,194.5,193.91,193.32,192.74,192.15,191.57,190.99,190.41,189.84,189.28,188.72,188.17,187.62,187.07,186.54,186,185.48,184.96,184.44,183.94,183.45,182.96,182.49,182.02,181.56,181.12,180.68,180.26,179.86,179.46,179.09,178.72,178.38,178.06,177.75,177.47,177.21,176.98,176.78,176.6,176.47,176.37,176.31,176.31,176.37,176.5,176.72,177.05,177.54,178.27,179.49,182.51,261.53,261.01,260.49
193.75,193.18,192.61,192.06,191.51,190.96,190.42,189.89,189.37,188.85,188.34,187.84,187.35,186.86,186.39,185.93,185.49,185.05,184.63,184.22,183.82,183.45,183.08,182.74,182.42,182.12,181.84,181.59,181.36,181.17,181.01,180.89,180.8,180.77,180.78,180.87,181.03,181.3,181.68,182.24,183.09,184.51,266.13,265.61,265.08,264.55,264.03,263.5,262.97,262.44,261.92,261.39,260.86,260.33,259.8,259.27,258.74,258.21,257.68,257.15
191.17,190.68,190.19,189.72,189.26,188.81,188.37,187.95,187.54,187.15,186.77,186.41,186.07,185.76,185.46,185.19,184.94,184.72,184.54,184.39,184.28,184.22,184.21,184.24,184.35,184.55,184.86,185.31,185.94,186.92,188.68,269.23,268.7,268.16,267.63,267.1,266.56,266.03,265.5,264.96,264.43,263.89,263.36,262.82,262.29,261.75,261.21,260.68,260.14,259.6,259.06,258.53,257.99,257.45,256.91,256.37,255.83,255.29,254.75,254.21
189.82,189.44,189.08,188.74,188.42,188.13,187.86,187.61,187.4,187.22,187.07,186.97,186.91,186.9,186.95,187.07,187.29,187.62,188.09,188.76,189.81,191.71,271.73,271.2,270.66,270.12,269.58,269.05,268.51,267.97,267.43,266.89,266.35,265.81,265.27,264.72,264.18,263.64,263.1,262.56,262.01,261.47,260.92,260.38,259.84,259.29,258.75,258.2,257.65,257.11,256.56,256.01,255.47,254.92,254.37,253.82,253.27,252.72,252.18,251.63
189.67,189.47,189.3,189.18,189.09,189.05,189.07,189.16,189.32,189.57,189.96,190.53,191.34,192.64,196.08,273.55,273.01,272.47,271.93,271.39,270.84,270.3,269.76,269.21,268.67,268.12,267.58,267.03,266.49,265.94,265.39,264.84,264.3,263.75,263.2,262.65,262.1,261.55,261,260.45,259.9,259.35,258.8,258.25,257.69,257.14,256.59,256.03,255.48,254.93,254.37,253.82,253.26,252.71,252.15,251.59,251.04,250.48,249.92,249.36
190.82,190.91,191.09,191.37,191.77,192.35,193.24,194.63,275.69,275.15,274.6,274.06,273.51,272.97,272.42,271.87,271.33,270.78,270.23,269.68,269.13,268.58,268.03,267.48,266.93,266.38,265.83,265.28,264.73,264.17,263.62,263.07,262.51,261.96,261.4,260.85,260.29,259.73,259.18,258.62,258.06,257.5,256.94,256.39,255.83,255.27,254.71,254.15,253.58,253.02,252.46,251.9,251.34,250.77,250.21,249.65,249.08,248.52,247.95,247.39
193.85,194.77,196.22,277.01,276.47,275.92,275.37,274.82,274.27,273.72,273.17,272.62,272.07,271.52,270.97,270.42,269.86,269.31,268.76,268.2,267.65,267.09,266.54,265.98,265.43,264.87,264.31,263.75,263.2,262.64,262.08,261.52,260.96,260.4,259.84,259.28,258.71,258.15,257.59,257.02,256.46,255.9,255.33,254.77,254.2,253.64,253.07,252.5,251.93,251.37,250.8,250.23,249.66,249.09,248.52,247.95,247.38,246.81,246.24,245.66
277.46,276.91,276.36,275.81,275.25,274.7,274.15,273.6,273.04,272.49,271.93,271.38,270.82,270.27,269.71,269.15,268.6,268.04,267.48,266.92,266.36,265.8,265.24,264.68,264.12,263.56,263,262.43,261.87,261.31,260.74,260.18,259.61,259.05,258.48,257.91,257.35,256.78,256.21,255.64,255.07,254.5,253.93,253.36,252.79,252.22,251.65,251.07,250.5,249.93,249.35,248.78,248.21,247.63,247.05,246.48,245.9,245.32,244.75,244.17
276.43,275.87,275.32,274.76,274.21,273.65,273.09,272.54,271.98,271.42,270.86,270.3,269.74,269.18,268.62,268.06,267.5,266.94,266.38,265.81,265.25,264.69,264.12,263.56,262.99,262.42,261.86,261.29,260.72,260.15,259.58,259.02,258.45,257.88,257.3,256.73,256.16,255.59,255.02,254.44,253.87,253.29,252.72,252.14,251.57,250.99,250.42,249.84,249.26,248.68,248.1,247.52,246.94,246.36,245.78,245.2,244.62,244.04,243.45,242.87
275.53,274.98,274.42,273.86,273.3,272.74,272.18,271.62,271.06,270.5,269.94,269.38,268.81,268.25,267.68,267.12,266.55,265.99,265.42,264.86,264.29,263.72,263.15,262.58,262.01,261.44,260.87,260.3,259.73,259.16,258.58,258.01,257.44,256.86,256.29,255.71,255.14,254.56,253.98,253.41,252.83,252.25,251.67,251.09,250.51,249.93,249.35,248.77,248.19,247.6,247.02,246.44,245.85,245.27,244.68,244.09,243.51,242.92,242.33,241.75
274.77,274.21,273.65,273.08,272.52,271.96,271.4,270.83,270.27,269.7,269.14,268.57,268.01,267.44,266.87,266.31,265.74,265.17,264.6,264.03,263.46,262.89,262.31,261.74,261.17,260.6,260.02,259.45,258.87,258.3,257.72,257.14,256.57,255.99,255.41,254.83,254.25,253.67,253.09,252.51,251.93,251.35,250.76,250.18,249.6,249.01,248.43,247.84,247.26,246.67,246.08,245.5,244.91,244.32,243.73,243.14,242.55,241.96,241.37,240.77
274.11,273.54,272.98,272.42,271.85,271.29,270.72,270.15,269.59,269.02,268.45,267.88,267.31,266.75,266.18,265.6,265.03,264.46,263.89,263.32,262.74,262.17,261.59,261.02,260.44,259.87,259.29,258.71,258.13,257.56,256.98,256.4,255.82,255.24,254.66,254.07,253.49,252.91,252.32,251.74,251.15,250.57,249.98,249.4,248.81,248.22,247.63,247.05,246.46,245.87,245.28,244.68,244.09,243.5,242.91,242.31,241.72,241.13,240.53,239.94
273.54,272.97,272.41,271.84,271.27,270.71,270.14,269.57,269,268.43,267.86,267.29,266.72,266.15,265.57,265,264.43,263.85,263.28,262.7,262.13,261.55,260.97,260.4,259.82,259.24,258.66,258.08,257.5,256.92,256.34,255.75,255.17,254.59,254,253.42,252.83,252.25,251.66,251.07,250.49,249.9,249.31,248.72,248.13,247.54,246.95,246.36,245.77,245.17,244.58,243.99,243.39,242.8,242.2,241.6,241.01,240.41,239.81,239.21
273.05,272.48,271.91,271.34,270.78,270.21,269.64,269.07,268.5,267.92,267.35,266.78,266.21,265.63,265.06,264.48,263.91,263.33,262.75,262.18,261.6,261.02,260.44,259.86,259.28,258.7,258.12,257.53,256.95,256.37,255.78,255.2,254.61,254.03,253.44,252.86,252.27,251.68,251.09,250.5,249.91,249.32,248.73,248.14,247.55,246.95,246.36,245.77,245.17,244.58,243.98,243.38,242.79,242.19,241.59,240.99,240.39,239.79,239.19,238.59
272.63,272.06,271.49,270.92,270.35,269.78,269.21,268.63,268.06,267.49,266.91,266.34,265.76,265.19,264.61,264.04,263.46,262.88,262.3,261.72,261.14,260.56,259.98,259.4,258.82,258.23,257.65,257.07,256.48,255.9,255.31,254.72,254.14,253.55,252.96,252.37,251.78,251.19,250.6,250.01,249.42,248.83,248.23,247.64,247.04,246.45,245.85,245.26,244.66,244.06,243.46,242.87,242.27,241.67,241.07,240.46,239.86,239.26,238.66,238.05
272.27,271.7,271.12,270.55,269.98,269.41,268.84,268.26,267.69,267.11,266.54,265.96,265.39,264.81,264.23,263.65,263.07,262.49,261.91,261.33,260.75,260.17,259.59,259,258.42,257.83,257.25,256.66,256.08,255.49,254.9,254.31,253.73,253.14,252.55,251.96,251.36,250.77,250.18,249.59,248.99,248.4,247.8,247.21,246.61,246.01,245.42,244.82,244.22,243.62,243.02,242.42,241.82,241.22,240.61,240.01,239.41,238.8,238.2,237.59
271.96,271.38,270.81,270.24,269.67,269.09,268.52,267.94,267.37,266.79,266.22,265.64,265.06,264.48,263.9,263.32,262.74,262.16,261.58,261,260.42,259.83,259.25,258.66,258.08,257.49,256.91,256.32,255.73,255.14,254.55,253.96,253.37,252.78,252.19,251.6,251.01,250.41,249.82,249.22,248.63,248.03,247.44,246.84,246.24,245.64,245.04,244.44,243.84,243.24,242.64,242.04,241.43,240.83,240.23,239.62,239.02,238.41,237.8,237.19
271.69,271.12,270.55,269.97,269.4,268.82,268.25,267.67,267.09,266.52,265.94,265.36,264.78,264.2,263.62,263.04,262.46,261.88,261.3,260.71,260.13,259.54,258.96,258.37,257.79,257.2,256.61,256.02,255.43,254.84,254.25,253.66,253.07,252.48,251.89,251.29,250.7,250.1,249.51,248.91,248.31,247.72,247.12,246.52,245.92,245.32,244.72,244.12,243.52,242.92,242.31,241.71,241.1,240.5,239.89,239.29,238.68,238.07,237.46,236.85
271.46,270.89,270.32,269.74,269.17,268.59,268.01,267.44,266.86,266.28,265.7,265.12,264.54,263.96,263.38,262.8,262.22,261.63,261.05,260.47,259.88,259.29,258.71,258.12,257.53,256.95,256.36,255.77,255.18,254.59,254,253.4,252.81,252.22,251.62,251.03,250.43,249.84,249.24,248.64,248.05,247.45,246.85,246.25,245.65,245.05,244.45,243.84,243.24,242.64,242.03,241.43,240.82,240.21,239.61,239,238.39,237.78,237.17,236.56
271.27,270.69,270.12,269.54,268.97,268.39,267.81,267.24,266.66,266.08,265.5,264.92,264.34,263.76,263.17,262.59,262.01,261.42,260.84,260.25,259.67,259.08,258.5,257.91,257.32,256.73,256.14,255.55,254.96,254.37,253.77,253.18,252.59,251.99,251.4,250.8,250.21,249.61,249.01,248.41,247.82,247.22,246.62,246.01,245.41,244.81,244.21,243.6,243,242.4,241.79,241.18,240.58,239.97,239.36,238.75,238.14,237.53,236.92,236.31
271.1,270.53,269.95,269.37,268.8,268.22,267.64,267.06,266.49,265.91,265.33,264.74,264.16,263.58,263,262.41,261.83,261.25,260.66,260.07,259.49,258.9,258.31,257.72,257.13,256.54,255.95,255.36,254.77,254.18,253.58,252.99,252.4,251.8,251.21,250.61,250.01,249.41,248.82,248.22,247.62,247.02,246.42,245.81,245.21,244.61,244.01,243.4,242.8,242.19,241.58,240.98,240.37,239.76,239.15,238.54,237.93,237.32,236.71,236.1
270.96,270.38,269.81,269.23,268.65,268.07,267.5,266.92,266.34,265.76,265.18,264.59,264.01,263.43,262.85,262.26,261.68,261.09,260.51,259.92,259.33,258.74,258.15,257.57,256.98,256.39,255.79,255.2,254.61,254.02,253.42,252.83,252.23,251.64,251.04,250.44,249.85,249.25,248.65,248.05,247.45,246.85,246.24,245.64,245.04,244.44,243.83,243.23,242.62,242.01,241.41,240.8,240.19,239.58,238.97,238.36,237.75,237.14,236.52,235.91
270.83,270.26,269.68,269.1,268.53,267.95,267.37,266.79,266.21,265.63,265.05,264.47,263.88,263.3,262.72,262.13,261.55,260.96,260.37,259.79,259.2,258.61,258.02,257.43,256.84,256.25,255.66,255.06,254.47,253.88,253.28,252.69,252.09,251.5,250.9,250.3,249.7,249.1,248.5,247.9,247.3,246.7,246.1,245.5,244.89,244.29,243.68,243.08,242.47,241.86,241.25,240.65,240.04,239.43,238.82,238.2,237.59,236.98,236.37,235.75
270.73,270.15,269.58,269,268.42,267.84,267.26,266.68,266.1,265.52,264.94,264.36,263.77,263.19,262.6,262.02,261.43,260.85,260.26,259.67,259.08,258.49,257.9,257.31,256.72,256.13,255.54,254.95,254.35,253.76,253.16,252.57,251.97,251.38,250.78,250.18,249.58,248.98,248.38,247.78,247.18,246.58,245.97,245.37,244.76,244.16,243.55,242.95,242.34,241.73,241.12,240.51,239.9,239.29,238.68,238.07,237.46,236.84,236.23,235.62
270.64,270.06,269.48,268.91,268.33,267.75,267.17,266.59,266.01,265.43,264.84,264.26,263.68,263.09,262.51,261.92,261.34,260.75,260.16,259.57,258.99,258.4,257.81,257.22,256.62,256.03,255.44,254.85,254.25,253.66,253.06,252.47,251.87,251.27,250.67,250.07,249.47,248.87,248.27,247.67,247.07,246.47,245.86,245.26,244.66,244.05,243.44,242.84,242.23,241.62,241.01,240.4,239.79,239.18,238.57,237.96,237.34,236.73,236.11,235.5
270.56,269.98,269.41,268.83,268.25,267.67,267.09,266.51,265.93,265.35,264.76,264.18,263.6,263.01,262.43,261.84,261.25,260.67,260.08,259.49,258.9,258.31,257.72,257.13,256.54,255.95,255.35,254.76,254.16,253.57,252.97,252.38,251.78,251.18,250.58,249.98,249.38,248.78,248.18,247.58,246.98,246.38,245.77,245.17,244.56,243.96,243.35,242.74,242.13,241.52,240.91,240.3,239.69,239.08,238.47,237.86,237.24,236.63,236.01,235.4
270.5,269.92,269.34,268.76,268.18,267.6,267.02,266.44,265.86,265.28,264.69,264.11,263.53,262.94,262.36,261.77,261.18,260.6,260.01,259.42,258.83,258.24,257.65,257.06,256.47,255.87,255.28,254.68,254.09,253.49,252.9,252.3,251.7,251.11,250.51,249.91,249.31,248.71,248.1,247.5,246.9,246.3,245.69,245.09,244.48,243.87,243.27,242.66,242.05,241.44,240.83,240.22,239.61,239,238.39,237.77,237.16,236.54,235.93,235.31
270.44,269.86,269.28,268.7,268.13,267.55,266.96,266.38,265.8,265.22,264.64,264.05,263.47,262.88,262.3,261.71,261.12,260.54,259.95,259.36,258.77,258.18,257.59,256.99,256.4,255.81,255.22,254.62,254.03,253.43,252.83,252.24,251.64,251.04,250.44,249.84,249.24,248.64,248.04,247.44,246.83,246.23,245.62,245.02,244.41,243.81,243.2,242.59,241.98,241.37,240.76,240.15,239.54,238.93,238.31,237.7,237.08,236.47,235.85,235.24
270.39,269.81,269.23,268.66,268.08,267.5,266.91,266.33,265.75,265.17,264.59,264,263.42,262.83,262.25,261.66,261.07,260.48,259.89,259.31,258.71,258.12,257.53,256.94,256.35,255.76,255.16,254.57,253.97,253.38,252.78,252.18,251.58,250.98,250.38,249.78,249.18,248.58,247.98,247.38,246.77,246.17,245.56,244.96,244.35,243.75,243.14,242.53,241.92,241.31,240.7,240.09,239.48,238.86,238.25,237.64,237.02,236.41,235.79,235.17
270.35,269.77,269.19,268.61,268.03,267.45,266.87,266.29,265.71,265.13,264.54,263.96,263.37,262.79,262.2,261.61,261.03,260.44,259.85,259.26,258.67,258.08,257.49,256.89,256.3,255.71,255.11,254.52,253.92,253.33,252.73,252.13,251.53,250.94,250.34,249.74,249.13,248.53,247.93,247.33,246.72,246.12,245.51,244.91,244.3,243.69,243.09,242.48,241.87,241.26,240.65,240.03,239.42,238.81,238.2,237.58,236.97,236.35,235.73,235.12
270.31,269.73,269.16,268.58,268,267.42,266.84,266.25,265.67,265.09,264.5,263.92,263.33,262.75,262.16,261.58,260.99,260.4,259.81,259.22,258.63,258.04,257.45,256.86,256.26,255.67,255.07,254.48,253.88,253.29,252.69,252.09,251.49,250.89,250.29,249.69,249.09,248.49,247.89,247.28,246.68,246.08,245.47,244.86,244.26,243.65,243.04,242.43,241.82,241.21,240.6,239.99,239.38,238.76,238.15,237.53,236.92,236.3,235.68,235.07
270.28,269.7,269.13,268.55,267.97,267.39,266.8,266.22,265.64,265.06,264.47,263.89,263.3,262.72,262.13,261.54,260.95,260.37,259.78,259.19,258.6,258.01,257.41,256.82,256.23,255.63,255.04,254.44,253.85,253.25,252.65,252.06,251.46,250.86,250.26,249.66,249.06,248.45,247.85,247.25,246.64,246.04,245.43,244.83,244.22,243.61,243,242.39,241.78,241.17,240.56,239.95,239.34,238.72,238.11,237.49,236.88,236.26,235.64,235.02
270.26,269.68,269.1,268.52,267.94,267.36,266.78,266.19,265.61,265.03,264.44,263.86,263.27,262.69,262.1,261.51,260.93,260.34,259.75,259.16,258.57,257.98,257.38,256.79,256.2,255.6,255.01,254.41,253.82,253.22,252.62,252.02,251.43,250.83,250.23,249.63,249.02,248.42,247.82,247.21,246.61,246,245.4,244.79,244.18,243.58,242.97,242.36,241.75,241.14,240.53,239.91,239.3,238.69,238.07,237.46,236.84,236.22,235.6,234.99
270.23,269.65,269.08,268.5,267.92,267.34,266.75,266.17,265.59,265.01,264.42,263.84,263.25,262.66,262.08,261.49,260.9,260.31,259.72,259.13,258.54,257.95,257.36,256.77,256.17,255.58,254.98,254.39,253.79,253.19,252.6,252,251.4,250.8,250.2,249.6,249,248.39,247.79,247.19,246.58,245.98,245.37,244.76,244.16,243.55,242.94,242.33,241.72,241.11,240.49,239.88,239.27,238.65,238.04,237.42,236.81,236.19,235.57,234.95
270.21,269.64,269.06,268.48,267.9,267.32,266.73,266.15,265.57,264.98,264.4,263.82,263.23,262.64,262.06,261.47,260.88,260.29,259.7,259.11,258.52,257.93,257.34,256.74,256.15,255.56,254.96,254.36,253.77,253.17,252.57,251.97,251.38,250.78,250.17,249.57,248.97,248.37,247.77,247.16,246.56,245.95,245.34,244.74,244.13,243.52,242.91,242.3,241.69,241.08,240.47,239.85,239.24,238.63,238.01,237.39,236.78,236.16,235.54,234.92
270.2,269.62,269.04,268.46,267.88,267.3,266.72,266.13,265.55,264.97,264.38,263.8,263.21,262.63,262.04,261.45,260.86,260.27,259.68,259.09,258.5,257.91,257.32,256.72,256.13,255.54,254.94,254.34,253.75,253.15,252.55,251.95,251.35,250.75,250.15,249.55,248.95,248.35,247.74,247.14,246.53,245.93,245.32,244.71,244.11,243.5,242.89,242.28,241.67,241.06,240.44,239.83,239.22,238.6,237.99,237.37,236.75,236.13,235.52,234.9
270.18,269.6,269.02,268.44,267.86,267.28,266.7,266.12,265.54,264.95,264.37,263.78,263.2,262.61,262.02,261.43,260.85,260.26,259.67,259.08,258.49,257.89,257.3,256.71,256.11,255.52,254.92,254.33,253.73,253.13,252.53,251.94,251.34,250.74,250.14,249.53,248.93,248.33,247.72,247.12,246.51,245.91,245.3,244.69,244.09,243.48,242.87,242.26,241.65,241.03,240.42,239.81,239.19,238.58,237.96,237.35,236.73,236.11,235.49,234.87
270.17,269.59,269.01,268.43,267.85,267.27,266.69,266.11,265.52,264.94,264.35,263.77,263.18,262.6,262.01,261.42,260.83,260.24,259.65,259.06,258.47,257.88,257.29,256.69,256.1,255.5,254.91,254.31,253.71,253.12,252.52,251.92,251.32,250.72,250.12,249.52,248.91,248.31,247.71,247.1,246.5,245.89,245.28,244.68,244.07,243.46,242.85,242.24,241.63,241.01,240.4,239.79,239.17,238.56,237.94,237.32,236.71,236.09,235.47,234.85
270.16,269.58,269,268.42,267.84,267.26,266.68,266.09,265.51,264.93,264.34,263.76,263.17,262.58,262,261.41,260.82,260.23,259.64,259.05,258.46,257.87,257.27,256.68,256.08,255.49,254.89,254.3,253.7,253.1,252.5,251.91,251.31,250.7,250.1,249.5,248.9,248.29,247.69,247.09,246.48,245.87,245.27,244.66,244.05,243.44,242.83,242.22,241.61,241,240.38,239.77,239.15,238.54,237.92,237.3,236.69,236.07,235.45,234.83
270.15,269.57,268.99,268.41,267.83,267.25,266.67,266.08,265.5,264.92,264.33,263.75,263.16,262.57,261.99,261.4,260.81,260.22,259.63,259.04,258.45,257.85,257.26,256.67,256.07,255.48,254.88,254.28,253.69,253.09,252.49,251.89,251.29,250.69,250.09,249.49,248.88,248.28,247.68,247.07,246.47,245.86,245.25,244.64,244.03,243.42,242.81,242.2,241.59,240.98,240.36,239.75,239.13,238.52,237.9,237.28,236.67,236.05,235.43,234.81
270.14,269.56,268.98,268.4,267.82,267.24,266.66,266.07,265.49,264.91,264.32,263.74,263.15,262.56,261.98,261.39,260.8,260.21,259.62,259.03,258.44,257.84,257.25,256.66,256.06,255.47,254.87,254.27,253.68,253.08,252.48,251.88,251.28,250.68,250.08,249.47,248.87,248.27,247.66,247.06,246.45,245.84,245.24,244.63,244.02,243.41,242.8,242.19,241.57,240.96,240.35,239.73,239.12,238.5,237.88,237.27,236.65,236.03,235.41,234.79
270.13,269.55,268.97,268.39,267.81,267.23,266.65,266.07,265.48,264.9,264.31,263.73,263.14,262.55,261.97,261.38,260.79,260.2,259.61,259.02,258.43,257.83,257.24,256.65,256.05,255.46,254.86,254.26,253.67,253.07,252.47,251.87,251.27,250.67,250.06,249.46,248.86,248.25,247.65,247.04,246.44,245.83,245.22,244.61,244,243.39,242.78,242.17,241.56,240.94,240.33,239.72,239.1,238.48,237.86,237.25,236.63,236.01,235.39,234.76
270.13,269.55,268.97,268.39,267.81,267.22,266.64,266.06,265.47,264.89,264.31,263.72,263.13,262.55,261.96,261.37,260.78,260.19,259.6,259.01,258.42,257.82,257.23,256.64,256.04,255.45,254.85,254.25,253.65,253.06,252.46,251.86,251.26,250.66,250.05,249.45,248.85,248.24,247.64,247.03,246.42,245.82,245.21,244.6,243.99,243.38,242.77,242.16,241.54,240.93,240.31,239.7,239.08,238.46,237.85,237.23,236.61,235.99,235.37,234.74
270.12,269.54,268.96,268.38,267.8,267.22,266.63,266.05,265.47,264.88,264.3,263.71,263.13,262.54,261.95,261.36,260.77,260.18,259.59,259,258.41,257.81,257.22,256.63,256.03,255.44,254.84,254.24,253.64,253.05,252.45,251.85,251.25,250.64,250.04,249.44,248.83,248.23,247.62,247.02,246.41,245.8,245.19,244.59,243.97,243.36,242.75,242.14,241.53,240.91,240.3,239.68,239.06,238.45,237.83,237.21,236.59,235.97,235.34,234.72
270.11,269.53,268.95,268.37,267.79,267.21,266.63,266.04,265.46,264.88,264.29,263.7,263.12,262.53,261.94,261.35,260.76,260.17,259.58,258.99,258.4,257.81,257.21,256.62,256.02,255.43,254.83,254.23,253.63,253.04,252.44,251.84,251.23,250.63,250.03,249.43,248.82,248.22,247.61,247,246.4,245.79,245.18,244.57,243.96,243.35,242.74,242.12,241.51,240.89,240.28,239.66,239.04,238.43,237.81,237.19,236.57,235.94,235.32,234.7
270.11,269.53,268.95,268.37,267.79,267.2,266.62,266.04,265.45,264.87,264.28,263.7,263.11,262.52,261.94,261.35,260.76,260.17,259.58,258.98,258.39,257.8,257.2,256.61,256.01,255.42,254.82,254.22,253.62,253.03,252.43,251.82,251.22,250.62,250.02,249.41,248.81,248.2,247.6,246.99,246.38,245.78,245.17,244.56,243.94,243.33,242.72,242.11,241.49,240.88,240.26,239.64,239.03,238.41,237.79,237.17,236.54,235.92,235.3,234.67
270.1,269.52,268.94,268.36,267.78,267.2,266.62,266.03,265.45,264.86,264.28,263.69,263.1,262.52,261.93,261.34,260.75,260.16,259.57,258.98,258.38,257.79,257.2,256.6,256,255.41,254.81,254.21,253.61,253.02,252.41,251.81,251.21,250.61,250.01,249.4,248.8,248.19,247.58,246.98,246.37,245.76,245.15,244.54,243.93,243.32,242.7,242.09,241.47,240.86,240.24,239.62,239,238.38,237.76,237.14,236.52,235.9,235.27,234.65
270.1,269.52,268.94,268.36,267.78,267.19,266.61,266.03,265.44,264.86,264.27,263.69,263.1,262.51,261.92,261.33,260.74,260.15,259.56,258.97,258.37,257.78,257.19,256.59,256,255.4,254.8,254.2,253.6,253,252.4,251.8,251.2,250.6,249.99,249.39,248.78,248.18,247.57,246.96,246.35,245.74,245.13,244.52,243.91,243.3,242.68,242.07,241.45,240.84,240.22,239.6,238.98,238.36,237.74,237.12,236.49,235.87,235.24,234.62
270.09,269.51,268.93,268.35,267.77,267.19,266.6,266.02,265.44,264.85,264.26,263.68,263.09,262.5,261.91,261.32,260.73,260.14,259.55,258.96,258.37,257.77,257.18,256.58,255.99,255.39,254.79,254.19,253.59,252.99,252.39,251.79,251.19,250.58,249.98,249.38,248.77,248.16,247.56,246.95,246.34,245.73,245.12,244.5,243.89,243.28,242.66,242.05,241.43,240.81,240.2,239.58,238.96,238.34,237.71,237.09,236.47,235.84,235.21,234.59
270.09,269.51,268.93,268.35,267.76,267.18,266.6,266.01,265.43,264.84,264.26,263.67,263.08,262.5,261.91,261.32,260.73,260.13,259.54,258.95,258.36,257.76,257.17,256.57,255.98,255.38,254.78,254.18,253.58,252.98,252.38,251.78,251.17,250.57,249.97,249.36,248.75,248.15,247.54,246.93,246.32,245.71,245.1,244.49,243.87,243.26,242.64,242.03,241.41,240.79,240.17,239.55,238.93,238.31,237.68,237.06,236.43,235.81,235.18,234.55
270.08,269.5,268.92,268.34,267.76,267.18,266.59,266.01,265.42,264.84,264.25,263.66,263.08,262.49,261.9,261.31,260.72,260.13,259.53,258.94,258.35,257.75,257.16,256.56,255.96,255.37,254.77,254.17,253.57,252.97,252.37,251.76,251.16,250.56,249.95,249.34,248.74,248.13,247.52,246.91,246.3,245.69,245.08,244.46,243.85,243.23,242.62,242,241.38,240.76,240.14,239.52,238.9,238.28,237.65,237.03,236.4,235.77,235.14,234.51
270.08,269.5,268.92,268.33,267.75,267.17,266.59,266,265.42,264.83,264.24,263.66,263.07,262.48,261.89,261.3,260.71,260.12,259.52,258.93,258.34,257.74,257.15,256.55,255.95,255.35,254.75,254.16,253.55,252.95,252.35,251.75,251.14,250.54,249.93,249.33,248.72,248.11,247.5,246.89,246.28,245.67,245.05,244.44,243.82,243.21,242.59,241.97,241.35,240.73,240.11,239.49,238.87,238.24,237.62,236.99,236.36,235.73,235.1,234.47
270.07,269.49,268.91,268.33,267.75,267.16,266.58,265.99,265.41,264.82,264.24,263.65,263.06,262.47,261.88,261.29,260.7,260.11,259.51,258.92,258.33,257.73,257.13,256.54,255.94,255.34,254.74,254.14,253.54,252.94,252.33,251.73,251.13,250.52,249.91,249.31,248.7,248.09,247.48,246.87,246.26,245.64,245.03,244.41,243.8,243.18,242.56,241.94,241.32,240.7,240.08,239.45,238.83,238.2,237.58,236.95,236.32,235.69,235.06,234.42
270.06,269.48,268.9,268.32,267.74,267.15,266.57,265.99,265.4,264.81,264.23,263.64,263.05,262.46,261.87,261.28,260.69,260.1,259.5,258.91,258.31,257.72,257.12,256.52,255.92,255.33,254.73,254.12,253.52,252.92,252.32,251.71,251.11,250.5,249.89,249.28,248.68,248.07,247.45,246.84,246.23,245.62,245,244.38,243.77,243.15,242.53,241.91,241.29,240.66,240.04,239.41,238.79,238.16,237.53,236.9,236.27,235.64,235,234.37
270.06,269.48,268.9,268.31,267.73,267.15,266.56,265.98,265.39,264.8,264.22,263.63,263.04,262.45,261.86,261.27,260.68,260.08,259.49,258.89,258.3,257.7,257.11,256.51,255.91,255.31,254.71,254.11,253.5,252.9,252.3,251.69,251.08,250.48,249.87,249.26,248.65,248.04,247.43,246.81,246.2,245.58,244.97,244.35,243.73,243.11,242.49,241.87,241.25,240.62,240,239.37,238.74,238.11,237.48,236.85,236.22,235.58,234.94,234.31
270.05,269.47,268.89,268.31,267.72,267.14,266.55,265.97,265.38,264.79,264.21,263.62,263.03,262.44,261.85,261.26,260.66,260.07,259.47,258.88,258.28,257.69,257.09,256.49,255.89,255.29,254.69,254.09,253.48,252.88,252.27,251.67,251.06,250.45,249.84,249.23,248.62,248.01,247.4,246.78,246.17,245.55,244.93,244.31,243.69,243.07,242.45,241.83,241.2,240.58,239.95,239.32,238.69,238.06,237.43,236.79,236.16,235.52,234.88,234.24
195.98,195.91,195.84,195.77,195.7,195.63,195.57,195.5,195.43,195.36,195.29,195.23,195.16,195.09,195.02,194.96,194.89,194.82,194.75,194.69,194.62,194.55,194.49,194.42,194.35,194.28,194.22,194.15,194.08,194.02,193.95,193.89,193.82,193.75,193.69,193.62,193.56,193.49,193.42,193.36,193.29,193.23,193.16,193.1,193.03,192.97,192.9,192.83,192.77,192.7,192.64,192.57,192.51,192.45,192.38,192.32,192.25,192.19,192.12,192.06
173.66,173.6,173.54,173.48,173.41,173.35,173.29,173.23,173.17,173.1,173.04,172.98,172.92,172.86,172.79,172.73,172.67,172.61,172.55,172.49,172.42,172.36,172.3,172.24,172.18,172.12,172.06,172,171.94,171.87,171.81,171.75,171.69,171.63,171.57,171.51,171.45,171.39,171.33,171.27,171.21,171.15,171.09,171.03,170.97,170.91,170.85,170.79,170.73,170.67,170.61,170.55,170.49,170.43,170.38,170.32,170.26,170.2,170.14,170.08
148.37,148.32,148.26,148.21,148.15,148.1,148.04,147.98,147.93,147.87,147.82,147.76,147.71,147.65,147.59,147.54,147.48,147.43,147.37,147.32,147.26,147.21,147.15,147.1,147.04,146.99,146.93,146.88,146.82,146.77,146.71,146.66,146.61,146.55,146.5,146.44,146.39,146.33,146.28,146.23,146.17,146.12,146.06,146.01,145.96,145.9,145.85,145.8,145.74,145.69,145.64,145.58,145.53,145.48,145.42,145.37,145.32,145.26,145.21,145.16
219.63,219.56,219.49,219.4,219.36,219.33,219.28,219.19,219.12,219.04,218.97,218.92,218.86,218.8,218.75,218.68,218.62,218.55,218.49,218.42,218.34,218.27,218.19,225.83,225.59,225.34,225.09,224.85,224.6,224.34,224.09,223.83,223.58,223.32,223.05,222.79,222.52,222.25,221.98,221.7,221.43,221.15,220.87,220.58,220.3,220.01,219.71,219.41,219.11,218.8,218.49,218.17,217.84,217.51,217.17,216.83,216.48,216.12,215.76,215.39
219.31,227.72,219.13,219.02,226.97,226.72,226.46,226.21,225.95,225.69,225.42,225.16,224.89,224.62,224.36,224.08,223.81,223.54,223.26,222.98,222.69,222.4,222.11,221.82,221.52,221.22,220.92,220.61,220.3,219.99,219.67,219.34,219.01,218.67,218.33,217.98,217.63,217.27,216.9,216.52,216.13,215.73,215.32,214.9,214.46,214.01,213.54,213.05,212.53,211.98,211.4,210.76,210.07,209.29,208.38,207.17,204.89,-0,-0,-0
224.98,224.7,224.42,224.13,223.84,223.55,223.25,222.96,222.66,222.35,222.04,221.73,221.41,221.09,220.77,220.44,220.11,219.77,219.43,219.08,218.72,218.36,217.99,217.62,217.23,216.84,216.44,216.02,215.59,215.15,214.69,214.21,213.72,213.21,212.67,212.09,211.47,210.79,210.06,209.23,208.22,206.89,0,0,0,0,0,0,0,0,0,0,0,0,0,0,0,0,0,0
222.09,221.77,221.44,221.11,220.77,220.42,220.07,219.72,219.36,218.99,218.62,218.23,217.84,217.44,217.04,216.62,216.19,215.75,215.29,214.82,214.32,213.8,213.26,212.7,212.1,211.45,210.74,209.95,209.07,207.98,206.42,-0,-0,-0,-0,-0,-0,-0,-0,-0,-0,-0,-0,-0,-0,-0,-0,-0,-0,-0,-0,-0,-0,-0,-0,-0,-0,-0,-0,-0
219.24,218.86,218.47,218.07,217.66,217.25,216.82,216.37,215.92,215.45,214.97,214.46,213.93,213.38,212.8,212.19,211.51,210.78,209.98,209.06,207.92,206.26,0,0,0,0,0,0,0,0,0,0,0,0,0,0,0,0,0,0,0,0,0,0,0,0,0,0,0,0,0,0,0,0,0,0,0,0,0,0
216.37,215.9,215.42,214.91,214.39,213.85,213.27,212.66,212.01,211.32,210.55,209.67,208.67,207.36,204.76,0,0,0,0,0,0,0,0,0,0,0,0,0,0,0,0,0,0,0,0,0,0,0,0,0,0,0,0,0,0,0,0,0,0,0,0,0,0,0,0,0,0,0,0,0
213.31,212.69,212.03,211.31,210.52,209.64,208.57,207.22,0,0,0,0,0,0,0,0,0,0,0,0,0,0,0,0,0,0,0,0,0,0,0,0,0,0,0,0,0,0,0,0,0,0,0,0,0,0,0,0,0,0,0,0,0,0,0,0,0,0,0,0
209.61,208.52,207.11,0,0,0,0,0,0,0,0,0,0,0,0,0,0,0,0,0,0,0,0,0,0,0,0,0,0,0,0,0,0,0,0,0,0,0,0,0,0,0,0,0,0,0,0,0,0,0,0,0,0,0,0,0,0,0,0,0
0,0,0,0,0,0,0,0,0,0,0,0,0,0,0,0,0,0,0,0,0,0,0,0,0,0,0,0,0,0,0,0,0,0,0,0,0,0,0,0,0,0,0,0,0,0,0,0,0,0,0,0,0,0,0,0,0,0,0,0
0,0,0,0,0,0,0,0,0,0,0,0,0,0,0,0,0,0,0,0,0,0,0,0,0,0,0,0,0,0,0,0,0,0,0,0,0,0,0,0,0,0,0,0,0,0,0,0,0,0,0,0,0,0,0,0,0,0,0,0
0,0,0,0,0,0,0,0,0,0,0,0,0,0,0,0,0,0,0,0,0,0,0,0,0,0,0,0,0,0,0,0,0,0,0,0,0,0,0,0,0,0,0,0,0,0,0,0,0,0,0,0,0,0,0,0,0,0,0,0
-0,-0,-0,-0,-0,-0,-0,-0,-0,-0,-0,-0,-0,-0,-0,-0,-0,-0,-0,-0,-0,-0,-0,-0,-0,-0,-0,-0,-0,-0,-0,-0,-0,-0,-0,-0,-0,-0,-0,-0,-0,-0,-0,-0,-0,-0,-0,-0,-0,-0,-0,-0,-0,-0,-0,-0,-0,-0,-0,-0
0,0,0,0,0,0,0,0,0,0,0,0,0,0,0,0,0,0,0,0,0,0,0,0,0,0,0,0,0,0,0,0,0,0,0,0,0,0,0,0,0,0,0,0,0,0,0,0,0,0,0,0,0,0,0,0,0,0,0,0
0,0,0,0,0,0,0,0,0,0,0,0,0,0,0,0,0,0,0,0,0,0,0,0,0,0,0,0,0,0,0,0,0,0,0,0,0,0,0,0,0,0,0,0,0,0,0,0,0,0,0,0,0,0,0,0,0,0,0,0
0,0,0,0,0,0,0,0,0,0,0,0,0,0,0,0,0,0,0,0,0,0,0,0,0,0,0,0,0,0,0,0,0,0,0,0,0,0,0,0,0,0,0,0,0,0,0,0,0,0,0,0,0,0,0,0,0,0,0,0
0,0,0,0,0,0,0,0,0,0,0,0,0,0,0,0,0,0,0,0,0,0,0,0,0,0,0,0,0,0,0,0,0,0,0,0,0,0,0,0,0,0,0,0,0,0,0,0,0,0,0,0,0,0,0,0,0,0,0,0
0,0,0,0,0,0,0,0,0,0,0,0,0,0,0,0,0,0,0,0,0,0,0,0,0,0,0,0,0,0,0,0,0,0,0,0,0,0,0,0,0,0,0,0,0,0,0,0,0,0,0,0,0,0,0,0,0,0,0,0
0,0,0,0,0,0,0,0,0,0,0,0,0,0,0,0,0,0,0,0,0,0,0,0,0,0,0,0,0,0,0,0,0,0,0,0,0,0,0,0,0,0,0,0,0,0,0,0,0,0,0,0,0,0,0,0,0,0,0,0
0,0,0,0,0,0,0,0,0,0,0,0,0,0,0,0,0,0,0,0,0,0,0,0,0,0,0,0,0,0,0,0,0,0,0,0,0,0,0,0,0,0,0,0,0,0,0,0,0,0,0,0,0,0,0,0,0,0,0,0
0,0,0,0,0,0,0,0,0,0,0,0,0,0,0,0,0,0,0,0,0,0,0,0,0,0,0,0,0,0,0,0,0,0,0,0,0,0,0,0,0,0,0,0,0,0,0,0,0,0,0,0,0,0,0,0,0,0,0,0
0,0,0,0,0,0,0,0,0,0,0,0,0,0,0,0,0,0,0,0,0,0,0,0,0,0,0,0,0,0,0,0,0,0,0,0,0,0,0,0,0,0,0,0,0,0,0,0,0,0,0,0,0,0,0,0,0,0,0,0
-0,-0,-0,-0,-0,-0,-0,-0,-0,-0,-0,-0,-0,-0,-0,-0,-0,-0,-0,-0,-0,-0,-0,-0,-0,-0,-0,-0,-0,-0,-0,-0,-0,-0,-0,-0,-0,-0,-0,-0,-0,-0,-0,-0,-0,-0,-0,-0,-0,-0,-0,-0,-0,-0,-0,-0,-0,-0,-0,-0
0,0,0,0,0,0,0,0,0,0,0,0,0,0,0,0,0,0,0,0,0,0,0,0,0,0,0,0,0,0,0,0,0,0,0,0,0,0,0,0,0,0,0,0,0,0,0,0,0,0,0,0,0,0,0,0,0,0,0,0
0,0,0,0,0,0,0,0,0,0,0,0,0,0,0,0,0,0,0,0,0,0,0,0,0,0,0,0,0,0,0,0,0,0,0,0,0,0,0,0,0,0,0,0,0,0,0,0,0,0,0,0,0,0,0,0,0,0,0,0
0,0,0,0,0,0,0,0,0,0,0,0,0,0,0,0,0,0,0,0,0,0,0,0,0,0,0,0,0,0,0,0,0,0,0,0,0,0,0,0,0,0,0,0,0,0,0,0,0,0,0,0,0,0,0,0,0,0,0,0
0,0,0,0,0,0,0,0,0,0,0,0,0,0,0,0,0,0,0,0,0,0,0,0,0,0,0,0,0,0,0,0,0,0,0,0,0,0,0,0,0,0,0,0,0,0,0,0,0,0,0,0,0,0,0,0,0,0,0,0
0,0,0,0,0,0,0,0,0,0,0,0,0,0,0,0,0,0,0,0,0,0,0,0,0,0,0,0,0,0,0,0,0,0,0,0,0,0,0,0,0,0,0,0,0,0,0,0,0,0,0,0,0,0,0,0,0,0,0,0
0,0,0,0,0,0,0,0,0,0,0,0,0,0,0,0,0,0,0,0,0,0,0,0,0,0,0,0,0,0,0,0,0,0,0,0,0,0,0,0,0,0,0,0,0,0,0,0,0,0,0,0,0,0,0,0,0,0,0,0
0,0,0,0,0,0,0,0,0,0,0,0,0,0,0,0,0,0,0,0,0,0,0,0,0,0,0,0,0,0,0,0,0,0,0,0,0,0,0,0,0,0,0,0,0,0,0,0,0,0,0,0,0,0,0,0,0,0,0,0
0,0,0,0,0,0,0,0,0,0,0,0,0,0,0,0,0,0,0,0,0,0,0,0,0,0,0,0,0,0,0,0,0,0,0,0,0,0,0,0,0,0,0,0,0,0,0,0,0,0,0,0,0,0,0,0,0,0,0,0
0,0,0,0,0,0,0,0,0,0,0,0,0,0,0,0,0,0,0,0,0,0,0,0,0,0,0,0,0,0,0,0,0,0,0,0,0,0,0,0,0,0,0,0,0,0,0,0,0,0,0,0,0,0,0,0,0,0,0,0
0,0,0,0,0,0,0,0,0,0,0,0,0,0,0,0,0,0,0,0,0,0,0,0,0,0,0,0,0,0,0,0,0,0,0,0,0,0,0,0,0,0,0,0,0,0,0,0,0,0,0,0,0,0,0,0,0,0,0,0
0,0,0,0,0,0,0,0,0,0,0,0,0,0,0,0,0,0,0,0,0,0,0,0,0,0,0,0,0,0,0,0,0,0,0,0,0,0,0,0,0,0,0,0,0,0,0,0,0,0,0,0,0,0,0,0,0,0,0,0
0,0,0,0,0,0,0,0,0,0,0,0,0,0,0,0,0,0,0,0,0,0,0,0,0,0,0,0,0,0,0,0,0,0,0,0,0,0,0,0,0,0,0,0,0,0,0,0,0,0,0,0,0,0,0,0,0,0,0,0
-0,-0,-0,-0,-0,-0,-0,-0,-0,-0,-0,-0,-0,-0,-0,-0,-0,-0,-0,-0,-0,-0,-0,-0,-0,-0,-0,-0,-0,-0,-0,-0,-0,-0,-0,-0,-0,-0,-0,-0,-0,-0,-0,-0,-0,-0,-0,-0,-0,-0,-0,-0,-0,-0,-0,-0,-0,-0,-0,-0
0,0,0,0,0,0,0,0,0,0,0,0,0,0,0,0,0,0,0,0,0,0,0,0,0,0,0,0,0,0,0,0,0,0,0,0,0,0,0,0,0,0,0,0,0,0,0,0,0,0,0,0,0,0,0,0,0,0,0,0
0,0,0,0,0,0,0,0,0,0,0,0,0,0,0,0,0,0,0,0,0,0,0,0,0,0,0,0,0,0,0,0,0,0,0,0,0,0,0,0,0,0,0,0,0,0,0,0,0,0,0,0,0,0,0,0,0,0,0,0
0,0,0,0,0,0,0,0,0,0,0,0,0,0,0,0,0,0,0,0,0,0,0,0,0,0,0,0,0,0,0,0,0,0,0,0,0,0,0,0,0,0,0,0,0,0,0,0,0,0,0,0,0,0,0,0,0,0,0,0
0,0,0,0,0,0,0,0,0,0,0,0,0,0,0,0,0,0,0,0,0,0,0,0,0,0,0,0,0,0,0,0,0,0,0,0,0,0,0,0,0,0,0,0,0,0,0,0,0,0,0,0,0,0,0,0,0,0,0,0
0,0,0,0,0,0,0,0,0,0,0,0,0,0,0,0,0,0,0,0,0,0,0,0,0,0,0,0,0,0,0,0,0,0,0,0,0,0,0,0,0,0,0,0,0,0,0,0,0,0,0,0,0,0,0,0,0,0,0,0
-0,-0,-0,-0,-0,-0,-0,-0,-0,-0,-0,-0,-0,-0,-0,-0,-0,-0,-0,-0,-0,-0,-0,-0,-0,-0,-0,-0,-0,-0,-0,-0,-0,-0,-0,-0,-0,-0,-0,-0,-0,-0,-0,-0,-0,-0,-0,-0,-0,-0,-0,-0,-0,-0,-0,-0,-0,-0,-0,-0
0,0,0,0,0,0,0,0,0,0,0,0,0,0,0,0,0,0,0,0,0,0,0,0,0,0,0,0,0,0,0,0,0,0,0,0,0,0,0,0,0,0,0,0,0,0,0,0,0,0,0,0,0,0,0,0,0,0,0,0
-0,-0,-0,-0,-0,-0,-0,-0,-0,-0,-0,-0,-0,-0,-0,-0,-0,-0,-0,-0,-0,-0,-0,-0,-0,-0,-0,-0,-0,-0,-0,-0,-0,-0,-0,-0,-0,-0,-0,-0,-0,-0,-0,-0,-0,-0,-0,-0,-0,-0,-0,-0,-0,-0,-0,-0,-0,-0,-0,-0
0,0,0,0,0,0,0,0,0,0,0,0,0,0,0,0,0,0,0,0,0,0,0,0,0,0,0,0,0,0,0,0,0,0,0,0,0,0,0,0,0,0,0,0,0,0,0,0,0,0,0,0,0,0,0,0,0,0,0,0
0,0,0,0,0,0,0,0,0,0,0,0,0,0,0,0,0,0,0,0,0,0,0,0,0,0,0,0,0,0,0,0,0,0,0,0,0,0,0,0,0,0,0,0,0,0,0,0,0,0,0,0,0,0,0,0,0,0,0,0
0,0,0,0,0,0,0,0,0,0,0,0,0,0,0,0,0,0,0,0,0,0,0,0,0,0,0,0,0,0,0,0,0,0,0,0,0,0,0,0,0,0,0,0,0,0,0,0,0,0,0,0,0,0,0,0,0,0,0,0
0,0,0,0,0,0,0,0,0,0,0,0,0,0,0,0,0,0,0,0,0,0,0,0,0,0,0,0,0,0,0,0,0,0,0,0,0,0,0,0,0,0,0,0,0,0,0,0,0,0,0,0,0,0,0,0,0,0,0,0
0,0,0,0,0,0,0,0,0,0,0,0,0,0,0,0,0,0,0,0,0,0,0,0,0,0,0,0,0,0,0,0,0,0,0,0,0,0,0,0,0,0,0,0,0,0,0,0,0,0,0,0,0,0,0,0,0,0,0,0
0,0,0,0,0,0,0,0,0,0,0,0,0,0,0,0,0,0,0,0,0,0,0,0,0,0,0,0,0,0,0,0,0,0,0,0,0,0,0,0,0,0,0,0,0,0,0,0,0,0,0,0,0,0,0,0,0,0,0,0
0,0,0,0,0,0,0,0,0,0,0,0,0,0,0,0,0,0,0,0,0,0,0,0,0,0,0,0,0,0,0,0,0,0,0,0,0,0,0,0,0,0,0,0,0,0,0,0,0,0,0,0,0,0,0,0,0,0,0,0
-0,-0,-0,-0,-0,-0,-0,-0,-0,-0,-0,-0,-0,-0,-0,-0,-0,-0,-0,-0,-0,-0,-0,-0,-0,-0,-0,-0,-0,-0,-0,-0,-0,-0,-0,-0,-0,-0,-0,-0,-0,-0,-0,-0,-0,-0,-0,-0,-0,-0,-0,-0,-0,-0,-0,-0,-0,-0,-0,-0
0,0,0,0,0,0,0,0,0,0,0,0,0,0,0,0,0,0,0,0,0,0,0,0,0,0,0,0,0,0,0,0,0,0,0,0,0,0,0,0,0,0,0,0,0,0,0,0,0,0,0,0,0,0,0,0,0,0,0,0
0,0,0,0,0,0,0,0,0,0,0,0,0,0,0,0,0,0,0,0,0,0,0,0,0,0,0,0,0,0,0,0,0,0,0,0,0,0,0,0,0,0,0,0,0,0,0,0,0,0,0,0,0,0,0,0,0,0,0,0
0,0,0,0,0,0,0,0,0,0,0,0,0,0,0,0,0,0,0,0,0,0,0,0,0,0,0,0,0,0,0,0,0,0,0,0,0,0,0,0,0,0,0,0,0,0,0,0,0,0,0,0,0,0,0,0,0,0,0,0
0,0,0,0,0,0,0,0,0,0,0,0,0,0,0,0,0,0,0,0,0,0,0,0,0,0,0,0,0,0,0,0,0,0,0,0,0,0,0,0,0,0,0,0,0,0,0,0,0,0,0,0,0,0,0,0,0,0,0,0
0,0,0,0,0,0,0,0,0,0,0,0,0,0,0,0,0,0,0,0,0,0,0,0,0,0,0,0,0,0,0,0,0,0,0,0,0,0,0,0,0,0,0,0,0,0,0,0,0,0,0,0,0,0,0,0,0,0,0,0
0,0,0,0,0,0,0,0,0,0,0,0,0,0,0,0,0,0,0,0,0,0,0,0,0,0,0,0,0,0,0,0,0,0,0,0,0,0,0,0,0,0,0,0,0,0,0,0,0,0,0,0,0,0,0,0,0,0,0,0
