0.6,0.59661,0.59322,0.58983,0.58644,0.58305,0.57966,0.57627,0.57288,0.56949,0.5661,0.56271,0.55932,0.55593,0.55254,0.54915,0.54576,0.54237,0.53898,0.53559,0.5322,0.52881,0.52542,0.52203,0.51864,0.51525,0.51186,0.50847,0.50508,0.50169,0.49831,0.49492,0.49153,0.48814,0.48475,0.48136,0.47797,0.47458,0.47119,0.4678,0.46441,0.46102,0.45763,0.45424,0.45085,0.44746,0.44407,0.44068,0.43729,0.4339,0.43051,0.42712,0.42373,0.42034,0.41695,0.41356,0.41017,0.40678,0.40339,0.4
12,16.068,20.136,24.203,28.271,32.339,36.407,40.475,44.542,48.61,52.678,56.746,60.814,64.881,68.949,73.017,77.085,81.153,85.22,89.288,93.356,97.424,101.49,105.56,109.63,113.69,117.76,121.83,125.9,129.97,134.03,138.1,142.17,146.24,150.31,154.37,158.44,162.51,166.58,170.64,174.71,178.78,182.85,186.92,190.98,195.05,199.12,203.19,207.25,211.32,215.39,219.46,223.53,227.59,231.66,235.73,239.8,243.86,247.93,252
71.207,96.709,127.78,134.3,210.94,183.97,169.55,164.04,231.99,227.9,223.6,219.08,214.26,209.08,190.47,186.36,183.62,183.45,189.8,269.2,269.2,269.2,269.2,269.2,269.2,269.2,269.2,269.2,269.2,269.2,269.2,269.2,269.2,269.2,269.2,269.2,269.2,269.2,269.2,269.2,269.2,269.2,269.2,269.2,269.2,269.2,269.2,269.2,269.2,269.2,269.2,269.2,269.2,269.2,269.2,269.2,269.2,269.2,269.2,269.2
70.938,96.301,127.57,133.84,210.91,183.78,169.29,163.74,232.04,227.95,223.65,219.11,214.28,209.08,190.36,186.18,183.4,183.18,189.52,269.2,269.2,269.2,269.2,269.2,269.2,269.2,269.2,269.2,269.2,269.2,269.2,269.2,269.2,269.2,269.2,269.2,269.2,269.2,269.2,269.2,269.2,269.2,269.2,269.2,269.2,269.2,269.2,269.2,269.2,269.2,269.2,269.2,269.2,269.2,269.2,269.2,269.2,269.2,269.2,269.2
70.671,95.899,127.34,133.39,210.88,183.59,169.02,163.43,232.09,227.99,223.69,219.14,214.29,209.08,190.24,186.01,183.17,182.91,189.24,269.2,269.2,269.2,269.2,269.2,269.2,269.2,269.2,269.2,269.2,269.2,269.2,269.2,269.2,269.2,269.2,269.2,269.2,269.2,269.2,269.2,269.2,269.2,269.2,269.2,269.2,269.2,269.2,269.2,269.2,269.2,269.2,269.2,269.2,269.2,269.2,269.2,269.2,269.2,269.2,269.2
70.403,95.501,127.09,132.93,210.85,195.14,168.74,163.13,232.14,228.04,223.73,219.17,214.31,209.08,190.13,185.84,182.94,182.64,188.97,269.2,269.2,269.2,269.2,269.2,269.2,269.2,269.2,269.2,269.2,269.2,269.2,269.2,269.2,269.2,269.2,269.2,269.2,269.2,269.2,269.2,269.2,269.2,269.2,269.2,269.2,269.2,269.2,269.2,269.2,269.2,269.2,269.2,269.2,269.2,269.2,269.2,269.2,269.2,269.2,269.2
70.142,95.106,126.83,132.46,210.81,195.05,168.46,162.82,232.18,228.08,223.77,219.2,214.33,209.07,190.01,185.67,182.71,182.37,188.69,269.2,269.2,269.2,269.2,269.2,269.2,269.2,269.2,269.2,269.2,269.2,269.2,269.2,269.2,269.2,269.2,269.2,269.2,269.2,269.2,269.2,269.2,269.2,269.2,269.2,269.2,269.2,269.2,269.2,269.2,269.2,269.2,269.2,269.2,269.2,269.2,269.2,269.2,269.2,269.2,269.2
69.887,94.714,126.62,131.98,210.76,194.95,168.18,162.52,232.23,228.12,223.8,219.23,214.35,209.07,189.89,185.49,182.49,182.1,188.42,269.2,269.2,269.2,269.2,269.2,269.2,269.2,269.2,269.2,269.2,269.2,269.2,269.2,269.2,269.2,269.2,269.2,269.2,269.2,269.2,269.2,269.2,269.2,269.2,269.2,269.2,269.2,269.2,269.2,269.2,269.2,269.2,269.2,269.2,269.2,269.2,269.2,269.2,269.2,269.2,269.2
69.642,94.325,126.38,131.51,210.7,182.75,167.88,162.21,232.27,228.16,223.84,219.26,214.36,209.07,189.78,185.32,182.26,181.83,188.15,269.2,269.2,269.2,269.2,269.2,269.2,269.2,269.2,269.2,269.2,269.2,269.2,269.2,269.2,269.2,269.2,269.2,269.2,269.2,269.2,269.2,269.2,269.2,269.2,269.2,269.2,269.2,269.2,269.2,269.2,269.2,269.2,269.2,269.2,269.2,269.2,269.2,269.2,269.2,269.2,269.2
69.407,93.942,126.21,131.04,210.64,182.53,167.59,161.91,232.31,228.21,223.88,219.29,214.38,209.06,189.66,185.15,182.03,181.57,187.88,269.2,269.2,269.2,269.2,269.2,269.2,269.2,269.2,269.2,269.2,269.2,269.2,269.2,269.2,269.2,269.2,269.2,269.2,269.2,269.2,269.2,269.2,269.2,269.2,269.2,269.2,269.2,269.2,269.2,269.2,269.2,269.2,269.2,269.2,269.2,269.2,269.2,269.2,269.2,269.2,269.2
69.175,93.564,126.18,130.57,161.32,182.29,167.28,161.6,232.36,228.25,223.91,219.31,214.39,209.06,189.54,184.98,181.8,181.3,187.61,269.2,269.2,269.2,269.2,269.2,269.2,269.2,269.2,269.2,269.2,269.2,269.2,269.2,269.2,269.2,269.2,269.2,269.2,269.2,269.2,269.2,269.2,269.2,269.2,269.2,269.2,269.2,269.2,269.2,269.2,269.2,269.2,269.2,269.2,269.2,269.2,269.2,269.2,269.2,269.2,269.2
68.944,93.195,126.26,130.1,159.81,182.06,166.98,161.29,232.4,228.28,223.94,219.34,214.4,209.05,189.42,184.8,181.58,181.03,187.34,269.2,269.2,269.2,269.2,269.2,269.2,269.2,269.2,269.2,269.2,269.2,269.2,269.2,269.2,269.2,269.2,269.2,269.2,269.2,269.2,269.2,269.2,269.2,269.2,269.2,269.2,269.2,269.2,269.2,269.2,269.2,269.2,269.2,269.2,269.2,269.2,269.2,269.2,269.2,269.2,269.2
68.713,92.832,126.38,129.63,158.71,194.13,166.67,160.98,232.44,228.32,223.98,219.36,214.42,209.05,189.3,184.63,181.35,180.76,187.07,269.2,269.2,269.2,269.2,269.2,269.2,269.2,269.2,269.2,269.2,269.2,269.2,269.2,269.2,269.2,269.2,269.2,269.2,269.2,269.2,269.2,269.2,269.2,269.2,269.2,269.2,269.2,269.2,269.2,269.2,269.2,269.2,269.2,269.2,269.2,269.2,269.2,269.2,269.2,269.2,269.2
68.486,92.474,126.51,129.16,157.8,194,166.36,160.67,232.48,228.36,224.01,219.39,214.43,209.04,189.18,184.45,181.12,180.5,186.81,269.2,269.2,269.2,269.2,269.2,269.2,269.2,269.2,269.2,269.2,269.2,269.2,269.2,269.2,269.2,269.2,269.2,269.2,269.2,269.2,269.2,269.2,269.2,269.2,269.2,269.2,269.2,269.2,269.2,269.2,269.2,269.2,269.2,269.2,269.2,269.2,269.2,269.2,269.2,269.2,269.2
68.261,92.118,126.68,128.68,157.03,193.88,166.04,160.36,232.52,228.39,224.04,219.41,214.44,209.03,189.06,184.28,180.9,180.23,186.54,269.2,269.2,269.2,269.2,269.2,269.2,269.2,269.2,269.2,269.2,269.2,269.2,269.2,269.2,269.2,269.2,269.2,269.2,269.2,269.2,269.2,269.2,269.2,269.2,269.2,269.2,269.2,269.2,269.2,269.2,269.2,269.2,269.2,269.2,269.2,269.2,269.2,269.2,269.2,269.2,269.2
68.039,91.764,126.98,128.21,156.37,193.75,165.72,160.05,232.55,228.43,224.07,219.44,214.45,209.03,188.94,184.1,180.67,179.97,186.28,269.2,269.2,269.2,269.2,269.2,269.2,269.2,269.2,269.2,269.2,269.2,269.2,269.2,269.2,269.2,269.2,269.2,269.2,269.2,269.2,269.2,269.2,269.2,269.2,269.2,269.2,269.2,269.2,269.2,269.2,269.2,269.2,269.2,269.2,269.2,269.2,269.2,269.2,269.2,269.2,269.2
67.831,90.191,128.03,127.74,155.84,193.59,165.4,159.74,232.59,228.46,224.1,219.46,214.46,209.02,188.82,183.93,180.44,179.7,186.02,269.2,269.2,269.2,269.2,269.2,269.2,269.2,269.2,269.2,269.2,269.2,269.2,269.2,269.2,269.2,269.2,269.2,269.2,269.2,269.2,269.2,269.2,269.2,269.2,269.2,269.2,269.2,269.2,269.2,269.2,269.2,269.2,269.2,269.2,269.2,269.2,269.2,269.2,269.2,269.2,269.2
67.639,89.786,147.18,127.27,155.37,180.49,165.06,159.43,232.63,228.5,224.13,219.48,214.47,209.01,188.7,183.75,180.21,179.44,185.76,269.2,269.2,269.2,269.2,269.2,269.2,269.2,269.2,269.2,269.2,269.2,269.2,269.2,269.2,269.2,269.2,269.2,269.2,269.2,269.2,269.2,269.2,269.2,269.2,269.2,269.2,269.2,269.2,269.2,269.2,269.2,269.2,269.2,269.2,269.2,269.2,269.2,269.2,269.2,269.2,269.2
67.453,90.73,146.35,126.8,154.89,180.21,164.72,159.12,232.66,228.53,224.16,219.5,214.48,209,188.58,183.58,179.98,179.18,185.5,269.2,269.2,269.2,269.2,269.2,269.2,269.2,269.2,269.2,269.2,269.2,269.2,269.2,269.2,269.2,269.2,269.2,269.2,269.2,269.2,269.2,269.2,269.2,269.2,269.2,269.2,269.2,269.2,269.2,269.2,269.2,269.2,269.2,269.2,269.2,269.2,269.2,269.2,269.2,269.2,269.2
67.267,90.4,145.52,126.33,154.38,192.94,164.38,158.8,232.7,228.56,224.19,219.52,214.49,208.99,188.45,183.4,179.76,178.91,185.24,269.2,269.2,269.2,269.2,269.2,269.2,269.2,269.2,269.2,269.2,269.2,269.2,269.2,269.2,269.2,269.2,269.2,269.2,269.2,269.2,269.2,269.2,269.2,269.2,269.2,269.2,269.2,269.2,269.2,269.2,269.2,269.2,269.2,269.2,269.2,269.2,269.2,269.2,269.2,269.2,269.2
67.079,90.083,144.67,125.87,153.85,192.7,164.04,158.49,232.73,228.6,224.21,219.54,214.5,208.98,188.33,183.22,179.53,178.65,184.98,269.2,269.2,269.2,269.2,269.2,269.2,269.2,269.2,269.2,269.2,269.2,269.2,269.2,269.2,269.2,269.2,269.2,269.2,269.2,269.2,269.2,269.2,269.2,269.2,269.2,269.2,269.2,269.2,269.2,269.2,269.2,269.2,269.2,269.2,269.2,269.2,269.2,269.2,269.2,269.2,269.2
66.891,88.234,143.88,125.4,153.29,192.54,163.69,158.17,232.76,228.63,224.24,219.56,214.5,208.97,188.21,183.05,179.3,178.39,184.73,269.2,269.2,269.2,269.2,269.2,269.2,269.2,269.2,269.2,269.2,269.2,269.2,269.2,269.2,269.2,269.2,269.2,269.2,269.2,269.2,269.2,269.2,269.2,269.2,269.2,269.2,269.2,269.2,269.2,269.2,269.2,269.2,269.2,269.2,269.2,269.2,269.2,269.2,269.2,269.2,269.2
66.704,87.863,143.12,124.93,152.77,192.37,163.34,157.86,232.8,228.66,224.27,219.58,214.51,208.96,188.08,182.87,179.07,178.12,184.47,269.2,269.2,269.2,269.2,269.2,269.2,269.2,269.2,269.2,269.2,269.2,269.2,269.2,269.2,269.2,269.2,269.2,269.2,269.2,269.2,269.2,269.2,269.2,269.2,269.2,269.2,269.2,269.2,269.2,269.2,269.2,269.2,269.2,269.2,269.2,269.2,269.2,269.2,269.2,269.2,269.2
66.523,87.496,142.36,124.47,152.35,192.2,162.98,157.54,232.83,228.69,224.29,219.59,214.52,208.94,187.95,182.69,178.84,177.86,184.22,269.2,269.2,269.2,269.2,269.2,269.2,269.2,269.2,269.2,269.2,269.2,269.2,269.2,269.2,269.2,269.2,269.2,269.2,269.2,269.2,269.2,269.2,269.2,269.2,269.2,269.2,269.2,269.2,269.2,269.2,269.2,269.2,269.2,269.2,269.2,269.2,269.2,269.2,269.2,269.2,269.2
66.357,87.13,141.56,124.01,151.97,178.38,162.62,157.23,232.86,228.72,224.32,219.61,214.52,208.93,187.83,182.51,178.61,177.6,183.96,269.2,269.2,269.2,269.2,269.2,269.2,269.2,269.2,269.2,269.2,269.2,269.2,269.2,269.2,269.2,269.2,269.2,269.2,269.2,269.2,269.2,269.2,269.2,269.2,269.2,269.2,269.2,269.2,269.2,269.2,269.2,269.2,269.2,269.2,269.2,269.2,269.2,269.2,269.2,269.2,269.2
66.202,88.553,140.69,123.55,151.6,178.05,162.25,156.91,232.89,228.74,224.34,219.63,214.53,208.92,187.7,182.33,178.38,177.34,183.71,269.2,269.2,269.2,269.2,269.2,269.2,269.2,269.2,269.2,269.2,269.2,269.2,269.2,269.2,269.2,269.2,269.2,269.2,269.2,269.2,269.2,269.2,269.2,269.2,269.2,269.2,269.2,269.2,269.2,269.2,269.2,269.2,269.2,269.2,269.2,269.2,269.2,269.2,269.2,269.2,269.2
66.055,88.257,139.88,123.1,151.22,191.41,161.88,156.59,232.92,228.77,224.36,219.64,214.53,208.91,187.57,182.15,178.15,177.08,183.46,269.2,269.2,269.2,269.2,269.2,269.2,269.2,269.2,269.2,269.2,269.2,269.2,269.2,269.2,269.2,269.2,269.2,269.2,269.2,269.2,269.2,269.2,269.2,269.2,269.2,269.2,269.2,269.2,269.2,269.2,269.2,269.2,269.2,269.2,269.2,269.2,269.2,269.2,269.2,269.2,269.2
65.917,86.083,138.96,122.64,150.82,191.15,161.5,156.28,232.95,228.8,224.39,219.66,214.53,208.89,187.44,181.97,177.92,176.82,183.21,269.2,269.2,269.2,269.2,269.2,269.2,269.2,269.2,269.2,269.2,269.2,269.2,269.2,269.2,269.2,269.2,269.2,269.2,269.2,269.2,269.2,269.2,269.2,269.2,269.2,269.2,269.2,269.2,269.2,269.2,269.2,269.2,269.2,269.2,269.2,269.2,269.2,269.2,269.2,269.2,269.2
65.792,85.753,138.08,122.19,150.4,190.92,161.12,155.96,232.98,228.83,224.41,219.68,214.54,208.88,187.31,181.78,177.69,176.56,182.96,269.2,269.2,269.2,269.2,269.2,269.2,269.2,269.2,269.2,269.2,269.2,269.2,269.2,269.2,269.2,269.2,269.2,269.2,269.2,269.2,269.2,269.2,269.2,269.2,269.2,269.2,269.2,269.2,269.2,269.2,269.2,269.2,269.2,269.2,269.2,269.2,269.2,269.2,269.2,269.2,269.2
65.654,85.428,137.23,121.74,149.99,190.7,160.75,155.64,233.01,228.85,224.43,219.69,214.54,208.86,187.18,181.6,177.46,176.29,182.72,269.2,269.2,269.2,269.2,269.2,269.2,269.2,269.2,269.2,269.2,269.2,269.2,269.2,269.2,269.2,269.2,269.2,269.2,269.2,269.2,269.2,269.2,269.2,269.2,269.2,269.2,269.2,269.2,269.2,269.2,269.2,269.2,269.2,269.2,269.2,269.2,269.2,269.2,269.2,269.2,269.2
65.523,85.106,136.39,121.3,149.59,190.48,160.36,155.32,233.04,228.88,224.45,219.7,214.54,208.85,187.05,181.42,177.23,176.03,182.47,269.2,269.2,269.2,269.2,269.2,269.2,269.2,269.2,269.2,269.2,269.2,269.2,269.2,269.2,269.2,269.2,269.2,269.2,269.2,269.2,269.2,269.2,269.2,269.2,269.2,269.2,269.2,269.2,269.2,269.2,269.2,269.2,269.2,269.2,269.2,269.2,269.2,269.2,269.2,269.2,269.2
65.407,84.786,135.53,120.85,149.23,190.23,159.97,155,233.06,228.9,224.47,219.72,214.55,208.83,186.92,181.23,177,175.77,182.23,269.2,269.2,269.2,269.2,269.2,269.2,269.2,269.2,269.2,269.2,269.2,269.2,269.2,269.2,269.2,269.2,269.2,269.2,269.2,269.2,269.2,269.2,269.2,269.2,269.2,269.2,269.2,269.2,269.2,269.2,269.2,269.2,269.2,269.2,269.2,269.2,269.2,269.2,269.2,269.2,269.2
65.313,84.47,134.67,120.41,148.94,189.93,159.58,154.68,233.09,228.93,224.49,219.73,214.55,208.82,186.79,181.05,176.77,175.51,181.98,269.2,269.2,269.2,269.2,269.2,269.2,269.2,269.2,269.2,269.2,269.2,269.2,269.2,269.2,269.2,269.2,269.2,269.2,269.2,269.2,269.2,269.2,269.2,269.2,269.2,269.2,269.2,269.2,269.2,269.2,269.2,269.2,269.2,269.2,269.2,269.2,269.2,269.2,269.2,269.2,269.2
65.249,84.162,133.77,119.97,148.7,189.62,159.17,154.36,233.12,228.95,224.51,219.74,214.55,208.8,186.65,180.86,176.53,175.25,181.74,269.2,269.2,269.2,269.2,269.2,269.2,269.2,269.2,269.2,269.2,269.2,269.2,269.2,269.2,269.2,269.2,269.2,269.2,269.2,269.2,269.2,269.2,269.2,269.2,269.2,269.2,269.2,269.2,269.2,269.2,269.2,269.2,269.2,269.2,269.2,269.2,269.2,269.2,269.2,269.2,269.2
65.207,83.863,132.86,119.54,148.44,189.32,158.77,154.04,233.14,228.97,224.53,219.75,214.55,208.78,186.52,180.67,176.3,174.99,181.5,269.2,269.2,269.2,269.2,269.2,269.2,269.2,269.2,269.2,269.2,269.2,269.2,269.2,269.2,269.2,269.2,269.2,269.2,269.2,269.2,269.2,269.2,269.2,269.2,269.2,269.2,269.2,269.2,269.2,269.2,269.2,269.2,269.2,269.2,269.2,269.2,269.2,269.2,269.2,269.2,269.2
65.177,83.569,131.97,119.11,148.13,189.04,158.36,153.72,233.17,229,224.55,219.77,214.55,208.76,186.38,180.49,176.07,174.73,181.26,269.2,269.2,269.2,269.2,269.2,269.2,269.2,269.2,269.2,269.2,269.2,269.2,269.2,269.2,269.2,269.2,269.2,269.2,269.2,269.2,269.2,269.2,269.2,269.2,269.2,269.2,269.2,269.2,269.2,269.2,269.2,269.2,269.2,269.2,269.2,269.2,269.2,269.2,269.2,269.2,269.2
65.158,83.283,131.08,118.68,147.77,188.75,157.95,153.4,233.19,229.02,224.57,219.78,214.55,208.75,186.24,180.3,175.83,174.47,181.02,269.2,269.2,269.2,269.2,269.2,269.2,269.2,269.2,269.2,269.2,269.2,269.2,269.2,269.2,269.2,269.2,269.2,269.2,269.2,269.2,269.2,269.2,269.2,269.2,269.2,269.2,269.2,269.2,269.2,269.2,269.2,269.2,269.2,269.2,269.2,269.2,269.2,269.2,269.2,269.2,269.2
67.804,83.008,130.19,118.25,147.38,188.46,157.54,153.08,233.22,229.04,224.59,219.79,214.55,208.73,186.1,180.11,175.6,174.21,180.78,269.2,269.2,269.2,269.2,269.2,269.2,269.2,269.2,269.2,269.2,269.2,269.2,269.2,269.2,269.2,269.2,269.2,269.2,269.2,269.2,269.2,269.2,269.2,269.2,269.2,269.2,269.2,269.2,269.2,269.2,269.2,269.2,269.2,269.2,269.2,269.2,269.2,269.2,269.2,269.2,269.2
67.792,82.738,129.28,117.83,146.99,173.17,157.12,152.76,233.24,229.06,224.6,219.8,214.55,208.71,185.96,179.92,175.36,173.95,180.54,269.2,269.2,269.2,269.2,269.2,269.2,269.2,269.2,269.2,269.2,269.2,269.2,269.2,269.2,269.2,269.2,269.2,269.2,269.2,269.2,269.2,269.2,269.2,269.2,269.2,269.2,269.2,269.2,269.2,269.2,269.2,269.2,269.2,269.2,269.2,269.2,269.2,269.2,269.2,269.2,269.2
67.806,82.472,128.38,117.41,146.62,187.81,156.7,152.44,233.26,229.09,224.62,219.81,214.54,208.69,185.82,179.73,175.12,173.69,180.3,269.2,269.2,269.2,269.2,269.2,269.2,269.2,269.2,269.2,269.2,269.2,269.2,269.2,269.2,269.2,269.2,269.2,269.2,269.2,269.2,269.2,269.2,269.2,269.2,269.2,269.2,269.2,269.2,269.2,269.2,269.2,269.2,269.2,269.2,269.2,269.2,269.2,269.2,269.2,269.2,269.2
67.866,82.215,127.46,117,146.34,187.47,156.27,152.12,233.29,229.11,224.64,219.82,214.54,208.67,185.68,179.53,174.89,173.43,180.07,269.2,269.2,269.2,269.2,269.2,269.2,269.2,269.2,269.2,269.2,269.2,269.2,269.2,269.2,269.2,269.2,269.2,269.2,269.2,269.2,269.2,269.2,269.2,269.2,269.2,269.2,269.2,269.2,269.2,269.2,269.2,269.2,269.2,269.2,269.2,269.2,269.2,269.2,269.2,269.2,269.2
67.975,81.958,126.54,116.59,146.14,187.14,155.84,151.8,233.31,229.13,224.65,219.83,214.54,208.65,185.54,179.34,174.65,173.18,179.83,269.2,269.2,269.2,269.2,269.2,269.2,269.2,269.2,269.2,269.2,269.2,269.2,269.2,269.2,269.2,269.2,269.2,269.2,269.2,269.2,269.2,269.2,269.2,269.2,269.2,269.2,269.2,269.2,269.2,269.2,269.2,269.2,269.2,269.2,269.2,269.2,269.2,269.2,269.2,269.2,269.2
68.125,81.699,125.64,116.18,145.93,186.81,155.41,151.48,233.33,229.15,224.67,219.83,214.54,208.63,185.39,179.14,174.41,172.92,179.6,269.2,269.2,269.2,269.2,269.2,269.2,269.2,269.2,269.2,269.2,269.2,269.2,269.2,269.2,269.2,269.2,269.2,269.2,269.2,269.2,269.2,269.2,269.2,269.2,269.2,269.2,269.2,269.2,269.2,269.2,269.2,269.2,269.2,269.2,269.2,269.2,269.2,269.2,269.2,269.2,269.2
68.325,81.443,124.74,115.78,145.67,186.48,154.98,151.15,233.35,229.17,224.68,219.84,214.53,208.6,185.25,178.95,174.17,172.66,179.37,269.2,269.2,269.2,269.2,269.2,269.2,269.2,269.2,269.2,269.2,269.2,269.2,269.2,269.2,269.2,269.2,269.2,269.2,269.2,269.2,269.2,269.2,269.2,269.2,269.2,269.2,269.2,269.2,269.2,269.2,269.2,269.2,269.2,269.2,269.2,269.2,269.2,269.2,269.2,269.2,269.2
68.589,81.2,123.84,115.38,145.37,186.14,154.54,150.83,233.38,229.19,224.7,219.85,214.53,208.58,185.1,178.75,173.93,172.4,179.13,269.2,269.2,269.2,269.2,269.2,269.2,269.2,269.2,269.2,269.2,269.2,269.2,269.2,269.2,269.2,269.2,269.2,269.2,269.2,269.2,269.2,269.2,269.2,269.2,269.2,269.2,269.2,269.2,269.2,269.2,269.2,269.2,269.2,269.2,269.2,269.2,269.2,269.2,269.2,269.2,269.2
68.967,80.976,122.93,114.98,145.04,170.07,154.1,150.51,233.4,229.2,224.71,219.86,214.52,208.56,184.95,178.55,173.69,172.14,178.9,269.2,269.2,269.2,269.2,269.2,269.2,269.2,269.2,269.2,269.2,269.2,269.2,269.2,269.2,269.2,269.2,269.2,269.2,269.2,269.2,269.2,269.2,269.2,269.2,269.2,269.2,269.2,269.2,269.2,269.2,269.2,269.2,269.2,269.2,269.2,269.2,269.2,269.2,269.2,269.2,269.2
69.585,80.764,122,114.59,144.71,185.38,153.65,150.19,233.42,229.22,224.73,219.86,214.52,208.54,184.8,178.35,173.45,171.88,178.67,269.2,269.2,269.2,269.2,269.2,269.2,269.2,269.2,269.2,269.2,269.2,269.2,269.2,269.2,269.2,269.2,269.2,269.2,269.2,269.2,269.2,269.2,269.2,269.2,269.2,269.2,269.2,269.2,269.2,269.2,269.2,269.2,269.2,269.2,269.2,269.2,269.2,269.2,269.2,269.2,269.2
71.101,80.551,121.07,114.21,144.44,184.99,153.2,149.87,233.44,229.24,224.74,219.87,214.51,208.51,184.65,178.15,173.2,171.62,178.45,269.2,269.2,269.2,269.2,269.2,269.2,269.2,269.2,269.2,269.2,269.2,269.2,269.2,269.2,269.2,269.2,269.2,269.2,269.2,269.2,269.2,269.2,269.2,269.2,269.2,269.2,269.2,269.2,269.2,269.2,269.2,269.2,269.2,269.2,269.2,269.2,269.2,269.2,269.2,269.2,269.2
83.922,80.332,120.14,113.83,144.23,184.6,152.75,149.55,233.46,229.26,224.75,219.88,214.51,208.49,184.5,177.95,172.96,171.36,178.22,269.2,269.2,269.2,269.2,269.2,269.2,269.2,269.2,269.2,269.2,269.2,269.2,269.2,269.2,269.2,269.2,269.2,269.2,269.2,269.2,269.2,269.2,269.2,269.2,269.2,269.2,269.2,269.2,269.2,269.2,269.2,269.2,269.2,269.2,269.2,269.2,269.2,269.2,269.2,269.2,269.2
82.856,80.112,119.23,113.45,144.01,184.22,152.3,149.23,233.48,229.28,224.77,219.88,214.5,208.46,184.35,177.74,172.71,171.1,177.99,269.2,269.2,269.2,269.2,269.2,269.2,269.2,269.2,269.2,269.2,269.2,269.2,269.2,269.2,269.2,269.2,269.2,269.2,269.2,269.2,269.2,269.2,269.2,269.2,269.2,269.2,269.2,269.2,269.2,269.2,269.2,269.2,269.2,269.2,269.2,269.2,269.2,269.2,269.2,269.2,269.2
81.818,79.895,118.34,113.07,143.77,183.85,151.84,148.91,233.5,229.29,224.78,219.89,214.49,208.44,184.19,177.54,172.47,170.84,177.77,269.2,269.2,269.2,269.2,269.2,269.2,269.2,269.2,269.2,269.2,269.2,269.2,269.2,269.2,269.2,269.2,269.2,269.2,269.2,269.2,269.2,269.2,269.2,269.2,269.2,269.2,269.2,269.2,269.2,269.2,269.2,269.2,269.2,269.2,269.2,269.2,269.2,269.2,269.2,269.2,269.2
80.822,79.695,117.45,112.7,143.5,183.47,151.38,148.59,233.52,229.31,224.79,219.89,214.49,208.41,184.03,177.33,172.22,170.58,177.54,269.2,269.2,269.2,269.2,269.2,269.2,269.2,269.2,269.2,269.2,269.2,269.2,269.2,269.2,269.2,269.2,269.2,269.2,269.2,269.2,269.2,269.2,269.2,269.2,269.2,269.2,269.2,269.2,269.2,269.2,269.2,269.2,269.2,269.2,269.2,269.2,269.2,269.2,269.2,269.2,269.2
79.861,79.512,116.57,112.33,143.23,183.07,150.91,148.27,233.54,229.32,224.8,219.89,214.48,208.38,183.88,177.12,171.98,170.32,177.32,269.2,269.2,269.2,269.2,269.2,269.2,269.2,269.2,269.2,269.2,269.2,269.2,269.2,269.2,269.2,269.2,269.2,269.2,269.2,269.2,269.2,269.2,269.2,269.2,269.2,269.2,269.2,269.2,269.2,269.2,269.2,269.2,269.2,269.2,269.2,269.2,269.2,269.2,269.2,269.2,269.2
78.922,79.333,115.66,111.97,142.97,166.11,150.45,147.95,233.55,229.34,224.81,219.9,214.47,208.36,183.72,176.91,171.73,170.06,177.09,269.2,269.2,269.2,269.2,269.2,269.2,269.2,269.2,269.2,269.2,269.2,269.2,269.2,269.2,269.2,269.2,269.2,269.2,269.2,269.2,269.2,269.2,269.2,269.2,269.2,269.2,269.2,269.2,269.2,269.2,269.2,269.2,269.2,269.2,269.2,269.2,269.2,269.2,269.2,269.2,269.2
77.984,79.152,114.74,111.62,142.75,182.17,149.97,147.63,233.57,229.36,224.82,219.9,214.46,208.33,183.56,176.7,171.48,169.8,176.87,269.2,269.2,269.2,269.2,269.2,269.2,269.2,269.2,269.2,269.2,269.2,269.2,269.2,269.2,269.2,269.2,269.2,269.2,269.2,269.2,269.2,269.2,269.2,269.2,269.2,269.2,269.2,269.2,269.2,269.2,269.2,269.2,269.2,269.2,269.2,269.2,269.2,269.2,269.2,269.2,269.2
77.022,78.967,113.85,111.27,142.54,181.7,149.5,147.31,233.59,229.37,224.83,219.9,214.45,208.3,183.39,176.49,171.23,169.54,176.65,269.2,269.2,269.2,269.2,269.2,269.2,269.2,269.2,269.2,269.2,269.2,269.2,269.2,269.2,269.2,269.2,269.2,269.2,269.2,269.2,269.2,269.2,269.2,269.2,269.2,269.2,269.2,269.2,269.2,269.2,269.2,269.2,269.2,269.2,269.2,269.2,269.2,269.2,269.2,269.2,269.2
76.066,78.783,112.97,110.93,142.32,181.25,149.03,146.99,233.61,229.39,224.84,219.91,214.44,208.27,183.23,176.27,170.98,169.28,176.43,269.2,269.2,269.2,269.2,269.2,269.2,269.2,269.2,269.2,269.2,269.2,269.2,269.2,269.2,269.2,269.2,269.2,269.2,269.2,269.2,269.2,269.2,269.2,269.2,269.2,269.2,269.2,269.2,269.2,269.2,269.2,269.2,269.2,269.2,269.2,269.2,269.2,269.2,269.2,269.2,269.2
75.134,78.606,112.08,110.58,142.09,180.83,148.55,146.68,233.62,229.4,224.85,219.91,214.43,208.24,183.06,176.06,170.72,169.02,176.21,269.2,269.2,269.2,269.2,269.2,269.2,269.2,269.2,269.2,269.2,269.2,269.2,269.2,269.2,269.2,269.2,269.2,269.2,269.2,269.2,269.2,269.2,269.2,269.2,269.2,269.2,269.2,269.2,269.2,269.2,269.2,269.2,269.2,269.2,269.2,269.2,269.2,269.2,269.2,269.2,269.2
74.234,78.445,111.2,110.24,141.84,180.42,148.07,146.36,233.64,229.41,224.86,219.91,214.42,208.21,182.89,175.84,170.47,168.76,175.99,269.2,269.2,269.2,269.2,269.2,269.2,269.2,269.2,269.2,269.2,269.2,269.2,269.2,269.2,269.2,269.2,269.2,269.2,269.2,269.2,269.2,269.2,269.2,269.2,269.2,269.2,269.2,269.2,269.2,269.2,269.2,269.2,269.2,269.2,269.2,269.2,269.2,269.2,269.2,269.2,269.2
73.361,78.297,110.3,109.9,141.6,180,147.59,146.04,233.66,229.43,224.87,219.91,214.41,208.18,182.72,175.62,170.22,168.5,175.78,269.2,269.2,269.2,269.2,269.2,269.2,269.2,269.2,269.2,269.2,269.2,269.2,269.2,269.2,269.2,269.2,269.2,269.2,269.2,269.2,269.2,269.2,269.2,269.2,269.2,269.2,269.2,269.2,269.2,269.2,269.2,269.2,269.2,269.2,269.2,269.2,269.2,269.2,269.2,269.2,269.2
72.507,78.153,109.39,109.57,141.36,179.54,147.1,145.73,233.67,229.44,224.88,219.91,214.4,208.15,182.55,175.4,169.96,168.24,175.56,269.2,269.2,269.2,269.2,269.2,269.2,269.2,269.2,269.2,269.2,269.2,269.2,269.2,269.2,269.2,269.2,269.2,269.2,269.2,269.2,269.2,269.2,269.2,269.2,269.2,269.2,269.2,269.2,269.2,269.2,269.2,269.2,269.2,269.2,269.2,269.2,269.2,269.2,269.2,269.2,269.2
71.659,77.995,108.53,109.25,141.17,179.02,146.61,145.41,233.69,229.45,224.89,219.91,214.39,208.12,182.38,175.18,169.7,167.98,175.35,269.2,269.2,269.2,269.2,269.2,269.2,269.2,269.2,269.2,269.2,269.2,269.2,269.2,269.2,269.2,269.2,269.2,269.2,269.2,269.2,269.2,269.2,269.2,269.2,269.2,269.2,269.2,269.2,269.2,269.2,269.2,269.2,269.2,269.2,269.2,269.2,269.2,269.2,269.2,269.2,269.2
1123.9,952.56,925.08,706.63,469.04,478.33,469.21,457.35,233.59,232.4,231.18,229.92,228.61,227.27,235.34,231.33,226.84,221.45,212.92,0,0,0,0,0,0,0,0,0,0,0,0,0,0,0,0,0,0,0,0,0,0,0,0,0,0,0,0,0,0,0,0,0,0,0,0,0,0,0,0,0
1117.5,947.54,920.22,703.06,466.55,475.95,466.99,455.32,232.35,231.2,230.02,228.8,227.53,226.23,234.38,230.42,225.99,220.66,212.23,0,0,0,0,0,0,0,0,0,0,0,0,0,0,0,0,0,0,0,0,0,0,0,0,0,0,0,0,0,0,0,0,0,0,0,0,0,0,0,0,0
1111,942.62,915.42,699.53,464.09,473.61,464.8,453.33,231.14,230.03,228.88,227.7,226.47,225.2,233.42,229.52,225.15,219.89,211.55,0,0,0,0,0,0,0,0,0,0,0,0,0,0,0,0,0,0,0,0,0,0,0,0,0,0,0,0,0,0,0,0,0,0,0,0,0,0,0,0,0
1104.6,937.77,910.68,696.09,461.67,458.27,462.65,451.37,229.95,228.87,227.76,226.61,225.42,224.19,232.49,228.63,224.32,219.12,210.88,0,0,0,0,0,0,0,0,0,0,0,0,0,0,0,0,0,0,0,0,0,0,0,0,0,0,0,0,0,0,0,0,0,0,0,0,0,0,0,0,0
1098.4,932.96,905.99,692.75,459.29,455.97,460.53,449.44,228.78,227.73,226.66,225.54,224.39,223.2,231.56,227.76,223.5,218.37,210.22,0,0,0,0,0,0,0,0,0,0,0,0,0,0,0,0,0,0,0,0,0,0,0,0,0,0,0,0,0,0,0,0,0,0,0,0,0,0,0,0,0
1092.2,928.19,901.33,689.48,456.98,453.72,458.45,447.53,227.63,226.62,225.58,224.5,223.38,222.23,230.65,226.9,222.7,217.62,209.56,0,0,0,0,0,0,0,0,0,0,0,0,0,0,0,0,0,0,0,0,0,0,0,0,0,0,0,0,0,0,0,0,0,0,0,0,0,0,0,0,0
1086.3,923.45,896.72,686.26,454.71,464.63,456.4,445.65,226.5,225.52,224.51,223.46,222.38,221.26,229.75,226.05,221.9,216.89,208.92,0,0,0,0,0,0,0,0,0,0,0,0,0,0,0,0,0,0,0,0,0,0,0,0,0,0,0,0,0,0,0,0,0,0,0,0,0,0,0,0,0
1080.5,918.86,892.12,683.07,452.47,462.48,454.38,443.81,225.39,224.44,223.46,222.45,221.4,220.32,228.87,225.21,221.11,216.16,208.28,0,0,0,0,0,0,0,0,0,0,0,0,0,0,0,0,0,0,0,0,0,0,0,0,0,0,0,0,0,0,0,0,0,0,0,0,0,0,0,0,0
1074.8,914.38,887.48,679.92,656.99,460.36,452.39,441.99,224.29,223.37,222.43,221.45,220.43,219.38,228,224.39,220.34,215.44,207.65,0,0,0,0,0,0,0,0,0,0,0,0,0,0,0,0,0,0,0,0,0,0,0,0,0,0,0,0,0,0,0,0,0,0,0,0,0,0,0,0,0
1069.1,910.01,882.76,676.81,654.81,458.28,450.43,440.19,223.22,222.33,221.42,220.46,219.48,218.46,227.13,223.57,219.57,214.74,207.03,0,0,0,0,0,0,0,0,0,0,0,0,0,0,0,0,0,0,0,0,0,0,0,0,0,0,0,0,0,0,0,0,0,0,0,0,0,0,0,0,0
1063.4,905.72,878.01,673.75,652.47,443.29,448.51,438.42,222.16,221.3,220.42,219.49,218.54,217.56,226.29,222.77,218.82,214.04,206.41,0,0,0,0,0,0,0,0,0,0,0,0,0,0,0,0,0,0,0,0,0,0,0,0,0,0,0,0,0,0,0,0,0,0,0,0,0,0,0,0,0
1057.8,901.48,873.25,670.76,650.06,441.24,446.61,436.68,221.12,220.29,219.43,218.54,217.61,216.66,225.45,221.98,218.07,213.35,205.8,0,0,0,0,0,0,0,0,0,0,0,0,0,0,0,0,0,0,0,0,0,0,0,0,0,0,0,0,0,0,0,0,0,0,0,0,0,0,0,0,0
1052.3,897.27,868.45,667.83,647.64,439.2,444.74,434.96,220.09,219.29,218.46,217.6,216.7,215.78,224.62,221.2,217.34,212.67,205.2,0,0,0,0,0,0,0,0,0,0,0,0,0,0,0,0,0,0,0,0,0,0,0,0,0,0,0,0,0,0,0,0,0,0,0,0,0,0,0,0,0
1046.8,893.1,863.5,664.93,645.21,437.2,442.89,433.26,219.09,218.31,217.51,216.67,215.8,214.92,223.81,220.42,216.61,211.99,204.61,0,0,0,0,0,0,0,0,0,0,0,0,0,0,0,0,0,0,0,0,0,0,0,0,0,0,0,0,0,0,0,0,0,0,0,0,0,0,0,0,0
1041.5,874.8,857.57,662.07,642.79,435.26,441.08,431.59,218.09,217.34,216.57,215.76,214.92,214.06,223.01,219.66,215.9,211.33,204.02,0,0,0,0,0,0,0,0,0,0,0,0,0,0,0,0,0,0,0,0,0,0,0,0,0,0,0,0,0,0,0,0,0,0,0,0,0,0,0,0,0
1036.4,870.7,654.18,659.25,640.39,446.43,439.29,429.94,217.12,216.39,215.64,214.86,214.05,213.22,222.21,218.91,215.19,210.67,203.44,0,0,0,0,0,0,0,0,0,0,0,0,0,0,0,0,0,0,0,0,0,0,0,0,0,0,0,0,0,0,0,0,0,0,0,0,0,0,0,0,0
1031.3,880.87,651.31,656.46,638.02,444.56,437.53,428.32,216.15,215.45,214.73,213.97,213.19,212.39,221.43,218.17,214.49,210.02,202.86,0,0,0,0,0,0,0,0,0,0,0,0,0,0,0,0,0,0,0,0,0,0,0,0,0,0,0,0,0,0,0,0,0,0,0,0,0,0,0,0,0
1026.3,876.97,648.46,653.72,635.67,429.78,435.79,426.71,215.21,214.53,213.83,213.1,212.34,211.57,220.66,217.44,213.8,209.38,202.3,0,0,0,0,0,0,0,0,0,0,0,0,0,0,0,0,0,0,0,0,0,0,0,0,0,0,0,0,0,0,0,0,0,0,0,0,0,0,0,0,0
1021.3,873.21,645.69,651.03,633.35,428.01,434.08,425.13,214.27,213.62,212.94,212.24,211.5,210.76,219.9,216.71,213.12,208.75,201.74,0,0,0,0,0,0,0,0,0,0,0,0,0,0,0,0,0,0,0,0,0,0,0,0,0,0,0,0,0,0,0,0,0,0,0,0,0,0,0,0,0
1016.3,855.51,642.86,648.39,631.04,426.18,432.39,423.57,213.36,212.72,212.07,211.39,210.68,209.96,219.15,216,212.44,208.12,201.18,0,0,0,0,0,0,0,0,0,0,0,0,0,0,0,0,0,0,0,0,0,0,0,0,0,0,0,0,0,0,0,0,0,0,0,0,0,0,0,0,0
1011.3,851.89,640.02,645.78,628.76,424.37,430.72,422.03,212.45,211.84,211.21,210.55,209.87,209.17,218.41,215.29,211.78,207.5,200.63,0,0,0,0,0,0,0,0,0,0,0,0,0,0,0,0,0,0,0,0,0,0,0,0,0,0,0,0,0,0,0,0,0,0,0,0,0,0,0,0,0
1006.4,848.26,637.21,643.21,626.51,422.59,429.08,420.51,211.56,210.97,210.36,209.72,209.07,208.4,217.67,214.6,211.12,206.89,200.09,0,0,0,0,0,0,0,0,0,0,0,0,0,0,0,0,0,0,0,0,0,0,0,0,0,0,0,0,0,0,0,0,0,0,0,0,0,0,0,0,0
1001.6,844.56,634.49,640.65,624.28,433.9,427.46,419.01,210.68,210.11,209.53,208.91,208.28,207.63,216.95,213.91,210.47,206.29,199.55,0,0,0,0,0,0,0,0,0,0,0,0,0,0,0,0,0,0,0,0,0,0,0,0,0,0,0,0,0,0,0,0,0,0,0,0,0,0,0,0,0
996.94,854.97,631.89,638.14,622.08,432.21,425.87,417.53,209.81,209.26,208.7,208.11,207.5,206.88,216.24,213.23,209.83,205.69,199.02,0,0,0,0,0,0,0,0,0,0,0,0,0,0,0,0,0,0,0,0,0,0,0,0,0,0,0,0,0,0,0,0,0,0,0,0,0,0,0,0,0
992.34,851.4,629.25,635.66,619.91,417.66,424.29,416.07,208.96,208.43,207.89,207.32,206.73,206.13,215.53,212.56,209.2,205.1,198.5,0,0,0,0,0,0,0,0,0,0,0,0,0,0,0,0,0,0,0,0,0,0,0,0,0,0,0,0,0,0,0,0,0,0,0,0,0,0,0,0,0
987.8,834.03,626.76,633.21,617.75,416.05,422.74,414.63,208.12,207.61,207.09,206.54,205.97,205.4,214.84,211.9,208.57,204.52,197.98,0,0,0,0,0,0,0,0,0,0,0,0,0,0,0,0,0,0,0,0,0,0,0,0,0,0,0,0,0,0,0,0,0,0,0,0,0,0,0,0,0
983.34,830.75,624.26,630.81,615.62,414.42,421.2,413.21,207.29,206.8,206.3,205.77,205.22,204.67,214.15,211.24,207.95,203.94,197.46,0,0,0,0,0,0,0,0,0,0,0,0,0,0,0,0,0,0,0,0,0,0,0,0,0,0,0,0,0,0,0,0,0,0,0,0,0,0,0,0,0
978.8,827.49,621.75,628.45,613.5,412.79,419.69,411.8,206.47,206,205.51,205.01,204.48,203.95,213.47,210.6,207.34,203.37,196.96,0,0,0,0,0,0,0,0,0,0,0,0,0,0,0,0,0,0,0,0,0,0,0,0,0,0,0,0,0,0,0,0,0,0,0,0,0,0,0,0,0
974.32,824.23,619.25,626.12,611.41,411.18,418.2,410.41,205.66,205.21,204.75,204.26,203.75,203.24,212.8,209.96,206.74,202.81,196.45,0,0,0,0,0,0,0,0,0,0,0,0,0,0,0,0,0,0,0,0,0,0,0,0,0,0,0,0,0,0,0,0,0,0,0,0,0,0,0,0,0
969.92,820.95,616.79,623.82,609.35,409.61,416.73,409.04,204.87,204.43,203.99,203.51,203.03,202.55,212.14,209.33,206.14,202.25,195.96,0,0,0,0,0,0,0,0,0,0,0,0,0,0,0,0,0,0,0,0,0,0,0,0,0,0,0,0,0,0,0,0,0,0,0,0,0,0,0,0,0
965.65,817.68,614.38,621.54,607.32,408.12,415.27,407.69,204.08,203.66,203.24,202.78,202.32,201.86,211.48,208.7,205.55,201.7,195.46,0,0,0,0,0,0,0,0,0,0,0,0,0,0,0,0,0,0,0,0,0,0,0,0,0,0,0,0,0,0,0,0,0,0,0,0,0,0,0,0,0
961.52,814.48,612.04,619.29,605.33,406.64,413.84,406.35,203.31,202.91,202.5,202.06,201.62,201.17,210.84,208.09,204.97,201.15,194.98,0,0,0,0,0,0,0,0,0,0,0,0,0,0,0,0,0,0,0,0,0,0,0,0,0,0,0,0,0,0,0,0,0,0,0,0,0,0,0,0,0
957.49,811.33,609.73,617.06,603.37,405.17,412.42,405.03,202.54,202.16,201.77,201.35,200.93,200.5,210.2,207.48,204.39,200.61,194.5,0,0,0,0,0,0,0,0,0,0,0,0,0,0,0,0,0,0,0,0,0,0,0,0,0,0,0,0,0,0,0,0,0,0,0,0,0,0,0,0,0
953.47,808.23,607.44,614.86,601.41,403.7,411.02,403.73,201.79,201.42,201.05,200.65,200.24,199.84,209.57,206.87,203.82,200.08,194.02,0,0,0,0,0,0,0,0,0,0,0,0,0,0,0,0,0,0,0,0,0,0,0,0,0,0,0,0,0,0,0,0,0,0,0,0,0,0,0,0,0
949.47,805.2,605.16,612.7,599.47,402.23,409.64,402.44,201.05,200.69,200.34,199.95,199.57,199.18,208.94,206.28,203.25,199.55,193.55,0,0,0,0,0,0,0,0,0,0,0,0,0,0,0,0,0,0,0,0,0,0,0,0,0,0,0,0,0,0,0,0,0,0,0,0,0,0,0,0,0
955.8,802.27,602.91,610.59,597.53,400.79,408.28,401.17,200.31,199.98,199.63,199.27,198.9,198.53,208.33,205.69,202.7,199.03,193.08,0,0,0,0,0,0,0,0,0,0,0,0,0,0,0,0,0,0,0,0,0,0,0,0,0,0,0,0,0,0,0,0,0,0,0,0,0,0,0,0,0
951.21,799.36,600.71,608.51,595.61,412.23,406.93,399.91,199.59,199.27,198.94,198.59,198.24,197.89,207.72,205.11,202.15,198.51,192.62,0,0,0,0,0,0,0,0,0,0,0,0,0,0,0,0,0,0,0,0,0,0,0,0,0,0,0,0,0,0,0,0,0,0,0,0,0,0,0,0,0
946.63,796.47,598.53,606.44,593.71,398.01,405.6,398.67,198.87,198.57,198.26,197.93,197.59,197.26,207.11,204.53,201.6,198,192.16,0,0,0,0,0,0,0,0,0,0,0,0,0,0,0,0,0,0,0,0,0,0,0,0,0,0,0,0,0,0,0,0,0,0,0,0,0,0,0,0,0
942.07,793.63,596.4,604.39,591.86,396.65,404.28,397.44,198.17,197.88,197.58,197.26,196.95,196.63,206.52,203.96,201.06,197.5,191.71,0,0,0,0,0,0,0,0,0,0,0,0,0,0,0,0,0,0,0,0,0,0,0,0,0,0,0,0,0,0,0,0,0,0,0,0,0,0,0,0,0
937.49,790.77,594.28,602.35,590.05,395.29,402.99,396.23,197.47,197.19,196.91,196.61,196.31,196.01,205.93,203.4,200.53,197,191.26,0,0,0,0,0,0,0,0,0,0,0,0,0,0,0,0,0,0,0,0,0,0,0,0,0,0,0,0,0,0,0,0,0,0,0,0,0,0,0,0,0
932.85,787.89,592.18,600.32,588.26,393.94,401.7,395.03,196.78,196.52,196.25,195.97,195.68,195.4,205.35,202.85,200,196.5,190.82,0,0,0,0,0,0,0,0,0,0,0,0,0,0,0,0,0,0,0,0,0,0,0,0,0,0,0,0,0,0,0,0,0,0,0,0,0,0,0,0,0
928.13,785.04,590.09,598.32,586.48,392.6,400.44,393.85,196.1,195.85,195.6,195.33,195.06,194.8,204.77,202.3,199.48,196.01,190.38,0,0,0,0,0,0,0,0,0,0,0,0,0,0,0,0,0,0,0,0,0,0,0,0,0,0,0,0,0,0,0,0,0,0,0,0,0,0,0,0,0
923.29,782.28,588.02,596.35,584.71,391.29,399.19,392.68,195.43,195.2,194.96,194.7,194.45,194.2,204.2,201.75,198.96,195.53,189.94,0,0,0,0,0,0,0,0,0,0,0,0,0,0,0,0,0,0,0,0,0,0,0,0,0,0,0,0,0,0,0,0,0,0,0,0,0,0,0,0,0
918.27,779.65,586,594.43,582.94,402.79,397.95,391.52,194.77,194.55,194.32,194.08,193.84,193.61,203.64,201.21,198.45,195.05,189.51,0,0,0,0,0,0,0,0,0,0,0,0,0,0,0,0,0,0,0,0,0,0,0,0,0,0,0,0,0,0,0,0,0,0,0,0,0,0,0,0,0
912.86,777.1,584.04,592.57,581.18,388.75,396.73,390.37,194.12,193.91,193.7,193.47,193.24,193.03,203.09,200.68,197.94,194.57,189.08,0,0,0,0,0,0,0,0,0,0,0,0,0,0,0,0,0,0,0,0,0,0,0,0,0,0,0,0,0,0,0,0,0,0,0,0,0,0,0,0,0
905.95,774.52,582.09,590.73,579.46,387.5,395.52,389.24,193.47,193.27,193.08,192.86,192.65,192.45,202.54,200.15,197.44,194.1,188.66,0,0,0,0,0,0,0,0,0,0,0,0,0,0,0,0,0,0,0,0,0,0,0,0,0,0,0,0,0,0,0,0,0,0,0,0,0,0,0,0,0
715.98,771.91,580.17,588.89,577.79,386.26,394.33,388.12,192.83,192.65,192.46,192.26,192.07,191.88,201.99,199.63,196.95,193.64,188.24,0,0,0,0,0,0,0,0,0,0,0,0,0,0,0,0,0,0,0,0,0,0,0,0,0,0,0,0,0,0,0,0,0,0,0,0,0,0,0,0,0
713.37,769.27,578.25,587.04,576.13,385.02,393.15,387.02,192.2,192.03,191.86,191.67,191.49,191.32,201.45,199.12,196.46,193.18,187.83,0,0,0,0,0,0,0,0,0,0,0,0,0,0,0,0,0,0,0,0,0,0,0,0,0,0,0,0,0,0,0,0,0,0,0,0,0,0,0,0,0
710.75,766.67,576.33,585.19,574.48,383.78,391.98,385.92,191.58,191.42,191.26,191.09,190.92,190.76,200.92,198.61,195.97,192.72,187.42,0,0,0,0,0,0,0,0,0,0,0,0,0,0,0,0,0,0,0,0,0,0,0,0,0,0,0,0,0,0,0,0,0,0,0,0,0,0,0,0,0
708.11,764.16,574.41,583.35,572.84,382.56,390.83,384.84,190.96,190.81,190.67,190.51,190.35,190.21,200.39,198.1,195.49,192.27,187.01,0,0,0,0,0,0,0,0,0,0,0,0,0,0,0,0,0,0,0,0,0,0,0,0,0,0,0,0,0,0,0,0,0,0,0,0,0,0,0,0,0
705.45,761.76,572.53,581.53,571.2,381.36,389.69,383.77,190.35,190.22,190.08,189.93,189.79,189.67,199.87,197.6,195.02,191.83,186.61,0,0,0,0,0,0,0,0,0,0,0,0,0,0,0,0,0,0,0,0,0,0,0,0,0,0,0,0,0,0,0,0,0,0,0,0,0,0,0,0,0
702.8,759.37,570.71,579.77,569.59,392.95,388.56,382.71,189.75,189.63,189.5,189.37,189.24,189.13,199.36,197.11,194.55,191.38,186.21,0,0,0,0,0,0,0,0,0,0,0,0,0,0,0,0,0,0,0,0,0,0,0,0,0,0,0,0,0,0,0,0,0,0,0,0,0,0,0,0,0
700.21,756.96,568.93,578.08,568.01,379.08,387.45,381.66,189.16,189.04,188.93,188.81,188.69,188.6,198.85,196.62,194.08,190.95,185.82,0,0,0,0,0,0,0,0,0,0,0,0,0,0,0,0,0,0,0,0,0,0,0,0,0,0,0,0,0,0,0,0,0,0,0,0,0,0,0,0,0
697.73,754.54,567.14,576.41,566.45,377.96,386.34,380.63,188.57,188.47,188.36,188.25,188.15,188.07,198.34,196.14,193.62,190.51,185.42,0,0,0,0,0,0,0,0,0,0,0,0,0,0,0,0,0,0,0,0,0,0,0,0,0,0,0,0,0,0,0,0,0,0,0,0,0,0,0,0,0
695.29,752.11,565.36,574.74,564.91,376.83,385.26,379.61,187.99,187.89,187.81,187.71,187.62,187.55,197.84,195.66,193.16,190.08,185.04,0,0,0,0,0,0,0,0,0,0,0,0,0,0,0,0,0,0,0,0,0,0,0,0,0,0,0,0,0,0,0,0,0,0,0,0,0,0,0,0,0
692.86,749.73,563.6,573.05,563.37,375.69,384.18,378.59,187.41,187.33,187.25,187.17,187.09,187.03,197.35,195.19,192.71,189.66,184.65,0,0,0,0,0,0,0,0,0,0,0,0,0,0,0,0,0,0,0,0,0,0,0,0,0,0,0,0,0,0,0,0,0,0,0,0,0,0,0,0,0
690.43,747.42,561.87,571.36,561.85,374.54,383.11,377.59,186.85,186.77,186.71,186.63,186.56,186.52,196.86,194.72,192.26,189.24,184.27,0,0,0,0,0,0,0,0,0,0,0,0,0,0,0,0,0,0,0,0,0,0,0,0,0,0,0,0,0,0,0,0,0,0,0,0,0,0,0,0,0
687.98,745.19,560.19,569.69,560.33,373.4,382.06,376.6,186.28,186.22,186.17,186.1,186.05,186.02,196.38,194.25,191.82,188.82,183.9,0,0,0,0,0,0,0,0,0,0,0,0,0,0,0,0,0,0,0,0,0,0,0,0,0,0,0,0,0,0,0,0,0,0,0,0,0,0,0,0,0
685.55,742.96,558.55,568.06,558.83,372.3,381.01,375.61,185.73,185.68,185.63,185.58,185.53,185.52,195.9,193.79,191.38,188.41,183.52,0,0,0,0,0,0,0,0,0,0,0,0,0,0,0,0,0,0,0,0,0,0,0,0,0,0,0,0,0,0,0,0,0,0,0,0,0,0,0,0,0
683.17,740.67,556.88,566.49,557.37,371.27,379.98,374.64,185.18,185.14,185.1,185.06,185.03,185.02,195.42,193.34,190.95,188,183.15,0,0,0,0,0,0,0,0,0,0,0,0,0,0,0,0,0,0,0,0,0,0,0,0,0,0,0,0,0,0,0,0,0,0,0,0,0,0,0,0,0
