0.6,0.59661,0.59322,0.58983,0.58644,0.58305,0.57966,0.57627,0.57288,0.56949,0.5661,0.56271,0.55932,0.55593,0.55254,0.54915,0.54576,0.54237,0.53898,0.53559,0.5322,0.52881,0.52542,0.52203,0.51864,0.51525,0.51186,0.50847,0.50508,0.50169,0.49831,0.49492,0.49153,0.48814,0.48475,0.48136,0.47797,0.47458,0.47119,0.4678,0.46441,0.46102,0.45763,0.45424,0.45085,0.44746,0.44407,0.44068,0.43729,0.4339,0.43051,0.42712,0.42373,0.42034,0.41695,0.41356,0.41017,0.40678,0.40339,0.4
12,16.068,20.136,24.203,28.271,32.339,36.407,40.475,44.542,48.61,52.678,56.746,60.814,64.881,68.949,73.017,77.085,81.153,85.22,89.288,93.356,97.424,101.49,105.56,109.63,113.69,117.76,121.83,125.9,129.97,134.03,138.1,142.17,146.24,150.31,154.37,158.44,162.51,166.58,170.64,174.71,178.78,182.85,186.92,190.98,195.05,199.12,203.19,207.25,211.32,215.39,219.46,223.53,227.59,231.66,235.73,239.8,243.86,247.93,252
506.49,505.76,505.17,504.68,504.29,503.96,503.71,503.51,503.36,503.25,503.19,503.15,503.16,503.2,503.26,503.34,503.47,503.6,503.76,503.93,504.13,504.34,504.58,504.81,505.07,505.36,505.64,505.95,506.26,506.58,506.93,507.27,507.63,508,508.38,508.76,509.16,509.57,509.99,510.41,510.84,511.28,511.71,512.19,512.65,513.11,513.59,514.08,514.56,515.05,515.56,516.08,516.59,517.11,517.65,518.18,518.72,519.25,519.83,520.4
506.49,505.76,505.17,504.68,504.29,503.96,503.71,503.51,503.36,503.25,503.19,503.15,503.16,503.2,503.26,503.34,503.47,503.6,503.76,503.93,504.13,504.34,504.58,504.81,505.07,505.36,505.64,505.95,506.26,506.58,506.93,507.27,507.63,508,508.38,508.76,509.16,509.57,509.99,510.41,510.84,511.28,511.71,512.19,512.65,513.11,513.59,514.08,514.56,515.05,515.56,516.08,516.59,517.11,517.65,518.18,518.72,519.25,519.83,520.4
506.49,505.76,505.17,504.68,504.29,503.96,503.71,503.51,503.36,503.25,503.19,503.15,503.16,503.2,503.26,503.34,503.47,503.6,503.76,503.93,504.13,504.34,504.58,504.81,505.07,505.36,505.64,505.95,506.26,506.58,506.93,507.27,507.63,508,508.38,508.76,509.16,509.57,509.99,510.41,510.84,511.28,511.71,512.19,512.65,513.11,513.59,514.08,514.56,515.05,515.56,516.08,516.59,517.11,517.65,518.18,518.72,519.25,519.83,520.4
506.49,505.76,505.17,504.68,504.29,503.96,503.71,503.51,503.36,503.25,503.19,503.15,503.16,503.2,503.26,503.34,503.47,503.6,503.76,503.93,504.13,504.34,504.58,504.81,505.07,505.36,505.64,505.95,506.26,506.58,506.93,507.27,507.63,508,508.38,508.76,509.16,509.57,509.99,510.41,510.84,511.28,511.71,512.19,512.65,513.11,513.59,514.08,514.56,515.05,515.56,516.08,516.59,517.11,517.65,518.18,518.72,519.25,519.83,520.4
506.49,505.76,505.17,504.68,504.29,503.96,503.71,503.51,503.36,503.25,503.19,503.15,503.16,503.2,503.26,503.34,503.47,503.6,503.76,503.93,504.13,504.34,504.58,504.81,505.07,505.36,505.64,505.95,506.26,506.58,506.93,507.27,507.63,508,508.38,508.76,509.16,509.57,509.99,510.41,510.84,511.28,511.71,512.19,512.65,513.11,513.59,514.08,514.56,515.05,515.56,516.08,516.59,517.11,517.65,518.18,518.72,519.25,519.83,520.4
506.49,505.76,505.17,504.68,504.29,503.96,503.71,503.51,503.36,503.25,503.19,503.15,503.16,503.2,503.26,503.34,503.47,503.6,503.76,503.93,504.13,504.34,504.58,504.81,505.07,505.36,505.64,505.95,506.26,506.58,506.93,507.27,507.63,508,508.38,508.76,509.16,509.57,509.99,510.41,510.84,511.28,511.71,512.19,512.65,513.11,513.59,514.08,514.56,515.05,515.56,516.08,516.59,517.11,517.65,518.18,518.72,519.25,519.83,520.4
506.49,505.76,505.17,504.68,504.29,503.96,503.71,503.51,503.36,503.25,503.19,503.15,503.16,503.2,503.26,503.34,503.47,503.6,503.76,503.93,504.13,504.34,504.58,504.81,505.07,505.36,505.64,505.95,506.26,506.58,506.93,507.27,507.63,508,508.38,508.76,509.16,509.57,509.99,510.41,510.84,511.28,511.71,512.19,512.65,513.11,513.59,514.08,514.56,515.05,515.56,516.08,516.59,517.11,517.65,518.18,518.72,519.25,519.83,520.4
506.49,505.76,505.17,504.68,504.29,503.96,503.71,503.51,503.36,503.25,503.19,503.15,503.16,503.2,503.26,503.34,503.47,503.6,503.76,503.93,504.13,504.34,504.58,504.81,505.07,505.36,505.64,505.95,506.26,506.58,506.93,507.27,507.63,508,508.38,508.76,509.16,509.57,509.99,510.41,510.84,511.28,511.71,512.19,512.65,513.11,513.59,514.08,514.56,515.05,515.56,516.08,516.59,517.11,517.65,518.18,518.72,519.25,519.83,520.4
506.49,505.76,505.17,504.68,504.29,503.96,503.71,503.51,503.36,503.25,503.19,503.15,503.16,503.2,503.26,503.34,503.47,503.6,503.76,503.93,504.13,504.34,504.58,504.81,505.07,505.36,505.64,505.95,506.26,506.58,506.93,507.27,507.63,508,508.38,508.76,509.16,509.57,509.99,510.41,510.84,511.28,511.71,512.19,512.65,513.11,513.59,514.08,514.56,515.05,515.56,516.08,516.59,517.11,517.65,518.18,518.72,519.25,519.83,520.4
506.49,505.76,505.17,504.68,504.29,503.96,503.71,503.51,503.36,503.25,503.19,503.15,503.16,503.2,503.26,503.34,503.47,503.6,503.76,503.93,504.13,504.34,504.58,504.81,505.07,505.36,505.64,505.95,506.26,506.58,506.93,507.27,507.63,508,508.38,508.76,509.16,509.57,509.99,510.41,510.84,511.28,511.71,512.19,512.65,513.11,513.59,514.08,514.56,515.05,515.56,516.08,516.59,517.11,517.65,518.18,518.72,519.25,519.83,520.4
506.49,505.76,505.17,504.68,504.29,503.96,503.71,503.51,503.36,503.25,503.19,503.15,503.16,503.2,503.26,503.34,503.47,503.6,503.76,503.93,504.13,504.34,504.58,504.81,505.07,505.36,505.64,505.95,506.26,506.58,506.93,507.27,507.63,508,508.38,508.76,509.16,509.57,509.99,510.41,510.84,511.28,511.71,512.19,512.65,513.11,513.59,514.08,514.56,515.05,515.56,516.08,516.59,517.11,517.65,518.18,518.72,519.25,519.83,520.4
506.49,505.76,505.17,504.68,504.29,503.96,503.71,503.51,503.36,503.25,503.19,503.15,503.16,503.2,503.26,503.34,503.47,503.6,503.76,503.93,504.13,504.34,504.58,504.81,505.07,505.36,505.64,505.95,506.26,506.58,506.93,507.27,507.63,508,508.38,508.76,509.16,509.57,509.99,510.41,510.84,511.28,511.71,512.19,512.65,513.11,513.59,514.08,514.56,515.05,515.56,516.08,516.59,517.11,517.65,518.18,518.72,519.25,519.83,520.4
506.49,505.76,505.17,504.68,504.29,503.96,503.71,503.51,503.36,503.25,503.19,503.15,503.16,503.2,503.26,503.34,503.47,503.6,503.76,503.93,504.13,504.34,504.58,504.81,505.07,505.36,505.64,505.95,506.26,506.58,506.93,507.27,507.63,508,508.38,508.76,509.16,509.57,509.99,510.41,510.84,511.28,511.71,512.19,512.65,513.11,513.59,514.08,514.56,515.05,515.56,516.08,516.59,517.11,517.65,518.18,518.72,519.25,519.83,520.4
506.49,505.76,505.17,504.68,504.29,503.96,503.71,503.51,503.36,503.25,503.19,503.15,503.16,503.2,503.26,503.34,503.47,503.6,503.76,503.93,504.13,504.34,504.58,504.81,505.07,505.36,505.64,505.95,506.26,506.58,506.93,507.27,507.63,508,508.38,508.76,509.16,509.57,509.99,510.41,510.84,511.28,511.71,512.19,512.65,513.11,513.59,514.08,514.56,515.05,515.56,516.08,516.59,517.11,517.65,518.18,518.72,519.25,519.83,520.4
506.49,505.76,505.17,504.68,504.29,503.96,503.71,503.51,503.36,503.25,503.19,503.15,503.16,503.2,503.26,503.34,503.47,503.6,503.76,503.93,504.13,504.34,504.58,504.81,505.07,505.36,505.64,505.95,506.26,506.58,506.93,507.27,507.63,508,508.38,508.76,509.16,509.57,509.99,510.41,510.84,511.28,511.71,512.19,512.65,513.11,513.59,514.08,514.56,515.05,515.56,516.08,516.59,517.11,517.65,518.18,518.72,519.25,519.83,520.4
506.49,505.76,505.17,504.68,504.29,503.96,503.71,503.51,503.36,503.25,503.19,503.15,503.16,503.2,503.26,503.34,503.47,503.6,503.76,503.93,504.13,504.34,504.58,504.81,505.07,505.36,505.64,505.95,506.26,506.58,506.93,507.27,507.63,508,508.38,508.76,509.16,509.57,509.99,510.41,510.84,511.28,511.71,512.19,512.65,513.11,513.59,514.08,514.56,515.05,515.56,516.08,516.59,517.11,517.65,518.18,518.72,519.25,519.83,520.4
506.49,505.76,505.17,504.68,504.29,503.96,503.71,503.51,503.36,503.25,503.19,503.15,503.16,503.2,503.26,503.34,503.47,503.6,503.76,503.93,504.13,504.34,504.58,504.81,505.07,505.36,505.64,505.95,506.26,506.58,506.93,507.27,507.63,508,508.38,508.76,509.16,509.57,509.99,510.41,510.84,511.28,511.71,512.19,512.65,513.11,513.59,514.08,514.56,515.05,515.56,516.08,516.59,517.11,517.65,518.18,518.72,519.25,519.83,520.4
506.49,505.76,505.17,504.68,504.29,503.96,503.71,503.51,503.36,503.25,503.19,503.15,503.16,503.2,503.26,503.34,503.47,503.6,503.76,503.93,504.13,504.34,504.58,504.81,505.07,505.36,505.64,505.95,506.26,506.58,506.93,507.27,507.63,508,508.38,508.76,509.16,509.57,509.99,510.41,510.84,511.28,511.71,512.19,512.65,513.11,513.59,514.08,514.56,515.05,515.56,516.08,516.59,517.11,517.65,518.18,518.72,519.25,519.83,520.4
506.49,505.76,505.17,504.68,504.29,503.96,503.71,503.51,503.36,503.25,503.19,503.15,503.16,503.2,503.26,503.34,503.47,503.6,503.76,503.93,504.13,504.34,504.58,504.81,505.07,505.36,505.64,505.95,506.26,506.58,506.93,507.27,507.63,508,508.38,508.76,509.16,509.57,509.99,510.41,510.84,511.28,511.71,512.19,512.65,513.11,513.59,514.08,514.56,515.05,515.56,516.08,516.59,517.11,517.65,518.18,518.72,519.25,519.83,520.4
506.49,505.76,505.17,504.68,504.29,503.96,503.71,503.51,503.36,503.25,503.19,503.15,503.16,503.2,503.26,503.34,503.47,503.6,503.76,503.93,504.13,504.34,504.58,504.81,505.07,505.36,505.64,505.95,506.26,506.58,506.93,507.27,507.63,508,508.38,508.76,509.16,509.57,509.99,510.41,510.84,511.28,511.71,512.19,512.65,513.11,513.59,514.08,514.56,515.05,515.56,516.08,516.59,517.11,517.65,518.18,518.72,519.25,519.83,520.4
506.49,505.76,505.17,504.68,504.29,503.96,503.71,503.51,503.36,503.25,503.19,503.15,503.16,503.2,503.26,503.34,503.47,503.6,503.76,503.93,504.13,504.34,504.58,504.81,505.07,505.36,505.64,505.95,506.26,506.58,506.93,507.27,507.63,508,508.38,508.76,509.16,509.57,509.99,510.41,510.84,511.28,511.71,512.19,512.65,513.11,513.59,514.08,514.56,515.05,515.56,516.08,516.59,517.11,517.65,518.18,518.72,519.25,519.83,520.4
506.49,505.76,505.17,504.68,504.29,503.96,503.71,503.51,503.36,503.25,503.19,503.15,503.16,503.2,503.26,503.34,503.47,503.6,503.76,503.93,504.13,504.34,504.58,504.81,505.07,505.36,505.64,505.95,506.26,506.58,506.93,507.27,507.63,508,508.38,508.76,509.16,509.57,509.99,510.41,510.84,511.28,511.71,512.19,512.65,513.11,513.59,514.08,514.56,515.05,515.56,516.08,516.59,517.11,517.65,518.18,518.72,519.25,519.83,520.4
506.49,505.76,505.17,504.68,504.29,503.96,503.71,503.51,503.36,503.25,503.19,503.15,503.16,503.2,503.26,503.34,503.47,503.6,503.76,503.93,504.13,504.34,504.58,504.81,505.07,505.36,505.64,505.95,506.26,506.58,506.93,507.27,507.63,508,508.38,508.76,509.16,509.57,509.99,510.41,510.84,511.28,511.71,512.19,512.65,513.11,513.59,514.08,514.56,515.05,515.56,516.08,516.59,517.11,517.65,518.18,518.72,519.25,519.83,520.4
506.49,505.76,505.17,504.68,504.29,503.96,503.71,503.51,503.36,503.25,503.19,503.15,503.16,503.2,503.26,503.34,503.47,503.6,503.76,503.93,504.13,504.34,504.58,504.81,505.07,505.36,505.64,505.95,506.26,506.58,506.93,507.27,507.63,508,508.38,508.76,509.16,509.57,509.99,510.41,510.84,511.28,511.71,512.19,512.65,513.11,513.59,514.08,514.56,515.05,515.56,516.08,516.59,517.11,517.65,518.18,518.72,519.25,519.83,520.4
506.49,505.76,505.17,504.68,504.29,503.96,503.71,503.51,503.36,503.25,503.19,503.15,503.16,503.2,503.26,503.34,503.47,503.6,503.76,503.93,504.13,504.34,504.58,504.81,505.07,505.36,505.64,505.95,506.26,506.58,506.93,507.27,507.63,508,508.38,508.76,509.16,509.57,509.99,510.41,510.84,511.28,511.71,512.19,512.65,513.11,513.59,514.08,514.56,515.05,515.56,516.08,516.59,517.11,517.65,518.18,518.72,519.25,519.83,520.4
506.49,505.76,505.17,504.68,504.29,503.96,503.71,503.51,503.36,503.25,503.19,503.15,503.16,503.2,503.26,503.34,503.47,503.6,503.76,503.93,504.13,504.34,504.58,504.81,505.07,505.36,505.64,505.95,506.26,506.58,506.93,507.27,507.63,508,508.38,508.76,509.16,509.57,509.99,510.41,510.84,511.28,511.71,512.19,512.65,513.11,513.59,514.08,514.56,515.05,515.56,516.08,516.59,517.11,517.65,518.18,518.72,519.25,519.83,520.4
506.49,505.76,505.17,504.68,504.29,503.96,503.71,503.51,503.36,503.25,503.19,503.15,503.16,503.2,503.26,503.34,503.47,503.6,503.76,503.93,504.13,504.34,504.58,504.81,505.07,505.36,505.64,505.95,506.26,506.58,506.93,507.27,507.63,508,508.38,508.76,509.16,509.57,509.99,510.41,510.84,511.28,511.71,512.19,512.65,513.11,513.59,514.08,514.56,515.05,515.56,516.08,516.59,517.11,517.65,518.18,518.72,519.25,519.83,520.4
506.49,505.76,505.17,504.68,504.29,503.96,503.71,503.51,503.36,503.25,503.19,503.15,503.16,503.2,503.26,503.34,503.47,503.6,503.76,503.93,504.13,504.34,504.58,504.81,505.07,505.36,505.64,505.95,506.26,506.58,506.93,507.27,507.63,508,508.38,508.76,509.16,509.57,509.99,510.41,510.84,511.28,511.71,512.19,512.65,513.11,513.59,514.08,514.56,515.05,515.56,516.08,516.59,517.11,517.65,518.18,518.72,519.25,519.83,520.4
506.49,505.76,505.17,504.68,504.29,503.96,503.71,503.51,503.36,503.25,503.19,503.15,503.16,503.2,503.26,503.34,503.47,503.6,503.76,503.93,504.13,504.34,504.58,504.81,505.07,505.36,505.64,505.95,506.26,506.58,506.93,507.27,507.63,508,508.38,508.76,509.16,509.57,509.99,510.41,510.84,511.28,511.71,512.19,512.65,513.11,513.59,514.08,514.56,515.05,515.56,516.08,516.59,517.11,517.65,518.18,518.72,519.25,519.83,520.4
506.49,505.76,505.17,504.68,504.29,503.96,503.71,503.51,503.36,503.25,503.19,503.15,503.16,503.2,503.26,503.34,503.47,503.6,503.76,503.93,504.13,504.34,504.58,504.81,505.07,505.36,505.64,505.95,506.26,506.58,506.93,507.27,507.63,508,508.38,508.76,509.16,509.57,509.99,510.41,510.84,511.28,511.71,512.19,512.65,513.11,513.59,514.08,514.56,515.05,515.56,516.08,516.59,517.11,517.65,518.18,518.72,519.25,519.83,520.4
506.49,505.76,505.17,504.68,504.29,503.96,503.71,503.51,503.36,503.25,503.19,503.15,503.16,503.2,503.26,503.34,503.47,503.6,503.76,503.93,504.13,504.34,504.58,504.81,505.07,505.36,505.64,505.95,506.26,506.58,506.93,507.27,507.63,508,508.38,508.76,509.16,509.57,509.99,510.41,510.84,511.28,511.71,512.19,512.65,513.11,513.59,514.08,514.56,515.05,515.56,516.08,516.59,517.11,517.65,518.18,518.72,519.25,519.83,520.4
506.49,505.76,505.17,504.68,504.29,503.96,503.71,503.51,503.36,503.25,503.19,503.15,503.16,503.2,503.26,503.34,503.47,503.6,503.76,503.93,504.13,504.34,504.58,504.81,505.07,505.36,505.64,505.95,506.26,506.58,506.93,507.27,507.63,508,508.38,508.76,509.16,509.57,509.99,510.41,510.84,511.28,511.71,512.19,512.65,513.11,513.59,514.08,514.56,515.05,515.56,516.08,516.59,517.11,517.65,518.18,518.72,519.25,519.83,520.4
506.49,505.76,505.17,504.68,504.29,503.96,503.71,503.51,503.36,503.25,503.19,503.15,503.16,503.2,503.26,503.34,503.47,503.6,503.76,503.93,504.13,504.34,504.58,504.81,505.07,505.36,505.64,505.95,506.26,506.58,506.93,507.27,507.63,508,508.38,508.76,509.16,509.57,509.99,510.41,510.84,511.28,511.71,512.19,512.65,513.11,513.59,514.08,514.56,515.05,515.56,516.08,516.59,517.11,517.65,518.18,518.72,519.25,519.83,520.4
506.49,505.76,505.17,504.68,504.29,503.96,503.71,503.51,503.36,503.25,503.19,503.15,503.16,503.2,503.26,503.34,503.47,503.6,503.76,503.93,504.13,504.34,504.58,504.81,505.07,505.36,505.64,505.95,506.26,506.58,506.93,507.27,507.63,508,508.38,508.76,509.16,509.57,509.99,510.41,510.84,511.28,511.71,512.19,512.65,513.11,513.59,514.08,514.56,515.05,515.56,516.08,516.59,517.11,517.65,518.18,518.72,519.25,519.83,520.4
506.49,505.76,505.17,504.68,504.29,503.96,503.71,503.51,503.36,503.25,503.19,503.15,503.16,503.2,503.26,503.34,503.47,503.6,503.76,503.93,504.13,504.34,504.58,504.81,505.07,505.36,505.64,505.95,506.26,506.58,506.93,507.27,507.63,508,508.38,508.76,509.16,509.57,509.99,510.41,510.84,511.28,511.71,512.19,512.65,513.11,513.59,514.08,514.56,515.05,515.56,516.08,516.59,517.11,517.65,518.18,518.72,519.25,519.83,520.4
506.49,505.76,505.17,504.68,504.29,503.96,503.71,503.51,503.36,503.25,503.19,503.15,503.16,503.2,503.26,503.34,503.47,503.6,503.76,503.93,504.13,504.34,504.58,504.81,505.07,505.36,505.64,505.95,506.26,506.58,506.93,507.27,507.63,508,508.38,508.76,509.16,509.57,509.99,510.41,510.84,511.28,511.71,512.19,512.65,513.11,513.59,514.08,514.56,515.05,515.56,516.08,516.59,517.11,517.65,518.18,518.72,519.25,519.83,520.4
506.49,505.76,505.17,504.68,504.29,503.96,503.71,503.51,503.36,503.25,503.19,503.15,503.16,503.2,503.26,503.34,503.47,503.6,503.76,503.93,504.13,504.34,504.58,504.81,505.07,505.36,505.64,505.95,506.26,506.58,506.93,507.27,507.63,508,508.38,508.76,509.16,509.57,509.99,510.41,510.84,511.28,511.71,512.19,512.65,513.11,513.59,514.08,514.56,515.05,515.56,516.08,516.59,517.11,517.65,518.18,518.72,519.25,519.83,520.4
506.49,505.76,505.17,504.68,504.29,503.96,503.71,503.51,503.36,503.25,503.19,503.15,503.16,503.2,503.26,503.34,503.47,503.6,503.76,503.93,504.13,504.34,504.58,504.81,505.07,505.36,505.64,505.95,506.26,506.58,506.93,507.27,507.63,508,508.38,508.76,509.16,509.57,509.99,510.41,510.84,511.28,511.71,512.19,512.65,513.11,513.59,514.08,514.56,515.05,515.56,516.08,516.59,517.11,517.65,518.18,518.72,519.25,519.83,520.4
506.49,505.76,505.17,504.68,504.29,503.96,503.71,503.51,503.36,503.25,503.19,503.15,503.16,503.2,503.26,503.34,503.47,503.6,503.76,503.93,504.13,504.34,504.58,504.81,505.07,505.36,505.64,505.95,506.26,506.58,506.93,507.27,507.63,508,508.38,508.76,509.16,509.57,509.99,510.41,510.84,511.28,511.71,512.19,512.65,513.11,513.59,514.08,514.56,515.05,515.56,516.08,516.59,517.11,517.65,518.18,518.72,519.25,519.83,520.4
506.49,505.76,505.17,504.68,504.29,503.96,503.71,503.51,503.36,503.25,503.19,503.15,503.16,503.2,503.26,503.34,503.47,503.6,503.76,503.93,504.13,504.34,504.58,504.81,505.07,505.36,505.64,505.95,506.26,506.58,506.93,507.27,507.63,508,508.38,508.76,509.16,509.57,509.99,510.41,510.84,511.28,511.71,512.19,512.65,513.11,513.59,514.08,514.56,515.05,515.56,516.08,516.59,517.11,517.65,518.18,518.72,519.25,519.83,520.4
506.49,505.76,505.17,504.68,504.29,503.96,503.71,503.51,503.36,503.25,503.19,503.15,503.16,503.2,503.26,503.34,503.47,503.6,503.76,503.93,504.13,504.34,504.58,504.81,505.07,505.36,505.64,505.95,506.26,506.58,506.93,507.27,507.63,508,508.38,508.76,509.16,509.57,509.99,510.41,510.84,511.28,511.71,512.19,512.65,513.11,513.59,514.08,514.56,515.05,515.56,516.08,516.59,517.11,517.65,518.18,518.72,519.25,519.83,520.4
506.49,505.76,505.17,504.68,504.29,503.96,503.71,503.51,503.36,503.25,503.19,503.15,503.16,503.2,503.26,503.34,503.47,503.6,503.76,503.93,504.13,504.34,504.58,504.81,505.07,505.36,505.64,505.95,506.26,506.58,506.93,507.27,507.63,508,508.38,508.76,509.16,509.57,509.99,510.41,510.84,511.28,511.71,512.19,512.65,513.11,513.59,514.08,514.56,515.05,515.56,516.08,516.59,517.11,517.65,518.18,518.72,519.25,519.83,520.4
506.49,505.76,505.17,504.68,504.29,503.96,503.71,503.51,503.36,503.25,503.19,503.15,503.16,503.2,503.26,503.34,503.47,503.6,503.76,503.93,504.13,504.34,504.58,504.81,505.07,505.36,505.64,505.95,506.26,506.58,506.93,507.27,507.63,508,508.38,508.76,509.16,509.57,509.99,510.41,510.84,511.28,511.71,512.19,512.65,513.11,513.59,514.08,514.56,515.05,515.56,516.08,516.59,517.11,517.65,518.18,518.72,519.25,519.83,520.4
506.49,505.76,505.17,504.68,504.29,503.96,503.71,503.51,503.36,503.25,503.19,503.15,503.16,503.2,503.26,503.34,503.47,503.6,503.76,503.93,504.13,504.34,504.58,504.81,505.07,505.36,505.64,505.95,506.26,506.58,506.93,507.27,507.63,508,508.38,508.76,509.16,509.57,509.99,510.41,510.84,511.28,511.71,512.19,512.65,513.11,513.59,514.08,514.56,515.05,515.56,516.08,516.59,517.11,517.65,518.18,518.72,519.25,519.83,520.4
506.49,505.76,505.17,504.68,504.29,503.96,503.71,503.51,503.36,503.25,503.19,503.15,503.16,503.2,503.26,503.34,503.47,503.6,503.76,503.93,504.13,504.34,504.58,504.81,505.07,505.36,505.64,505.95,506.26,506.58,506.93,507.27,507.63,508,508.38,508.76,509.16,509.57,509.99,510.41,510.84,511.28,511.71,512.19,512.65,513.11,513.59,514.08,514.56,515.05,515.56,516.08,516.59,517.11,517.65,518.18,518.72,519.25,519.83,520.4
506.49,505.76,505.17,504.68,504.29,503.96,503.71,503.51,503.36,503.25,503.19,503.15,503.16,503.2,503.26,503.34,503.47,503.6,503.76,503.93,504.13,504.34,504.58,504.81,505.07,505.36,505.64,505.95,506.26,506.58,506.93,507.27,507.63,508,508.38,508.76,509.16,509.57,509.99,510.41,510.84,511.28,511.71,512.19,512.65,513.11,513.59,514.08,514.56,515.05,515.56,516.08,516.59,517.11,517.65,518.18,518.72,519.25,519.83,520.4
506.49,505.76,505.17,504.68,504.29,503.96,503.71,503.51,503.36,503.25,503.19,503.15,503.16,503.2,503.26,503.34,503.47,503.6,503.76,503.93,504.13,504.34,504.58,504.81,505.07,505.36,505.64,505.95,506.26,506.58,506.93,507.27,507.63,508,508.38,508.76,509.16,509.57,509.99,510.41,510.84,511.28,511.71,512.19,512.65,513.11,513.59,514.08,514.56,515.05,515.56,516.08,516.59,517.11,517.65,518.18,518.72,519.25,519.83,520.4
506.49,505.76,505.17,504.68,504.29,503.96,503.71,503.51,503.36,503.25,503.19,503.15,503.16,503.2,503.26,503.34,503.47,503.6,503.76,503.93,504.13,504.34,504.58,504.81,505.07,505.36,505.64,505.95,506.26,506.58,506.93,507.27,507.63,508,508.38,508.76,509.16,509.57,509.99,510.41,510.84,511.28,511.71,512.19,512.65,513.11,513.59,514.08,514.56,515.05,515.56,516.08,516.59,517.11,517.65,518.18,518.72,519.25,519.83,520.4
506.49,505.76,505.17,504.68,504.29,503.96,503.71,503.51,503.36,503.25,503.19,503.15,503.16,503.2,503.26,503.34,503.47,503.6,503.76,503.93,504.13,504.34,504.58,504.81,505.07,505.36,505.64,505.95,506.26,506.58,506.93,507.27,507.63,508,508.38,508.76,509.16,509.57,509.99,510.41,510.84,511.28,511.71,512.19,512.65,513.11,513.59,514.08,514.56,515.05,515.56,516.08,516.59,517.11,517.65,518.18,518.72,519.25,519.83,520.4
506.49,505.76,505.17,504.68,504.29,503.96,503.71,503.51,503.36,503.25,503.19,503.15,503.16,503.2,503.26,503.34,503.47,503.6,503.76,503.93,504.13,504.34,504.58,504.81,505.07,505.36,505.64,505.95,506.26,506.58,506.93,507.27,507.63,508,508.38,508.76,509.16,509.57,509.99,510.41,510.84,511.28,511.71,512.19,512.65,513.11,513.59,514.08,514.56,515.05,515.56,516.08,516.59,517.11,517.65,518.18,518.72,519.25,519.83,520.4
506.49,505.76,505.17,504.68,504.29,503.96,503.71,503.51,503.36,503.25,503.19,503.15,503.16,503.2,503.26,503.34,503.47,503.6,503.76,503.93,504.13,504.34,504.58,504.81,505.07,505.36,505.64,505.95,506.26,506.58,506.93,507.27,507.63,508,508.38,508.76,509.16,509.57,509.99,510.41,510.84,511.28,511.71,512.19,512.65,513.11,513.59,514.08,514.56,515.05,515.56,516.08,516.59,517.11,517.65,518.18,518.72,519.25,519.83,520.4
506.49,505.76,505.17,504.68,504.29,503.96,503.71,503.51,503.36,503.25,503.19,503.15,503.16,503.2,503.26,503.34,503.47,503.6,503.76,503.93,504.13,504.34,504.58,504.81,505.07,505.36,505.64,505.95,506.26,506.58,506.93,507.27,507.63,508,508.38,508.76,509.16,509.57,509.99,510.41,510.84,511.28,511.71,512.19,512.65,513.11,513.59,514.08,514.56,515.05,515.56,516.08,516.59,517.11,517.65,518.18,518.72,519.25,519.83,520.4
506.49,505.76,505.17,504.68,504.29,503.96,503.71,503.51,503.36,503.25,503.19,503.15,503.16,503.2,503.26,503.34,503.47,503.6,503.76,503.93,504.13,504.34,504.58,504.81,505.07,505.36,505.64,505.95,506.26,506.58,506.93,507.27,507.63,508,508.38,508.76,509.16,509.57,509.99,510.41,510.84,511.28,511.71,512.19,512.65,513.11,513.59,514.08,514.56,515.05,515.56,516.08,516.59,517.11,517.65,518.18,518.72,519.25,519.83,520.4
506.49,505.76,505.17,504.68,504.29,503.96,503.71,503.51,503.36,503.25,503.19,503.15,503.16,503.2,503.26,503.34,503.47,503.6,503.76,503.93,504.13,504.34,504.58,504.81,505.07,505.36,505.64,505.95,506.26,506.58,506.93,507.27,507.63,508,508.38,508.76,509.16,509.57,509.99,510.41,510.84,511.28,511.71,512.19,512.65,513.11,513.59,514.08,514.56,515.05,515.56,516.08,516.59,517.11,517.65,518.18,518.72,519.25,519.83,520.4
506.49,505.76,505.17,504.68,504.29,503.96,503.71,503.51,503.36,503.25,503.19,503.15,503.16,503.2,503.26,503.34,503.47,503.6,503.76,503.93,504.13,504.34,504.58,504.81,505.07,505.36,505.64,505.95,506.26,506.58,506.93,507.27,507.63,508,508.38,508.76,509.16,509.57,509.99,510.41,510.84,511.28,511.71,512.19,512.65,513.11,513.59,514.08,514.56,515.05,515.56,516.08,516.59,517.11,517.65,518.18,518.72,519.25,519.83,520.4
506.49,505.76,505.17,504.68,504.29,503.96,503.71,503.51,503.36,503.25,503.19,503.15,503.16,503.2,503.26,503.34,503.47,503.6,503.76,503.93,504.13,504.34,504.58,504.81,505.07,505.36,505.64,505.95,506.26,506.58,506.93,507.27,507.63,508,508.38,508.76,509.16,509.57,509.99,510.41,510.84,511.28,511.71,512.19,512.65,513.11,513.59,514.08,514.56,515.05,515.56,516.08,516.59,517.11,517.65,518.18,518.72,519.25,519.83,520.4
506.49,505.76,505.17,504.68,504.29,503.96,503.71,503.51,503.36,503.25,503.19,503.15,503.16,503.2,503.26,503.34,503.47,503.6,503.76,503.93,504.13,504.34,504.58,504.81,505.07,505.36,505.64,505.95,506.26,506.58,506.93,507.27,507.63,508,508.38,508.76,509.16,509.57,509.99,510.41,510.84,511.28,511.71,512.19,512.65,513.11,513.59,514.08,514.56,515.05,515.56,516.08,516.59,517.11,517.65,518.18,518.72,519.25,519.83,520.4
506.49,505.76,505.17,504.68,504.29,503.96,503.71,503.51,503.36,503.25,503.19,503.15,503.16,503.2,503.26,503.34,503.47,503.6,503.76,503.93,504.13,504.34,504.58,504.81,505.07,505.36,505.64,505.95,506.26,506.58,506.93,507.27,507.63,508,508.38,508.76,509.16,509.57,509.99,510.41,510.84,511.28,511.71,512.19,512.65,513.11,513.59,514.08,514.56,515.05,515.56,516.08,516.59,517.11,517.65,518.18,518.72,519.25,519.83,520.4
506.49,505.76,505.17,504.68,504.29,503.96,503.71,503.51,503.36,503.25,503.19,503.15,503.16,503.2,503.26,503.34,503.47,503.6,503.76,503.93,504.13,504.34,504.58,504.81,505.07,505.36,505.64,505.95,506.26,506.58,506.93,507.27,507.63,508,508.38,508.76,509.16,509.57,509.99,510.41,510.84,511.28,511.71,512.19,512.65,513.11,513.59,514.08,514.56,515.05,515.56,516.08,516.59,517.11,517.65,518.18,518.72,519.25,519.83,520.4
506.49,505.76,505.17,504.68,504.29,503.96,503.71,503.51,503.36,503.25,503.19,503.15,503.16,503.2,503.26,503.34,503.47,503.6,503.76,503.93,504.13,504.34,504.58,504.81,505.07,505.36,505.64,505.95,506.26,506.58,506.93,507.27,507.63,508,508.38,508.76,509.16,509.57,509.99,510.41,510.84,511.28,511.71,512.19,512.65,513.11,513.59,514.08,514.56,515.05,515.56,516.08,516.59,517.11,517.65,518.18,518.72,519.25,519.83,520.4
12.773,11.941,11.291,10.756,10.301,9.9046,9.5529,9.237,8.9502,8.6874,8.4449,8.2198,8.0097,7.8129,7.6278,7.4529,7.2872,7.1298,6.9799,6.8368,6.7,6.569,6.4433,6.3225,6.2061,6.0939,5.9856,5.8809,5.7796,5.6815,5.5863,5.494,5.4044,5.3173,5.2325,5.15,5.0695,4.9911,4.9145,4.8398,4.7667,4.6953,4.6255,4.5572,4.4903,4.4247,4.3605,4.2976,4.2358,4.1751,4.1156,4.057,3.9995,3.9429,3.8873,3.8326,3.7787,3.7256,3.6733,3.6217
12.773,11.941,11.291,10.756,10.301,9.9046,9.5529,9.237,8.9502,8.6874,8.4449,8.2198,8.0097,7.8129,7.6278,7.4529,7.2872,7.1298,6.9799,6.8368,6.7,6.569,6.4433,6.3225,6.2061,6.0939,5.9856,5.8809,5.7796,5.6815,5.5863,5.494,5.4044,5.3173,5.2325,5.15,5.0695,4.9911,4.9145,4.8398,4.7667,4.6953,4.6255,4.5572,4.4903,4.4247,4.3605,4.2976,4.2358,4.1751,4.1156,4.057,3.9995,3.9429,3.8873,3.8326,3.7787,3.7256,3.6733,3.6217
12.773,11.941,11.291,10.756,10.301,9.9046,9.5529,9.237,8.9502,8.6874,8.4449,8.2198,8.0097,7.8129,7.6278,7.4529,7.2872,7.1298,6.9799,6.8368,6.7,6.569,6.4433,6.3225,6.2061,6.0939,5.9856,5.8809,5.7796,5.6815,5.5863,5.494,5.4044,5.3173,5.2325,5.15,5.0695,4.9911,4.9145,4.8398,4.7667,4.6953,4.6255,4.5572,4.4903,4.4247,4.3605,4.2976,4.2358,4.1751,4.1156,4.057,3.9995,3.9429,3.8873,3.8326,3.7787,3.7256,3.6733,3.6217
12.773,11.941,11.291,10.756,10.301,9.9046,9.5529,9.237,8.9502,8.6874,8.4449,8.2198,8.0097,7.8129,7.6278,7.4529,7.2872,7.1298,6.9799,6.8368,6.7,6.569,6.4433,6.3225,6.2061,6.0939,5.9856,5.8809,5.7796,5.6815,5.5863,5.494,5.4044,5.3173,5.2325,5.15,5.0695,4.9911,4.9145,4.8398,4.7667,4.6953,4.6255,4.5572,4.4903,4.4247,4.3605,4.2976,4.2358,4.1751,4.1156,4.057,3.9995,3.9429,3.8873,3.8326,3.7787,3.7256,3.6733,3.6217
12.773,11.941,11.291,10.756,10.301,9.9046,9.5529,9.237,8.9502,8.6874,8.4449,8.2198,8.0097,7.8129,7.6278,7.4529,7.2872,7.1298,6.9799,6.8368,6.7,6.569,6.4433,6.3225,6.2061,6.0939,5.9856,5.8809,5.7796,5.6815,5.5863,5.494,5.4044,5.3173,5.2325,5.15,5.0695,4.9911,4.9145,4.8398,4.7667,4.6953,4.6255,4.5572,4.4903,4.4247,4.3605,4.2976,4.2358,4.1751,4.1156,4.057,3.9995,3.9429,3.8873,3.8326,3.7787,3.7256,3.6733,3.6217
12.773,11.941,11.291,10.756,10.301,9.9046,9.5529,9.237,8.9502,8.6874,8.4449,8.2198,8.0097,7.8129,7.6278,7.4529,7.2872,7.1298,6.9799,6.8368,6.7,6.569,6.4433,6.3225,6.2061,6.0939,5.9856,5.8809,5.7796,5.6815,5.5863,5.494,5.4044,5.3173,5.2325,5.15,5.0695,4.9911,4.9145,4.8398,4.7667,4.6953,4.6255,4.5572,4.4903,4.4247,4.3605,4.2976,4.2358,4.1751,4.1156,4.057,3.9995,3.9429,3.8873,3.8326,3.7787,3.7256,3.6733,3.6217
12.773,11.941,11.291,10.756,10.301,9.9046,9.5529,9.237,8.9502,8.6874,8.4449,8.2198,8.0097,7.8129,7.6278,7.4529,7.2872,7.1298,6.9799,6.8368,6.7,6.569,6.4433,6.3225,6.2061,6.0939,5.9856,5.8809,5.7796,5.6815,5.5863,5.494,5.4044,5.3173,5.2325,5.15,5.0695,4.9911,4.9145,4.8398,4.7667,4.6953,4.6255,4.5572,4.4903,4.4247,4.3605,4.2976,4.2358,4.1751,4.1156,4.057,3.9995,3.9429,3.8873,3.8326,3.7787,3.7256,3.6733,3.6217
12.773,11.941,11.291,10.756,10.301,9.9046,9.5529,9.237,8.9502,8.6874,8.4449,8.2198,8.0097,7.8129,7.6278,7.4529,7.2872,7.1298,6.9799,6.8368,6.7,6.569,6.4433,6.3225,6.2061,6.0939,5.9856,5.8809,5.7796,5.6815,5.5863,5.494,5.4044,5.3173,5.2325,5.15,5.0695,4.9911,4.9145,4.8398,4.7667,4.6953,4.6255,4.5572,4.4903,4.4247,4.3605,4.2976,4.2358,4.1751,4.1156,4.057,3.9995,3.9429,3.8873,3.8326,3.7787,3.7256,3.6733,3.6217
12.773,11.941,11.291,10.756,10.301,9.9046,9.5529,9.237,8.9502,8.6874,8.4449,8.2198,8.0097,7.8129,7.6278,7.4529,7.2872,7.1298,6.9799,6.8368,6.7,6.569,6.4433,6.3225,6.2061,6.0939,5.9856,5.8809,5.7796,5.6815,5.5863,5.494,5.4044,5.3173,5.2325,5.15,5.0695,4.9911,4.9145,4.8398,4.7667,4.6953,4.6255,4.5572,4.4903,4.4247,4.3605,4.2976,4.2358,4.1751,4.1156,4.057,3.9995,3.9429,3.8873,3.8326,3.7787,3.7256,3.6733,3.6217
12.773,11.941,11.291,10.756,10.301,9.9046,9.5529,9.237,8.9502,8.6874,8.4449,8.2198,8.0097,7.8129,7.6278,7.4529,7.2872,7.1298,6.9799,6.8368,6.7,6.569,6.4433,6.3225,6.2061,6.0939,5.9856,5.8809,5.7796,5.6815,5.5863,5.494,5.4044,5.3173,5.2325,5.15,5.0695,4.9911,4.9145,4.8398,4.7667,4.6953,4.6255,4.5572,4.4903,4.4247,4.3605,4.2976,4.2358,4.1751,4.1156,4.057,3.9995,3.9429,3.8873,3.8326,3.7787,3.7256,3.6733,3.6217
12.773,11.941,11.291,10.756,10.301,9.9046,9.5529,9.237,8.9502,8.6874,8.4449,8.2198,8.0097,7.8129,7.6278,7.4529,7.2872,7.1298,6.9799,6.8368,6.7,6.569,6.4433,6.3225,6.2061,6.0939,5.9856,5.8809,5.7796,5.6815,5.5863,5.494,5.4044,5.3173,5.2325,5.15,5.0695,4.9911,4.9145,4.8398,4.7667,4.6953,4.6255,4.5572,4.4903,4.4247,4.3605,4.2976,4.2358,4.1751,4.1156,4.057,3.9995,3.9429,3.8873,3.8326,3.7787,3.7256,3.6733,3.6217
12.773,11.941,11.291,10.756,10.301,9.9046,9.5529,9.237,8.9502,8.6874,8.4449,8.2198,8.0097,7.8129,7.6278,7.4529,7.2872,7.1298,6.9799,6.8368,6.7,6.569,6.4433,6.3225,6.2061,6.0939,5.9856,5.8809,5.7796,5.6815,5.5863,5.494,5.4044,5.3173,5.2325,5.15,5.0695,4.9911,4.9145,4.8398,4.7667,4.6953,4.6255,4.5572,4.4903,4.4247,4.3605,4.2976,4.2358,4.1751,4.1156,4.057,3.9995,3.9429,3.8873,3.8326,3.7787,3.7256,3.6733,3.6217
12.773,11.941,11.291,10.756,10.301,9.9046,9.5529,9.237,8.9502,8.6874,8.4449,8.2198,8.0097,7.8129,7.6278,7.4529,7.2872,7.1298,6.9799,6.8368,6.7,6.569,6.4433,6.3225,6.2061,6.0939,5.9856,5.8809,5.7796,5.6815,5.5863,5.494,5.4044,5.3173,5.2325,5.15,5.0695,4.9911,4.9145,4.8398,4.7667,4.6953,4.6255,4.5572,4.4903,4.4247,4.3605,4.2976,4.2358,4.1751,4.1156,4.057,3.9995,3.9429,3.8873,3.8326,3.7787,3.7256,3.6733,3.6217
12.773,11.941,11.291,10.756,10.301,9.9046,9.5529,9.237,8.9502,8.6874,8.4449,8.2198,8.0097,7.8129,7.6278,7.4529,7.2872,7.1298,6.9799,6.8368,6.7,6.569,6.4433,6.3225,6.2061,6.0939,5.9856,5.8809,5.7796,5.6815,5.5863,5.494,5.4044,5.3173,5.2325,5.15,5.0695,4.9911,4.9145,4.8398,4.7667,4.6953,4.6255,4.5572,4.4903,4.4247,4.3605,4.2976,4.2358,4.1751,4.1156,4.057,3.9995,3.9429,3.8873,3.8326,3.7787,3.7256,3.6733,3.6217
12.773,11.941,11.291,10.756,10.301,9.9046,9.5529,9.237,8.9502,8.6874,8.4449,8.2198,8.0097,7.8129,7.6278,7.4529,7.2872,7.1298,6.9799,6.8368,6.7,6.569,6.4433,6.3225,6.2061,6.0939,5.9856,5.8809,5.7796,5.6815,5.5863,5.494,5.4044,5.3173,5.2325,5.15,5.0695,4.9911,4.9145,4.8398,4.7667,4.6953,4.6255,4.5572,4.4903,4.4247,4.3605,4.2976,4.2358,4.1751,4.1156,4.057,3.9995,3.9429,3.8873,3.8326,3.7787,3.7256,3.6733,3.6217
12.773,11.941,11.291,10.756,10.301,9.9046,9.5529,9.237,8.9502,8.6874,8.4449,8.2198,8.0097,7.8129,7.6278,7.4529,7.2872,7.1298,6.9799,6.8368,6.7,6.569,6.4433,6.3225,6.2061,6.0939,5.9856,5.8809,5.7796,5.6815,5.5863,5.494,5.4044,5.3173,5.2325,5.15,5.0695,4.9911,4.9145,4.8398,4.7667,4.6953,4.6255,4.5572,4.4903,4.4247,4.3605,4.2976,4.2358,4.1751,4.1156,4.057,3.9995,3.9429,3.8873,3.8326,3.7787,3.7256,3.6733,3.6217
12.773,11.941,11.291,10.756,10.301,9.9046,9.5529,9.237,8.9502,8.6874,8.4449,8.2198,8.0097,7.8129,7.6278,7.4529,7.2872,7.1298,6.9799,6.8368,6.7,6.569,6.4433,6.3225,6.2061,6.0939,5.9856,5.8809,5.7796,5.6815,5.5863,5.494,5.4044,5.3173,5.2325,5.15,5.0695,4.9911,4.9145,4.8398,4.7667,4.6953,4.6255,4.5572,4.4903,4.4247,4.3605,4.2976,4.2358,4.1751,4.1156,4.057,3.9995,3.9429,3.8873,3.8326,3.7787,3.7256,3.6733,3.6217
12.773,11.941,11.291,10.756,10.301,9.9046,9.5529,9.237,8.9502,8.6874,8.4449,8.2198,8.0097,7.8129,7.6278,7.4529,7.2872,7.1298,6.9799,6.8368,6.7,6.569,6.4433,6.3225,6.2061,6.0939,5.9856,5.8809,5.7796,5.6815,5.5863,5.494,5.4044,5.3173,5.2325,5.15,5.0695,4.9911,4.9145,4.8398,4.7667,4.6953,4.6255,4.5572,4.4903,4.4247,4.3605,4.2976,4.1957,4.1751,4.1156,4.057,3.9995,3.9429,3.8873,3.8326,3.7787,3.7256,3.6733,3.6217
12.773,11.941,11.291,10.756,10.301,9.9046,9.5529,9.237,8.9502,8.6874,8.4449,8.2198,8.0097,7.8129,7.6278,7.4529,7.2872,7.1298,6.9799,6.8368,6.7,6.569,6.4433,6.3225,6.2061,6.0939,5.9856,5.8809,5.7796,5.6815,5.5863,5.494,5.4044,5.3173,5.2325,5.15,5.0695,4.9911,4.9145,4.8398,4.7667,4.6953,4.6255,4.5572,4.4903,4.4247,4.3605,4.2976,4.2358,4.1751,4.1156,4.057,3.9995,3.9429,3.8873,3.8326,3.7787,3.7256,3.6733,3.6217
12.773,11.941,11.291,10.756,10.301,9.9046,9.5529,9.237,8.9502,8.6874,8.4449,8.2198,8.0097,7.8129,7.6278,7.4529,7.2872,7.1298,6.9799,6.8368,6.7,6.569,6.4433,6.3225,6.2061,6.0939,5.9856,5.8809,5.7796,5.6815,5.5863,5.494,5.4044,5.3173,5.2325,5.15,5.0695,4.9911,4.9145,4.8398,4.7667,4.6953,4.6255,4.5572,4.4903,4.4247,4.3605,4.2976,4.2358,4.1751,4.1156,4.057,3.9995,3.9429,3.8873,3.8326,3.7787,3.7256,3.6733,3.6217
12.773,11.941,11.291,10.756,10.301,9.9046,9.5529,9.237,8.9502,8.6874,8.4449,8.2198,8.0097,7.8129,7.6278,7.4529,7.2872,7.1298,6.9799,6.8368,6.7,6.569,6.4433,6.3225,6.2061,6.0939,5.9856,5.8809,5.7796,5.6815,5.5863,5.494,5.4044,5.3173,5.2325,5.15,5.0695,4.9911,4.9145,4.8398,4.7667,4.6953,4.6255,4.5572,4.4903,4.4247,4.3605,4.2976,4.2358,4.1751,4.1156,4.057,3.9995,3.9429,3.8873,3.8326,3.7787,3.7256,3.6733,3.6217
12.773,11.941,11.291,10.756,10.301,9.9046,9.5529,9.237,8.9502,8.6874,8.4449,8.2198,8.0097,7.8129,7.6278,7.4529,7.2872,7.1298,6.9799,6.8368,6.7,6.569,6.4433,6.3225,6.2061,6.0939,5.9856,5.8809,5.7796,5.6815,5.5863,5.494,5.4044,5.3173,5.2325,5.15,5.0695,4.9911,4.9145,4.8398,4.7667,4.6953,4.6255,4.5572,4.4903,4.4247,4.3605,4.2976,4.2358,4.1751,4.1156,4.057,3.9995,3.9429,3.8873,3.8326,3.7787,3.7256,3.6733,3.6217
12.773,11.941,11.291,10.756,10.301,9.9046,9.5529,9.237,8.9502,8.6874,8.4449,8.2198,8.0097,7.8129,7.6278,7.4529,7.2872,7.1298,6.9799,6.8368,6.7,6.569,6.4433,6.3225,6.2061,6.0939,5.9856,5.8809,5.7796,5.6815,5.5863,5.494,5.4044,5.3173,5.2325,5.15,5.0695,4.9911,4.9145,4.8398,4.7667,4.6953,4.6255,4.5572,4.4903,4.4247,4.3605,4.2976,4.2358,4.1751,4.1156,4.057,3.9995,3.9429,3.8873,3.8326,3.7787,3.7256,3.6733,3.6217
12.773,11.941,11.291,10.756,10.301,9.9046,9.5529,9.237,8.9502,8.6874,8.4449,8.2198,8.0097,7.8129,7.6278,7.4529,7.2872,7.1298,6.9799,6.8368,6.7,6.569,6.4433,6.3225,6.2061,6.0939,5.9856,5.8809,5.7796,5.6815,5.5863,5.494,5.4044,5.3173,5.2325,5.15,5.0695,4.9911,4.9145,4.8398,4.7667,4.6953,4.6255,4.5572,4.4903,4.4247,4.3605,4.2976,4.2358,4.1751,4.1156,4.057,3.9995,3.9429,3.8873,3.8326,3.7787,3.7256,3.6733,3.6217
12.773,11.941,11.291,10.756,10.301,9.9046,9.5529,9.237,8.9502,8.6874,8.4449,8.2198,8.0097,7.8129,7.6278,7.4529,7.2872,7.1298,6.9799,6.8368,6.7,6.569,6.4433,6.3225,6.2061,6.0939,5.9856,5.8809,5.7796,5.6815,5.5863,5.494,5.4044,5.3173,5.2325,5.15,5.0695,4.9911,4.9145,4.8398,4.7667,4.6953,4.6255,4.5572,4.4903,4.4247,4.3605,4.2976,4.2358,4.1751,4.1156,4.057,3.9995,3.9429,3.8873,3.8326,3.7787,3.7256,3.6733,3.6217
12.773,11.941,11.291,10.756,10.301,9.9046,9.5529,9.237,8.9502,8.6874,8.4449,8.2198,8.0097,7.8129,7.6278,7.4529,7.2872,7.1298,6.9799,6.8368,6.7,6.569,6.4433,6.3225,6.2061,6.0939,5.9856,5.8809,5.7796,5.6815,5.5863,5.494,5.4044,5.3173,5.2325,5.15,5.0695,4.9911,4.9145,4.8398,4.7667,4.6953,4.6255,4.5572,4.4903,4.4247,4.3605,4.2976,4.2358,4.1751,4.1156,4.057,3.9995,3.9429,3.8873,3.8326,3.7787,3.7256,3.6733,3.6217
12.773,11.941,11.291,10.756,10.301,9.9046,9.5529,9.237,8.9502,8.6874,8.4449,8.2198,8.0097,7.8129,7.6278,7.4529,7.2872,7.1298,6.9799,6.8368,6.7,6.569,6.4433,6.3225,6.2061,6.0939,5.9856,5.8809,5.7796,5.6815,5.5863,5.494,5.4044,5.3173,5.2325,5.15,5.0695,4.9911,4.9145,4.8398,4.7667,4.6953,4.6255,4.5572,4.4903,4.4247,4.3605,4.2976,4.2358,4.1751,4.1156,4.057,3.9995,3.9429,3.8873,3.8326,3.7787,3.7256,3.6733,3.6217
12.773,11.941,11.291,10.756,10.301,9.9046,9.5529,9.237,8.9502,8.6874,8.4449,8.2198,8.0097,7.8129,7.6278,7.4529,7.2872,7.1298,6.9799,6.8368,6.7,6.569,6.4433,6.3225,6.2061,6.0939,5.9856,5.8809,5.7796,5.6815,5.5863,5.494,5.4044,5.3173,5.2325,5.15,5.0695,4.9911,4.9145,4.8398,4.7667,4.6953,4.6255,4.5572,4.4903,4.4247,4.3605,4.2976,4.2358,4.1751,4.1156,4.057,3.9995,3.9429,3.8873,3.8326,3.7787,3.7256,3.6733,3.6217
12.773,11.941,11.291,10.756,10.301,9.9046,9.5529,9.237,8.9502,8.6874,8.4449,8.2198,8.0097,7.8129,7.6278,7.4529,7.2872,7.1298,6.9799,6.8368,6.7,6.569,6.4433,6.3225,6.2061,6.0939,5.9856,5.8809,5.7796,5.6815,5.5863,5.494,5.4044,5.3173,5.2325,5.15,5.0695,4.9911,4.9145,4.8398,4.7667,4.6953,4.6255,4.5572,4.4903,4.4247,4.3605,4.2976,4.2358,4.1751,4.1156,4.057,3.9995,3.9429,3.8873,3.8326,3.7787,3.7256,3.6733,3.6217
12.773,11.941,11.291,10.756,10.301,9.9046,9.5529,9.237,8.9502,8.6874,8.4449,8.2198,8.0097,7.8129,7.6278,7.4529,7.2872,7.1298,6.9799,6.8368,6.7,6.569,6.4433,6.3225,6.2061,6.0939,5.9856,5.8809,5.7796,5.6815,5.5863,5.494,5.4044,5.3173,5.2325,5.15,5.0695,4.9911,4.9145,4.8398,4.7667,4.6953,4.6255,4.5572,4.4903,4.4247,4.3605,4.2976,4.2358,4.1751,4.1156,4.057,3.9995,3.9429,3.8873,3.8326,3.7787,3.7256,3.6733,3.6217
12.773,11.941,11.291,10.756,10.301,9.9046,9.5529,9.237,8.9502,8.6874,8.4449,8.2198,8.0097,7.8129,7.6278,7.4529,7.2872,7.1298,6.9799,6.8368,6.7,6.569,6.4433,6.3225,6.2061,6.0939,5.9856,5.8809,5.7796,5.6815,5.5863,5.494,5.4044,5.3173,5.2325,5.15,5.0695,4.9911,4.9145,4.8398,4.7667,4.6953,4.6255,4.5572,4.4903,4.4247,4.3605,4.2976,4.2358,4.1751,4.1156,4.057,3.9995,3.9429,3.8873,3.8326,3.7787,3.7256,3.6733,3.6217
12.773,11.941,11.291,10.756,10.301,9.9046,9.5529,9.237,8.9502,8.6874,8.4449,8.2198,8.0097,7.8129,7.6278,7.4529,7.2872,7.1298,6.9799,6.8368,6.7,6.569,6.4433,6.3225,6.2061,6.0939,5.9856,5.8809,5.7796,5.6815,5.5863,5.494,5.4044,5.3173,5.2325,5.15,5.0695,4.9911,4.9145,4.8398,4.7667,4.6953,4.6255,4.5572,4.4903,4.4247,4.3605,4.2976,4.2358,4.1751,4.1156,4.057,3.9995,3.9429,3.8873,3.8326,3.7787,3.7256,3.6733,3.6217
12.773,11.941,11.291,10.756,10.301,9.9046,9.5529,9.237,8.9502,8.6874,8.4449,8.2198,8.0097,7.8129,7.6278,7.4529,7.2872,7.1298,6.9799,6.8368,6.7,6.569,6.4433,6.3225,6.2061,6.0939,5.9856,5.8809,5.7796,5.6815,5.5863,5.494,5.4044,5.3173,5.2325,5.15,5.0695,4.9911,4.9145,4.8398,4.7667,4.6953,4.6255,4.5572,4.4903,4.4247,4.3605,4.2976,4.2358,4.1751,4.1156,4.057,3.9995,3.9429,3.8873,3.8326,3.7787,3.7256,3.6733,3.6217
12.773,11.941,11.291,10.756,10.301,9.9046,9.5529,9.237,8.9502,8.6874,8.4449,8.2198,8.0097,7.8129,7.6278,7.4529,7.2872,7.1298,6.9799,6.8368,6.7,6.569,6.4433,6.3225,6.2061,6.0939,5.9856,5.8809,5.7796,5.6815,5.5863,5.494,5.4044,5.3173,5.2325,5.15,5.0695,4.9911,4.9145,4.8398,4.7667,4.6953,4.6255,4.5572,4.4903,4.4247,4.3605,4.2976,4.2358,4.1751,4.1156,4.057,3.9995,3.9429,3.8873,3.8326,3.7787,3.7256,3.6733,3.6217
12.773,11.941,11.291,10.756,10.301,9.9046,9.5529,9.237,8.9502,8.6874,8.4449,8.2198,8.0097,7.8129,7.6278,7.4529,7.2872,7.1298,6.9799,6.8368,6.7,6.569,6.4433,6.3225,6.2061,6.0939,5.9856,5.8809,5.7796,5.6815,5.5863,5.494,5.4044,5.3173,5.2325,5.15,5.0695,4.9911,4.9145,4.8398,4.7667,4.6953,4.6255,4.5572,4.4903,4.4247,4.3605,4.2976,4.2358,4.1751,4.1156,4.057,3.9995,3.9429,3.8873,3.8326,3.7787,3.7256,3.6733,3.6217
12.773,11.941,11.291,10.756,10.301,9.9046,9.5529,9.237,8.9502,8.6874,8.4449,8.2198,8.0097,7.8129,7.6278,7.4529,7.2872,7.1298,6.9799,6.8368,6.7,6.569,6.4433,6.3225,6.2061,6.0939,5.9856,5.8809,5.7796,5.6815,5.5863,5.494,5.4044,5.3173,5.2325,5.15,5.0695,4.9911,4.9145,4.8398,4.7667,4.6953,4.6255,4.5572,4.4903,4.4247,4.3605,4.2976,4.2358,4.1751,4.1156,4.057,3.9995,3.9429,3.8873,3.8326,3.7787,3.7256,3.6733,3.6217
12.773,11.941,11.291,10.756,10.301,9.9046,9.5529,9.237,8.9502,8.6874,8.4449,8.2198,8.0097,7.8129,7.6278,7.4529,7.2872,7.1298,6.9799,6.8368,6.7,6.569,6.4433,6.3225,6.2061,6.0939,5.9856,5.8809,5.7796,5.6815,5.5863,5.494,5.4044,5.3173,5.2325,5.15,5.0695,4.9911,4.9145,4.8398,4.7667,4.6953,4.6255,4.5572,4.4903,4.4247,4.3605,4.2976,4.2358,4.1751,4.1156,4.057,3.9995,3.9429,3.8873,3.8326,3.7787,3.7256,3.6733,3.6217
12.773,11.941,11.291,10.756,10.301,9.9046,9.5529,9.237,8.9502,8.6874,8.4449,8.2198,8.0097,7.8129,7.6278,7.4529,7.2872,7.1298,6.9799,6.8368,6.7,6.569,6.4433,6.3225,6.2061,6.0939,5.9856,5.8809,5.7796,5.6815,5.5863,5.494,5.4044,5.3173,5.2325,5.15,5.0695,4.9911,4.9145,4.8398,4.7667,4.6953,4.6255,4.5572,4.4903,4.4247,4.3605,4.2976,4.2358,4.1751,4.1156,4.057,3.9995,3.9429,3.8873,3.8326,3.7787,3.7256,3.6733,3.6217
12.773,11.941,11.291,10.756,10.301,9.9046,9.5529,9.237,8.9502,8.6874,8.4449,8.2198,8.0097,7.8129,7.6278,7.4529,7.2872,7.1298,6.9799,6.8368,6.7,6.569,6.4433,6.3225,6.2061,6.0939,5.9856,5.8809,5.7796,5.6815,5.5863,5.494,5.4044,5.3173,5.2325,5.15,5.0695,4.9911,4.9145,4.8398,4.7667,4.6953,4.6255,4.5572,4.4903,4.4247,4.3605,4.2976,4.2358,4.1751,4.1156,4.057,3.9995,3.9429,3.8873,3.8326,3.7787,3.7256,3.6733,3.6217
12.773,11.941,11.291,10.756,10.301,9.9046,9.5529,9.237,8.9502,8.6874,8.4449,8.2198,8.0097,7.8129,7.6278,7.4529,7.2872,7.1298,6.9799,6.8368,6.7,6.569,6.4433,6.3225,6.2061,6.0939,5.9856,5.8809,5.7796,5.6815,5.5863,5.494,5.4044,5.3173,5.2325,5.15,5.0695,4.9911,4.9145,4.8398,4.7667,4.6953,4.6255,4.5572,4.4903,4.4247,4.3605,4.2976,4.2358,4.1751,4.1156,4.057,3.9995,3.9429,3.8873,3.8326,3.7787,3.7256,3.6733,3.6217
12.773,11.941,11.291,10.756,10.301,9.9046,9.5529,9.237,8.9502,8.6874,8.4449,8.2198,8.0097,7.8129,7.6278,7.4529,7.2872,7.1298,6.9799,6.8368,6.7,6.569,6.4433,6.3225,6.2061,6.0939,5.9856,5.8809,5.7796,5.6815,5.5863,5.494,5.4044,5.3173,5.2325,5.15,5.0695,4.9911,4.9145,4.8398,4.7667,4.6953,4.6255,4.5572,4.4903,4.4247,4.3605,4.2976,4.2358,4.1751,4.1156,4.057,3.9995,3.9429,3.8873,3.8326,3.7787,3.7256,3.6733,3.6217
12.773,11.941,11.291,10.756,10.301,9.9046,9.5529,9.237,8.9502,8.6874,8.4449,8.2198,8.0097,7.8129,7.6278,7.4529,7.2872,7.1298,6.9799,6.8368,6.7,6.569,6.4433,6.3225,6.2061,6.0939,5.9856,5.8809,5.7796,5.6815,5.5863,5.494,5.4044,5.3173,5.2325,5.15,5.0695,4.9911,4.9145,4.8398,4.7667,4.6953,4.6255,4.5572,4.4903,4.4247,4.3605,4.2976,4.2358,4.1751,4.1156,4.057,3.9995,3.9429,3.8873,3.8326,3.7787,3.7256,3.6733,3.6217
12.773,11.941,11.291,10.756,10.301,9.9046,9.5529,9.237,8.9502,8.6874,8.4449,8.2198,8.0097,7.8129,7.6278,7.4529,7.2872,7.1298,6.9799,6.8368,6.7,6.569,6.4433,6.3225,6.2061,6.0939,5.9856,5.8809,5.7796,5.6815,5.5863,5.494,5.4044,5.3173,5.2325,5.15,5.0695,4.9911,4.9145,4.8398,4.7667,4.6953,4.6255,4.5572,4.4903,4.4247,4.3605,4.2976,4.2358,4.1751,4.1156,4.057,3.9995,3.9429,3.8873,3.8326,3.7787,3.7256,3.6733,3.6217
12.773,11.941,11.291,10.756,10.301,9.9046,9.5529,9.237,8.9502,8.6874,8.4449,8.2198,8.0097,7.8129,7.6278,7.4529,7.2872,7.1298,6.9799,6.8368,6.7,6.569,6.4433,6.3225,6.2061,6.0939,5.9856,5.8809,5.7796,5.6815,5.5863,5.494,5.4044,5.3173,5.2325,5.15,5.0695,4.9911,4.9145,4.8398,4.7667,4.6953,4.6255,4.5572,4.4903,4.4247,4.3605,4.2976,4.2358,4.1751,4.1156,4.057,3.9995,3.9429,3.8873,3.8326,3.7787,3.7256,3.6733,3.6217
12.773,11.941,11.291,10.756,10.301,9.9046,9.5529,9.237,8.9502,8.6874,8.4449,8.2198,8.0097,7.8129,7.6278,7.4529,7.2872,7.1298,6.9799,6.8368,6.7,6.569,6.4433,6.3225,6.2061,6.0939,5.9856,5.8809,5.7796,5.6815,5.5863,5.494,5.4044,5.3173,5.2325,5.15,5.0695,4.9911,4.9145,4.8398,4.7667,4.6953,4.6255,4.5572,4.4903,4.4247,4.3605,4.2976,4.2358,4.1751,4.1156,4.057,3.9995,3.9429,3.8873,3.8326,3.7787,3.7256,3.6733,3.6217
12.773,11.941,11.291,10.756,10.301,9.9046,9.5529,9.237,8.9502,8.6874,8.4449,8.2198,8.0097,7.8129,7.6278,7.4529,7.2872,7.1298,6.9799,6.8368,6.7,6.569,6.4433,6.3225,6.2061,6.0939,5.9856,5.8809,5.7796,5.6815,5.5863,5.494,5.4044,5.3173,5.2325,5.15,5.0695,4.9911,4.9145,4.8398,4.7667,4.6953,4.6255,4.5572,4.4903,4.4247,4.3605,4.2976,4.2358,4.1751,4.1156,4.057,3.9995,3.9429,3.8873,3.8326,3.7787,3.7256,3.6733,3.6217
12.773,11.941,11.291,10.756,10.301,9.9046,9.5529,9.237,8.9502,8.6874,8.4449,8.2198,8.0097,7.8129,7.6278,7.4529,7.2872,7.1298,6.9799,6.8368,6.7,6.569,6.4433,6.3225,6.2061,6.0939,5.9856,5.8809,5.7796,5.6815,5.5863,5.494,5.4044,5.3173,5.2325,5.15,5.0695,4.9911,4.9145,4.8398,4.7667,4.6953,4.6255,4.5572,4.4903,4.4247,4.3605,4.2976,4.2358,4.1751,4.1156,4.057,3.9995,3.9429,3.8873,3.8326,3.7787,3.7256,3.6733,3.6217
12.773,11.941,11.291,10.756,10.301,9.9046,9.5529,9.237,8.9502,8.6874,8.4449,8.2198,8.0097,7.8129,7.6278,7.4529,7.2872,7.1298,6.9799,6.8368,6.7,6.569,6.4433,6.3225,6.2061,6.0939,5.9856,5.8809,5.7796,5.6815,5.5863,5.494,5.4044,5.3173,5.2325,5.15,5.0695,4.9911,4.9145,4.8398,4.7667,4.6953,4.6255,4.5572,4.4903,4.4247,4.3605,4.2976,4.2358,4.1751,4.1156,4.057,3.9995,3.9429,3.8873,3.8326,3.7787,3.7256,3.6733,3.6217
12.773,11.941,11.291,10.756,10.301,9.9046,9.5529,9.237,8.9502,8.6874,8.4449,8.2198,8.0097,7.8129,7.6278,7.4529,7.2872,7.1298,6.9799,6.8368,6.7,6.569,6.4433,6.3225,6.2061,6.0939,5.9856,5.8809,5.7796,5.6815,5.5863,5.494,5.4044,5.3173,5.2325,5.15,5.0695,4.9911,4.9145,4.8398,4.7667,4.6953,4.6255,4.5572,4.4903,4.4247,4.3605,4.2976,4.2358,4.1751,4.1156,4.057,3.9995,3.9429,3.8873,3.8326,3.7787,3.7256,3.6733,3.6217
12.773,11.941,11.291,10.756,10.301,9.9046,9.5529,9.237,8.9502,8.6874,8.4449,8.2198,8.0097,7.8129,7.6278,7.4529,7.2872,7.1298,6.9799,6.8368,6.7,6.569,6.4433,6.3225,6.2061,6.0939,5.9856,5.8809,5.7796,5.6815,5.5863,5.494,5.4044,5.3173,5.2325,5.15,5.0695,4.9911,4.9145,4.8398,4.7667,4.6953,4.6255,4.5572,4.4903,4.4247,4.3605,4.2976,4.2358,4.1751,4.1156,4.057,3.9995,3.9429,3.8873,3.8326,3.7787,3.7256,3.6733,3.6217
12.773,11.941,11.291,10.756,10.301,9.9046,9.5529,9.237,8.9502,8.6874,8.4449,8.2198,8.0097,7.8129,7.6278,7.4529,7.2872,7.1298,6.9799,6.8368,6.7,6.569,6.4433,6.3225,6.2061,6.0939,5.9856,5.8809,5.7796,5.6815,5.5863,5.494,5.4044,5.3173,5.2325,5.15,5.0695,4.9911,4.9145,4.8398,4.7667,4.6953,4.6255,4.5572,4.4903,4.4247,4.3605,4.2976,4.2358,4.1751,4.1156,4.057,3.9995,3.9429,3.8873,3.8326,3.7787,3.7256,3.6733,3.6217
12.773,11.941,11.291,10.756,10.301,9.9046,9.5529,9.237,8.9502,8.6874,8.4449,8.2198,8.0097,7.8129,7.6278,7.4529,7.2872,7.1298,6.9799,6.8368,6.7,6.569,6.4433,6.3225,6.2061,6.0939,5.9856,5.8809,5.7796,5.6815,5.5863,5.494,5.4044,5.3173,5.2325,5.15,5.0695,4.9911,4.9145,4.8398,4.7667,4.6953,4.6255,4.5572,4.4903,4.4247,4.3605,4.2976,4.2358,4.1751,4.1156,4.057,3.9995,3.9429,3.8873,3.8326,3.7787,3.7256,3.6733,3.6217
12.773,11.941,11.291,10.756,10.301,9.9046,9.5529,9.237,8.9502,8.6874,8.4449,8.2198,8.0097,7.8129,7.6278,7.4529,7.2872,7.1298,6.9799,6.8368,6.7,6.569,6.4433,6.3225,6.2061,6.0939,5.9856,5.8809,5.7796,5.6815,5.5863,5.494,5.4044,5.3173,5.2325,5.15,5.0695,4.9911,4.9145,4.8398,4.7667,4.6953,4.6255,4.5572,4.4903,4.4247,4.3605,4.2976,4.2358,4.1751,4.1156,4.057,3.9995,3.9429,3.8873,3.8326,3.7787,3.7256,3.6733,3.6217
12.773,11.941,11.291,10.756,10.301,9.9046,9.5529,9.237,8.9502,8.6874,8.4449,8.2198,8.0097,7.8129,7.6278,7.4529,7.2872,7.1298,6.9799,6.8368,6.7,6.569,6.4433,6.3225,6.2061,6.0939,5.9856,5.8809,5.7796,5.6815,5.5863,5.494,5.4044,5.3173,5.2325,5.15,5.0695,4.9911,4.9145,4.8398,4.7667,4.6953,4.6255,4.5572,4.4903,4.4247,4.3605,4.2976,4.2358,4.1751,4.1156,4.057,3.9995,3.9429,3.8873,3.8326,3.7787,3.7256,3.6733,3.6217
12.773,11.941,11.291,10.756,10.301,9.9046,9.5529,9.237,8.9502,8.6874,8.4449,8.2198,8.0097,7.8129,7.6278,7.4529,7.2872,7.1298,6.9799,6.8368,6.7,6.569,6.4433,6.3225,6.2061,6.0939,5.9856,5.8809,5.7796,5.6815,5.5863,5.494,5.4044,5.3173,5.2325,5.15,5.0695,4.9911,4.9145,4.8398,4.7667,4.6953,4.6255,4.5572,4.4903,4.4247,4.3605,4.2976,4.2358,4.1751,4.1156,4.057,3.9995,3.9429,3.8873,3.8326,3.7787,3.7256,3.6733,3.6217
12.773,11.941,11.291,10.756,10.301,9.9046,9.5529,9.237,8.9502,8.6874,8.4449,8.2198,8.0097,7.8129,7.6278,7.4529,7.2872,7.1298,6.9799,6.8368,6.7,6.569,6.4433,6.3225,6.2061,6.0939,5.9856,5.8809,5.7796,5.6815,5.5863,5.494,5.4044,5.3173,5.2325,5.15,5.0695,4.9911,4.9145,4.8398,4.7667,4.6953,4.6255,4.5572,4.4903,4.4247,4.3605,4.2976,4.2358,4.1751,4.1156,4.057,3.9995,3.9429,3.8873,3.8326,3.7787,3.7256,3.6733,3.6217
12.773,11.941,11.291,10.756,10.301,9.9046,9.5529,9.237,8.9502,8.6874,8.4449,8.2198,8.0097,7.8129,7.6278,7.4529,7.2872,7.1298,6.9799,6.8368,6.7,6.569,6.4433,6.3225,6.2061,6.0939,5.9856,5.8809,5.7796,5.6815,5.5863,5.494,5.4044,5.3173,5.2325,5.15,5.0695,4.9911,4.9145,4.8398,4.7667,4.6953,4.6255,4.5572,4.4903,4.4247,4.3605,4.2976,4.2358,4.1751,4.1156,4.057,3.9995,3.9429,3.8873,3.8326,3.7787,3.7256,3.6733,3.6217
12.773,11.941,11.291,10.756,10.301,9.9046,9.5529,9.237,8.9502,8.6874,8.4449,8.2198,8.0097,7.8129,7.6278,7.4529,7.2872,7.1298,6.9799,6.8368,6.7,6.569,6.4433,6.3225,6.2061,6.0939,5.9856,5.8809,5.7796,5.6815,5.5863,5.494,5.4044,5.3173,5.2325,5.15,5.0695,4.9911,4.9145,4.8398,4.7667,4.6953,4.6255,4.5572,4.4903,4.4247,4.3605,4.2976,4.2358,4.1751,4.1156,4.057,3.9995,3.9429,3.8873,3.8326,3.7787,3.7256,3.6733,3.6217
12.773,11.941,11.291,10.756,10.301,9.9046,9.5529,9.237,8.9502,8.6874,8.4449,8.2198,8.0097,7.8129,7.6278,7.4529,7.2872,7.1298,6.9799,6.8368,6.7,6.569,6.4433,6.3225,6.2061,6.0939,5.9856,5.8809,5.7796,5.6815,5.5863,5.494,5.4044,5.3173,5.2325,5.15,5.0695,4.9911,4.9145,4.8398,4.7667,4.6953,4.6255,4.5572,4.4903,4.4247,4.3605,4.2976,4.2358,4.1751,4.1156,4.057,3.9995,3.9429,3.8873,3.8326,3.7787,3.7256,3.6733,3.6217
12.773,11.941,11.291,10.756,10.301,9.9046,9.5529,9.237,8.9502,8.6874,8.4449,8.2198,8.0097,7.8129,7.6278,7.4529,7.2872,7.1298,6.9799,6.8368,6.7,6.569,6.4433,6.3225,6.2061,6.0939,5.9856,5.8809,5.7796,5.6815,5.5863,5.494,5.4044,5.3173,5.2325,5.15,5.0695,4.9911,4.9145,4.8398,4.7667,4.6953,4.6255,4.5572,4.4903,4.4247,4.3605,4.2976,4.2358,4.1751,4.1156,4.057,3.9995,3.9429,3.8873,3.8326,3.7787,3.7256,3.6733,3.6217
