105,123.73,142.46,161.19,179.92,198.64,217.37,236.1,254.83,273.56,292.29,311.02,329.75,348.47,367.2,385.93,404.66,423.39,442.12,460.85,479.58,498.31,517.03,535.76,554.49,573.22,591.95,610.68,629.41,648.14,666.86,685.59,704.32,723.05,741.78,760.51,779.24,797.97,816.69,835.42,854.15,872.88,891.61,910.34,929.07,947.8,966.53,985.25,1004,1022.7,1041.4,1060.2,1078.9,1097.6,1116.4,1135.1,1153.8,1172.5,1191.3,1210
0.6,0.60593,0.61186,0.6178,0.62373,0.62966,0.63559,0.64153,0.64746,0.65339,0.65932,0.66525,0.67119,0.67712,0.68305,0.68898,0.69492,0.70085,0.70678,0.71271,0.71864,0.72458,0.73051,0.73644,0.74237,0.74831,0.75424,0.76017,0.7661,0.77203,0.77797,0.7839,0.78983,0.79576,0.80169,0.80763,0.81356,0.81949,0.82542,0.83136,0.83729,0.84322,0.84915,0.85508,0.86102,0.86695,0.87288,0.87881,0.88475,0.89068,0.89661,0.90254,0.90847,0.91441,0.92034,0.92627,0.9322,0.93814,0.94407,0.95
1248.1,1238,1228.4,1218.9,1209.7,1200.3,1190.5,1181.3,1172.4,1163.5,1154.9,1146.1,1137.7,1129.6,1121.7,1114.2,1107,1100,1093.2,1085.9,1078.2,1070.1,1062.2,1056.6,1053.5,1051.9,1050.9,1050,1049.2,1048.3,1047.4,1046.5,1045.6,1044.7,1043.7,1042.7,1041.7,1040.7,1039.6,1038.6,1037.5,1036.4,1035.3,1034.1,1033,1031.8,1030.6,1029.4,1028.2,1026.9,1025.7,1024.4,1023.1,1021.7,1020.4,1019,1017.6,1016.2,1014.7,1013.2
1218,1207.1,1197.2,1186.4,1176.4,1166.8,1157.1,1147.5,1138.2,1129.2,1119.9,1111.2,1102,1093.2,1083.9,1075,1067,1059.1,1051.9,1044.6,1037.4,1029.7,1021.1,1013,1008,1005.9,1004.8,1004,1003.3,1002.6,1001.8,1001.1,1000.3,999.51,998.68,997.84,996.98,996.09,995.19,994.27,993.33,992.38,991.41,990.42,989.43,988.41,987.38,986.34,985.29,984.22,983.13,982.03,980.92,979.79,978.65,977.49,976.31,975.12,973.9,972.66
1196,1184.9,1174.2,1163.5,1152.7,1142.5,1132.2,1122.3,1112.4,1103,1093.5,1084,1075,1066,1057,1048,1039.3,1030.2,1022,1014.2,1006.6,999.07,991,981.87,974.75,971.29,969.97,969.24,968.64,968.05,967.45,966.83,966.2,965.54,964.87,964.17,963.46,962.72,961.97,961.2,960.41,959.6,958.78,957.94,957.08,956.21,955.32,954.43,953.51,952.59,951.65,950.69,949.72,948.74,947.75,946.74,945.72,944.69,943.64,942.57
1178.8,1168.1,1157,1146.4,1135.2,1124.6,1114,1103.5,1093.5,1083.8,1073.8,1064.4,1055,1046,1036.5,1027.5,1018.1,1008.8,999.88,991.68,983.92,976.23,968.31,959.3,950.78,945.78,944.06,943.32,942.78,942.28,941.76,941.23,940.68,940.12,939.54,938.94,938.32,937.69,937.03,936.36,935.67,934.96,934.24,933.5,932.75,931.98,931.2,930.4,929.59,928.77,927.93,927.08,926.22,925.34,924.45,923.55,922.64,921.71,920.77,919.81
1166.5,1155.1,1143.7,1132.3,1121.8,1110.9,1099.9,1089,1078.7,1068.8,1058.5,1048.9,1039.3,1029.8,1020.3,1011.5,1001.9,992.91,983.49,974.76,966.31,958.54,950.3,941.74,932.5,926.17,923.88,923.05,922.52,922.06,921.6,921.13,920.64,920.14,919.61,919.08,918.52,917.95,917.37,916.77,916.15,915.52,914.87,914.21,913.54,912.85,912.14,911.43,910.7,909.96,909.2,908.44,907.66,906.87,906.06,905.25,904.42,903.58,902.73,901.86
1156.6,1145.2,1134.2,1122,1111,1099.7,1088.9,1077.7,1067.2,1056.7,1046.5,1036.5,1026.1,1016.7,1007.1,997.62,988.14,979.06,969.65,961.2,952.94,944.87,936.85,928.53,918.52,911.48,908.82,907.93,907.41,906.94,906.48,906.01,905.52,905.03,904.52,903.99,903.45,902.9,902.33,901.74,901.15,900.54,899.91,899.28,898.63,897.97,897.29,896.61,895.91,895.2,894.48,893.75,893.01,892.26,891.5,890.73,889.94,889.15,888.34,887.53
1148.1,1136.2,1124.7,1113.5,1102.5,1090.6,1079.6,1069.5,1057.7,1047.2,1036.1,1026.1,1015.8,1006,996.35,986.52,977.03,967.46,958.27,949.16,940.58,932.28,924.36,916.17,906.47,898.16,894.6,893.53,893,892.57,892.15,891.73,891.29,890.85,890.4,889.93,889.45,888.96,888.46,887.94,887.41,886.87,886.31,885.74,885.16,884.57,883.97,883.35,882.73,882.09,881.44,880.78,880.11,879.43,878.74,878.04,877.33,876.61,875.87,875.13
1140,1128.3,1117.2,1106,1094.1,1082.4,1071.6,1060.4,1049.8,1039,1028.6,1018.3,1008.5,998.4,988.3,978,968.39,958.88,948.86,939.4,930.69,922.07,914.07,905.62,896.07,887.2,882.82,881.61,881.1,880.7,880.32,879.94,879.56,879.16,878.75,878.33,877.89,877.45,877,876.53,876.05,875.57,875.07,874.56,874.04,873.51,872.97,872.42,871.86,871.29,870.72,870.13,869.54,868.94,868.34,867.74,867.16,866.79,866.08,865.37
1134.3,1122,1110.5,1099.1,1087.8,1075.5,1064.5,1053.3,1041.8,1031.2,1021,1009.9,1000.3,989.95,980.1,970.49,961.08,951.39,941.59,932.5,923.4,914.82,906.62,898.33,888.45,879.33,874.13,872.79,872.24,871.82,871.43,871.03,870.63,870.22,869.8,869.37,868.94,868.49,868.03,867.57,867.09,866.6,866.11,865.6,865.08,864.55,864.02,863.47,862.91,862.35,861.77,861.19,860.59,859.99,859.38,858.76,858.13,857.49,856.85,856.19
1129,1116.8,1104.8,1093.2,1082.3,1070.5,1058.8,1047,1035.9,1024.9,1014.1,1003.4,992.79,982.63,972.52,962.83,953.35,943.77,934.08,924.55,915.47,906.71,898.36,890.2,880.76,871.5,865.27,863.51,862.91,862.51,862.14,861.78,861.41,861.03,860.65,860.27,859.87,859.47,859.06,858.63,858.2,857.76,857.31,856.86,856.39,855.91,855.42,854.93,854.42,853.9,853.38,852.85,852.31,851.76,851.2,850.63,850.05,849.47,848.87,848.27
1124.8,1112.3,1100.2,1088.3,1077.2,1065.6,1053.8,1042,1030.8,1019.6,1008.9,998.43,987.41,977.09,966.64,956.96,946.82,937.33,927.74,917.91,908.9,900.1,891.61,883.3,874.35,864.1,857.59,855.54,854.93,854.54,854.19,853.85,853.5,853.16,852.8,852.45,852.08,851.71,851.33,850.94,850.55,850.15,849.73,849.31,848.88,848.45,848,847.55,847.08,846.61,846.13,845.64,845.14,844.64,844.12,843.6,843.07,842.53,841.98,841.42
1120.7,1108.4,1096.1,1084.4,1073.6,1061.3,1050.1,1038,1026.8,1015.5,1004.6,994.07,983.03,972.4,962.35,952.19,942.05,932.43,922.37,912.5,903.19,894.12,885.5,877.15,868.15,858.43,851.04,848.74,848.08,847.7,847.38,847.06,846.75,846.42,846.1,845.76,845.43,845.08,844.73,844.37,844.01,843.63,843.25,842.86,842.47,842.06,841.65,841.23,840.81,840.37,839.93,839.48,839.02,838.55,838.08,837.6,837.11,836.61,836.11,835.6
1116.9,1103.9,1092.5,1080.3,1069.1,1057.4,1045.6,1034.3,1022.8,1011.9,1001.5,990.42,979.86,968.92,958.76,948.36,938.56,928.45,918.85,908.59,899.15,889.92,881.11,872.78,863.64,853.67,845.66,842.98,842.28,841.92,841.61,841.32,841.03,840.75,840.47,840.19,839.9,839.61,839.31,839.01,838.71,838.41,838.11,837.82,837.6,837.51,837.08,836.65,836.21,835.76,835.3,834.84,834.37,833.89,833.41,832.92,832.42,831.92,831.41,830.89
1113.2,1100.5,1088.2,1076.8,1064.8,1053.1,1041.5,1030.1,1019.1,1007.5,996.59,985.74,975.23,965.03,954.67,944.9,934.69,924.88,915.25,905.5,896.07,886.87,878.21,869.66,860.98,851.18,842.27,838.85,838,837.59,837.26,836.93,836.61,836.29,835.96,835.63,835.3,834.96,834.62,834.27,833.91,833.55,833.19,832.81,832.43,832.05,831.65,831.25,830.84,830.43,830.01,829.58,829.14,828.7,828.25,827.8,827.33,826.86,826.39,825.91
1109.2,1097.3,1084.6,1072.8,1060.9,1049.7,1037.6,1026.1,1015.1,1003.5,992.59,981.65,970.86,960.16,950.24,940.54,930.33,920.57,911.14,901.22,891.72,882.52,873.54,865.11,856.52,846.78,837.54,833.67,832.72,832.31,831.98,831.67,831.37,831.07,830.76,830.45,830.14,829.83,829.51,829.19,828.86,828.52,828.18,827.83,827.48,827.12,826.76,826.39,826.01,825.62,825.23,824.84,824.43,824.02,823.6,823.18,822.75,822.31,821.87,821.42
1106.6,1094,1081.9,1069.6,1057.7,1046.2,1034.1,1022.8,1011.3,1000,988.91,977.78,966.89,957,946.55,936.45,926.38,916.98,906.83,897.32,887.62,878.31,869.38,860.92,852.75,843,833.32,829.02,827.96,827.55,827.24,826.94,826.65,826.36,826.08,825.78,825.49,825.19,824.9,824.59,824.29,823.97,823.66,823.33,823,822.67,822.33,821.98,821.63,821.27,820.91,820.54,820.16,819.78,819.39,819,818.59,818.18,817.77,817.35
1104.8,1091.5,1079.2,1066.8,1055,1043.3,1031.5,1020.1,1008.1,997.07,985.81,974.98,963.82,953.41,943.12,932.97,922.58,913.01,903.23,893.64,884.19,874.83,865.94,857.05,848.77,839.01,829.47,824.83,823.67,823.25,822.94,822.66,822.38,822.11,821.83,821.55,821.28,821,820.71,820.43,820.14,819.85,819.55,819.25,818.94,818.63,818.31,817.98,817.66,817.32,816.98,816.63,816.28,815.92,815.56,815.19,814.81,814.43,814.04,813.64
1101.7,1089.1,1076.8,1064,1052.7,1041.1,1028.8,1017.2,1005.5,993.92,983.03,971.85,960.75,950.41,939.92,929.86,919.49,909.81,900.08,890.21,880.78,871.25,862.22,853.61,845.33,835.63,826.01,820.99,819.78,819.35,819.05,818.77,818.5,818.24,817.97,817.71,817.45,817.18,816.91,816.64,816.37,816.09,815.81,815.52,815.23,814.94,814.64,814.33,814.03,813.71,813.39,813.07,812.73,812.4,812.06,811.71,811.35,810.99,810.63,810.26
1099.7,1087.1,1074.6,1062.2,1050.3,1038.3,1026,1014.6,1003.2,991.4,980.26,969.04,958,947.38,936.92,926.63,916.69,906.62,896.93,887.06,877.31,868.21,859.18,850.67,842.19,832.97,822.91,817.57,816.23,815.8,815.5,815.23,814.97,814.71,814.46,814.2,813.95,813.69,813.44,813.18,812.92,812.65,812.39,812.12,811.84,811.56,811.28,810.99,810.7,810.4,810.1,809.8,809.49,809.17,808.85,808.52,808.18,807.85,807.5,807.15
1097.8,1085.2,1072.7,1060.2,1047.9,1036.2,1024.1,1012.1,1000.9,989.09,977.68,966.7,955.61,944.77,934.18,924.18,913.85,903.88,894.2,884.26,874.83,865.46,856.21,847.66,839.21,829.81,819.85,814.32,812.99,812.54,812.25,811.99,811.73,811.48,811.24,810.99,810.75,810.5,810.25,810,809.75,809.5,809.25,808.99,808.73,808.46,808.2,807.92,807.65,807.37,807.08,806.79,806.5,806.2,805.89,805.58,805.27,804.95,804.62,804.29
1096.5,1083.1,1070.1,1057.6,1045.8,1034.2,1022.4,1010.1,998.75,987.22,975.47,964.5,953.42,942.64,932.16,921.48,911.5,901.28,891.51,881.91,872.23,862.74,853.75,844.9,836.28,827,817.2,811.51,810.01,809.56,809.27,809.01,808.76,808.52,808.28,808.04,807.8,807.56,807.33,807.09,806.85,806.6,806.36,806.11,805.86,805.61,805.35,805.09,804.83,804.56,804.29,804.02,803.74,803.45,803.16,802.87,802.57,802.27,801.96,801.65
1094.5,1081.7,1069.2,1056.5,1044.2,1032.2,1020.6,1008.3,996.7,984.92,973.5,962.53,951.32,940.14,929.66,919.46,909.19,899.29,889.34,879.57,869.73,860.13,851.01,842.41,833.95,824.69,814.57,808.77,807.26,806.82,806.52,806.27,806.03,805.79,805.55,805.32,805.09,804.86,804.63,804.4,804.16,803.93,803.69,803.46,803.22,802.98,802.73,802.48,802.23,801.97,801.72,801.45,801.19,800.92,800.64,800.36,800.08,799.79,799.5,799.2
1093.3,1080.7,1067.4,1055,1042.4,1030.5,1019.3,1006.9,994.83,983.09,971.77,960.77,949.22,938.31,927.46,917.02,906.83,896.91,887.12,877.51,867.47,857.85,848.68,840.1,831.65,822.24,812.23,806.31,804.73,804.28,803.99,803.74,803.5,803.27,803.04,802.81,802.58,802.36,802.13,801.91,801.68,801.46,801.23,801,800.77,800.54,800.3,800.06,799.82,799.58,799.33,799.08,798.82,798.56,798.3,798.03,797.76,797.49,797.21,796.93
1091.2,1079.3,1066.1,1054.1,1041.2,1029.1,1017.2,1005.3,993.22,981.46,969.94,958.78,947.82,936.49,925.7,915.41,905.17,894.93,884.88,875.2,865.21,855.52,846.87,837.97,829.2,820.09,810.25,804.02,802.39,801.93,801.65,801.4,801.16,800.93,800.7,800.48,800.26,800.04,799.82,799.6,799.38,799.16,798.94,798.72,798.5,798.27,798.04,797.81,797.58,797.35,797.11,796.87,796.62,796.38,796.13,795.87,795.61,795.35,795.08,794.81
1090.2,1078,1064.9,1052,1040,1027.5,1015.6,1003.2,991.57,979.98,968.63,956.73,945.74,935.15,924.06,913.7,903.28,893.35,883.19,873.17,863.42,854.09,844.54,835.86,827.34,817.97,808.03,801.79,800.21,799.75,799.47,799.23,798.99,798.76,798.54,798.32,798.1,797.89,797.67,797.46,797.25,797.03,796.82,796.6,796.39,796.17,795.95,795.72,795.5,795.27,795.04,794.81,794.58,794.34,794.1,793.85,793.6,793.35,793.1,792.84
1088.6,1076.5,1063.4,1051.1,1038.4,1025.8,1014.9,1002.1,990.45,978.65,967.19,955.82,944.63,933.48,922.49,911.88,901.54,891.35,881.12,871.69,861.59,851.98,842.66,833.89,825.11,816.19,806.25,799.86,798.18,797.73,797.45,797.2,796.97,796.75,796.53,796.31,796.1,795.88,795.67,795.47,795.26,795.05,794.84,794.63,794.42,794.2,793.99,793.78,793.56,793.34,793.12,792.89,792.67,792.44,792.2,791.97,791.73,791.49,791.24,790.99
1087.7,1075.2,1062.1,1049.6,1037.3,1025,1012.9,1000.7,989.35,977.33,965.8,954.15,943.39,931.8,920.91,910.32,900.23,889.99,879.66,870.02,859.89,850.35,841.08,832.41,823.51,814.4,804.27,797.99,796.29,795.84,795.56,795.31,795.09,794.87,794.65,794.44,794.22,794.02,793.81,793.61,793.4,793.2,792.99,792.79,792.58,792.37,792.17,791.96,791.75,791.53,791.32,791.1,790.88,790.66,790.44,790.21,789.98,789.74,789.51,789.27
1086,1074,1061.4,1048.4,1036.1,1023.7,1011.7,1000,987.78,975.89,964.43,953.09,941.87,930.43,919.48,908.91,898.83,888.38,878.27,868.2,858.51,848.7,839.19,830.54,821.9,812.65,802.34,796.19,794.52,794.07,793.8,793.56,793.33,793.11,792.9,792.69,792.48,792.27,792.07,791.87,791.67,791.47,791.26,791.07,790.86,790.66,790.46,790.26,790.05,789.84,789.63,789.42,789.21,788.99,788.78,788.56,788.33,788.11,787.88,787.65
1085.5,1072.8,1060.3,1047.3,1034.6,1022.7,1010.7,998.68,986.9,974.85,963.12,951.95,940.35,929.32,918.55,907.55,897.34,886.97,876.62,866.77,856.88,847.3,837.81,829.08,820.18,811.13,800.92,794.55,792.87,792.42,792.15,791.91,791.68,791.47,791.25,791.05,790.84,790.64,790.44,790.24,790.04,789.85,789.65,789.45,789.26,789.06,788.86,788.66,788.46,788.26,788.05,787.85,787.64,787.43,787.22,787.01,786.79,786.57,786.35,786.13
1084.3,1071.9,1059.2,1046.3,1034.1,1021.2,1009.6,997.63,985.66,973.71,962.13,950.55,939.16,927.7,917.33,906.62,895.75,885.56,875.61,865.49,855.59,845.83,836.35,827.63,818.83,809.54,799.29,792.95,791.33,790.87,790.6,790.37,790.15,789.93,789.72,789.51,789.31,789.11,788.91,788.71,788.52,788.32,788.13,787.94,787.75,787.55,787.36,787.16,786.97,786.77,786.57,786.37,786.17,785.97,785.76,785.55,785.34,785.13,784.92,784.7
1083.7,1071.1,1058.7,1045.8,1033.1,1020.7,1008.7,996.79,985.02,972.6,961.12,949.6,938.29,926.84,915.92,905.38,894.81,884.36,874.18,864.39,854.44,844.75,835.17,826.13,817.65,808.18,797.83,791.51,789.87,789.42,789.15,788.92,788.69,788.48,788.27,788.07,787.87,787.67,787.47,787.28,787.09,786.9,786.71,786.52,786.33,786.14,785.95,785.75,785.56,785.37,785.18,784.98,784.78,784.59,784.39,784.19,783.98,783.78,783.57,783.36
1082.8,1070,1057.2,1044.4,1031.7,1019.7,1007.7,995.76,983.55,971.81,960.06,948.67,937.34,926.05,914.9,904.18,894.03,883.26,873.32,863.34,853.36,843.44,833.77,824.94,816.17,807.1,796.75,790.2,788.5,788.05,787.78,787.55,787.33,787.12,786.91,786.71,786.51,786.32,786.12,785.93,785.74,785.55,785.36,785.18,784.99,784.8,784.62,784.43,784.24,784.05,783.86,783.67,783.48,783.29,783.09,782.89,782.7,782.5,782.29,782.09
1082.5,1069.9,1056.5,1043.9,1031.9,1018.7,1006.6,995.37,982.87,971.21,959.56,947.63,936.25,925.47,914.08,903.2,892.66,882.5,872.08,862.26,852.09,842.17,832.76,823.68,815.01,805.85,795.27,788.89,787.21,786.76,786.5,786.27,786.05,785.84,785.64,785.43,785.23,785.04,784.85,784.66,784.47,784.29,784.1,783.92,783.73,783.55,783.36,783.18,783,782.81,782.62,782.44,782.25,782.06,781.87,781.68,781.48,781.29,781.09,780.89
1081.4,1068.7,1056,1043,1031.2,1018.1,1005.9,994.02,982.25,970.47,958.65,946.81,935.45,924.33,913.38,902.09,892.07,881.3,870.97,861.06,851.28,841.16,831.87,822.54,813.78,804.54,794.28,787.68,785.98,785.54,785.28,785.06,784.84,784.63,784.43,784.23,784.03,783.84,783.65,783.46,783.28,783.09,782.91,782.73,782.55,782.36,782.18,782,781.82,781.64,781.45,781.27,781.09,780.9,780.72,780.53,780.34,780.15,779.95,779.76
1080.7,1068,1055.5,1042.3,1029.6,1017,1005.2,993.38,981.16,969.31,957.51,946.22,934.41,923.64,912.17,901.29,890.77,880.43,870.01,860.23,849.98,840.19,830.48,821.38,812.7,803.61,793.16,786.52,784.84,784.41,784.14,783.91,783.7,783.49,783.29,783.09,782.89,782.7,782.51,782.33,782.15,781.96,781.78,781.6,781.42,781.24,781.06,780.89,780.71,780.53,780.35,780.17,779.99,779.81,779.62,779.44,779.25,779.07,778.88,778.69
1079.8,1067.2,1054.7,1041.6,1029.1,1016.5,1004.5,992.63,980.91,968.9,956.84,945.39,933.78,922.56,911.85,900.51,889.98,879.51,869.42,859.35,849.2,839.37,829.67,820.7,811.97,802.55,792.21,785.36,783.74,783.31,783.05,782.82,782.61,782.41,782.2,782.01,781.82,781.63,781.44,781.26,781.07,780.9,780.72,780.54,780.36,780.18,780.01,779.83,779.65,779.48,779.3,779.12,778.95,778.77,778.59,778.41,778.23,778.04,777.86,777.67
1079.2,1066.4,1054.1,1041,1028.7,1016.6,1004.1,992.42,980.24,967.9,956.11,944.8,933.22,922.17,910.85,900.06,889.21,879.16,868.63,858.63,848.7,838.42,829.14,819.71,811.09,801.65,791.12,784.45,782.72,782.28,782.03,781.8,781.59,781.38,781.18,780.99,780.8,780.61,780.42,780.24,780.06,779.88,779.71,779.53,779.35,779.18,779,778.83,778.66,778.48,778.31,778.13,777.96,777.78,777.61,777.43,777.25,777.07,776.89,776.71
1078.5,1065.7,1053.9,1040.4,1027.9,1015.5,1003.3,991.66,979.65,967.29,955.81,943.76,932.46,920.89,909.88,899.03,888.28,878.03,867.63,857.55,847.66,837.66,827.8,818.85,810.23,800.75,790.12,783.48,781.76,781.3,781.05,780.82,780.61,780.41,780.21,780.02,779.83,779.64,779.46,779.28,779.1,778.92,778.75,778.57,778.4,778.23,778.05,777.88,777.71,777.54,777.37,777.2,777.02,776.85,776.68,776.5,776.33,776.15,775.97,775.8
1078,1065.4,1053,1040.4,1027,1014.9,1002.7,990.69,978.66,966.63,954.84,943.16,931.95,920.59,908.99,898.43,887.76,877.62,866.88,856.72,847.01,837.07,827.08,818.22,809.3,800.02,789.41,782.54,780.8,780.37,780.12,779.9,779.69,779.49,779.29,779.1,778.91,778.73,778.54,778.36,778.19,778.01,777.83,777.66,777.49,777.32,777.15,776.98,776.81,776.64,776.47,776.3,776.13,775.96,775.79,775.62,775.45,775.28,775.1,774.93
1076.9,1065.3,1051.9,1039.7,1026.8,1013.7,1001.6,990.22,977.96,966.09,954.31,942.57,931.5,919.85,908.43,897.74,887.42,876.8,866.15,856.29,846.05,836.12,826.48,817.35,808.37,799.13,788.86,781.77,779.93,779.5,779.24,779.02,778.81,778.61,778.41,778.22,778.04,777.85,777.67,777.49,777.32,777.14,776.97,776.8,776.63,776.46,776.29,776.12,775.95,775.79,775.62,775.45,775.29,775.12,774.95,774.78,774.61,774.44,774.27,774.1
1077.5,1064.4,1051.9,1038.6,1025.9,1014.2,1001.2,989.61,977.52,965.54,953.74,942.41,930.42,919.31,908.19,897.14,886.73,876,865.75,855.49,845.31,835.53,825.78,816.66,807.72,798.52,788.05,780.88,779.08,778.66,778.4,778.18,777.98,777.77,777.58,777.39,777.2,777.02,776.84,776.66,776.49,776.32,776.14,775.97,775.81,775.64,775.47,775.31,775.14,774.97,774.81,774.64,774.48,774.31,774.15,773.98,773.81,773.65,773.48,773.31
1076.5,1063.3,1050.9,1039,1025.5,1013.7,1000.9,989.04,976.91,964.77,953.24,941.59,929.93,918.6,907.75,896.41,886.07,875.53,865.17,855.21,844.55,835.15,825.17,815.91,807.05,798.01,787.29,780.11,778.3,777.86,777.6,777.38,777.18,776.98,776.79,776.59,776.41,776.23,776.05,775.87,775.7,775.53,775.36,775.19,775.02,774.86,774.69,774.53,774.36,774.2,774.04,773.87,773.71,773.55,773.38,773.22,773.05,772.89,772.72,772.56
1076.2,1063.3,1050.7,1038.2,1025.7,1012.4,1000,988.34,976.63,964.48,952.95,940.79,929.65,917.88,906.99,895.91,885.51,875.02,864.54,854.37,844.06,834.4,824.4,815.3,806.45,797.02,786.68,779.39,777.55,777.09,776.84,776.63,776.42,776.22,776.02,775.84,775.65,775.47,775.29,775.12,774.95,774.78,774.61,774.44,774.28,774.11,773.95,773.78,773.62,773.46,773.3,773.14,772.98,772.81,772.65,772.49,772.33,772.17,772,771.84
1075.8,1062.5,1050.3,1037,1024.7,1012.2,1000.1,987.39,976.31,964.17,952.11,940.37,929.21,917.67,906.2,895.28,884.85,874.36,864,853.78,843.39,833.74,824.14,814.67,805.69,796.5,785.74,778.66,776.82,776.37,776.11,775.9,775.69,775.49,775.3,775.11,774.93,774.75,774.57,774.4,774.23,774.06,773.89,773.73,773.56,773.4,773.24,773.07,772.91,772.75,772.59,772.43,772.27,772.11,771.96,771.8,771.64,771.48,771.31,771.15
1075.1,1062.1,1049.7,1036.7,1023.9,1011.8,998.98,987.19,975.4,963.37,951.79,940.17,928.45,917.35,905.61,894.88,884.22,873.53,863.57,853.14,843.4,833.32,823.41,814.06,805.17,796.16,785.3,778.05,776.12,775.66,775.42,775.2,775,774.8,774.61,774.42,774.24,774.06,773.88,773.71,773.54,773.37,773.21,773.04,772.88,772.72,772.56,772.4,772.24,772.08,771.92,771.76,771.6,771.44,771.29,771.13,770.97,770.81,770.65,770.5
1074.8,1061.6,1049.4,1036.5,1023.7,1011,998.8,986.73,974.97,963.33,950.96,939.72,927.66,916.65,905.72,894.54,883.66,873.25,862.85,852.7,842.66,832.42,822.51,813.49,804.6,795.31,784.89,777.35,775.45,775,774.75,774.53,774.33,774.13,773.94,773.76,773.58,773.4,773.22,773.05,772.88,772.72,772.55,772.39,772.22,772.06,771.9,771.75,771.59,771.43,771.27,771.12,770.96,770.81,770.65,770.49,770.34,770.18,770.02,769.87
1074.5,1061.2,1048.9,1035.7,1023.2,1010.7,998.62,986.46,974.58,962.9,951.17,938.98,927.54,916.37,905.02,894.04,883.25,872.97,862.38,852.25,841.87,831.89,822.53,812.9,804.18,794.87,784.44,776.74,774.81,774.35,774.11,773.89,773.69,773.5,773.31,773.12,772.94,772.77,772.59,772.42,772.25,772.09,771.92,771.76,771.6,771.44,771.28,771.12,770.97,770.81,770.66,770.5,770.35,770.19,770.04,769.88,769.73,769.57,769.42,769.26
1073.8,1061,1048.3,1035.7,1023.2,1010.1,998.7,985.82,974.63,962.15,950.38,938.42,927.37,915.67,904.57,893.64,882.65,872.33,862.13,851.75,841.4,831.32,821.73,812.56,803.52,794.35,783.51,776.16,774.2,773.74,773.5,773.28,773.08,772.89,772.7,772.51,772.33,772.16,771.99,771.82,771.65,771.48,771.32,771.16,771,770.84,770.68,770.53,770.37,770.22,770.06,769.91,769.76,769.6,769.45,769.3,769.14,768.99,768.84,768.69
1073.9,1060.3,1048,1035.3,1022.5,1009.9,997.47,985.25,973.88,961.83,949.78,938.3,926.85,915.4,904.13,893.39,882.37,872.05,861.66,851.39,841.25,831.04,820.98,812.1,803.04,794.02,783.49,775.69,773.6,773.16,772.91,772.7,772.49,772.3,772.11,771.93,771.75,771.58,771.41,771.23,771.07,770.9,770.74,770.58,770.42,770.26,770.11,769.95,769.8,769.65,769.49,769.34,769.19,769.04,768.89,768.74,768.58,768.43,768.28,768.13
1073.1,1059.8,1047.2,1034.8,1021.8,1009.9,997.2,985.04,973.45,961.5,949.89,937.83,926.43,914.81,904.11,892.65,881.97,871.47,861.27,851.04,840.68,830.77,821.05,811.6,802.76,793.49,783.15,775.19,773.05,772.58,772.34,772.13,771.93,771.74,771.55,771.37,771.19,771.02,770.85,770.68,770.51,770.35,770.19,770.03,769.87,769.71,769.56,769.4,769.25,769.1,768.95,768.8,768.64,768.5,768.34,768.2,768.05,767.9,767.75,767.6
1073.6,1060,1047.2,1034.1,1021.7,1009.2,997.29,984.75,973.14,961.5,949.24,937.44,926.23,914.53,903.7,892.55,881.48,871.36,860.86,850.41,840.32,830.4,820.22,811.14,802.01,793.22,782.51,774.51,772.5,772.04,771.79,771.58,771.39,771.19,771.01,770.83,770.65,770.48,770.31,770.14,769.98,769.81,769.65,769.49,769.34,769.18,769.03,768.87,768.72,768.57,768.42,768.27,768.12,767.97,767.82,767.68,767.53,767.38,767.23,767.08
1072.7,1059.4,1046.6,1034.3,1021.1,1009.5,996.57,984.6,972.79,961.24,948.75,937.2,925.61,914.03,902.87,892.1,881.23,870.6,860.1,850.39,839.75,829.81,820.03,810.74,801.93,792.59,782.01,774.13,772,771.51,771.27,771.06,770.87,770.67,770.49,770.31,770.13,769.96,769.79,769.62,769.46,769.3,769.14,768.98,768.82,768.67,768.52,768.36,768.21,768.06,767.91,767.77,767.62,767.47,767.32,767.18,767.03,766.88,766.74,766.59
1072.5,1059.3,1046.2,1034,1021.4,1008.5,996.18,983.82,972.33,960.73,948.49,936.67,925.38,914.02,902.83,891.42,880.84,870.22,859.89,849.56,839.63,829.38,819.53,810.25,801.38,791.99,781.47,773.73,771.48,771.01,770.77,770.56,770.36,770.17,769.99,769.81,769.63,769.46,769.29,769.13,768.96,768.8,768.64,768.49,768.33,768.18,768.03,767.88,767.72,767.58,767.43,767.28,767.13,766.99,766.84,766.7,766.55,766.41,766.26,766.11
1071.8,1058.7,1046.4,1034,1020.8,1008.6,995.73,983.97,972.37,960.01,948.26,936.98,924.87,913.78,902.61,891.17,880.65,869.72,859.55,849.58,839.37,829.04,819.18,810.22,801.05,791.91,781.47,773.2,770.99,770.52,770.28,770.07,769.87,769.69,769.5,769.33,769.15,768.98,768.81,768.65,768.49,768.33,768.17,768.01,767.86,767.7,767.55,767.4,767.25,767.11,766.96,766.81,766.67,766.52,766.38,766.23,766.09,765.94,765.8,765.66
1072.1,1059,1045.9,1033.3,1020.3,1007.9,995.86,983.73,972.34,959.81,948.19,936.36,924.78,913.11,902.18,891.27,880.23,869.53,859.22,849.17,838.85,829,818.63,809.52,800.69,791.55,780.99,772.71,770.54,770.06,769.82,769.61,769.41,769.22,769.04,768.86,768.69,768.52,768.35,768.18,768.02,767.86,767.71,767.55,767.4,767.25,767.1,766.95,766.8,766.65,766.5,766.36,766.22,766.07,765.93,765.78,765.64,765.5,765.36,765.21
1071.8,1058.2,1045.3,1032.6,1020.4,1007.9,995.57,983.56,971.98,959.34,947.46,935.73,924.25,913.07,901.53,890.72,879.87,869.71,858.9,848.43,838.45,828.37,818.51,809.14,800.23,791.26,780.5,772.35,770.08,769.6,769.36,769.16,768.96,768.77,768.59,768.41,768.24,768.07,767.9,767.74,767.58,767.42,767.26,767.11,766.96,766.81,766.66,766.51,766.36,766.21,766.07,765.92,765.78,765.64,765.5,765.35,765.21,765.07,764.93,764.79
1071.2,1058.2,1045.1,1032.9,1020.4,1007.5,994.77,983.05,971.25,959.26,947.68,935.77,923.87,912.6,901.62,890.26,879.69,868.98,858.9,848.42,838.1,828.32,818.24,809.14,800.09,790.8,779.9,772.01,769.66,769.17,768.92,768.71,768.52,768.34,768.15,767.98,767.81,767.64,767.47,767.31,767.15,766.99,766.84,766.68,766.53,766.38,766.23,766.08,765.94,765.79,765.65,765.5,765.36,765.22,765.08,764.94,764.8,764.65,764.52,764.37
1071.9,1057.7,1045.4,1032.9,1020,1007.5,995.16,982.84,970.94,958.94,947.11,935.05,923.97,912.31,901.36,890.17,879.35,868.65,858.29,848.12,837.97,827.75,817.91,808.45,799.62,790.36,779.57,771.57,769.23,768.74,768.5,768.29,768.1,767.92,767.73,767.56,767.39,767.22,767.05,766.89,766.73,766.58,766.42,766.27,766.12,765.97,765.82,765.67,765.53,765.38,765.24,765.1,764.95,764.81,764.67,764.53,764.39,764.25,764.12,763.98
1070.6,1057.8,1045,1032.2,1019.1,1006.8,994.6,982.39,970.77,958.61,947.22,935.34,923.39,912.26,900.87,889.96,879.08,868.33,857.86,847.85,837.7,827.56,817.56,808.18,799.21,789.97,779.33,771.35,768.83,768.33,768.09,767.89,767.69,767.51,767.33,767.15,766.98,766.81,766.65,766.49,766.33,766.17,766.02,765.87,765.72,765.57,765.42,765.28,765.13,764.99,764.85,764.7,764.56,764.42,764.28,764.14,764.01,763.87,763.73,763.59
1070.5,1057.6,1044.7,1031.6,1019.5,1006.6,994.35,981.98,970.42,958.74,946.6,935.15,923.53,912.08,900.68,889.51,878.75,867.99,857.78,847.55,837.23,827.33,817.57,807.72,799.29,789.72,779.28,770.98,768.44,767.94,767.69,767.49,767.3,767.12,766.93,766.76,766.59,766.42,766.26,766.1,765.94,765.79,765.63,765.48,765.33,765.18,765.04,764.89,764.75,764.6,764.46,764.32,764.18,764.04,763.9,763.77,763.63,763.49,763.35,763.22
170.98,171.28,171.53,171.74,171.9,172.16,173.2,173.71,174.01,174.25,174.45,174.59,174.67,174.72,174.73,174.72,174.68,174.59,174.46,174.96,175.35,175.44,175.42,175.35,175.24,175.08,174.89,174.7,174.5,174.32,174.14,173.96,173.78,173.59,173.4,173.21,173.02,172.82,172.62,172.42,172.21,172,171.79,171.58,171.36,171.13,170.91,170.68,170.44,170.21,169.96,169.72,169.47,169.21,168.95,168.69,168.42,168.14,167.75,167.57
156.11,156.42,156.71,156.98,157.22,157.43,157.59,157.72,157.82,157.9,157.96,158,158.02,158,159.08,159.38,159.53,159.61,159.64,159.64,159.6,159.53,159.42,159.28,159.13,158.97,158.82,158.67,158.53,158.39,158.24,158.09,157.94,157.79,157.63,157.47,157.31,157.15,156.98,156.81,156.64,156.46,156.28,156.1,155.91,155.72,155.53,155.33,155.13,154.92,154.71,154.5,154.28,154.06,153.83,153.6,153.36,153.12,152.87,152.62
145.13,145.11,145.44,145.73,146,146.23,146.43,146.6,146.72,146.82,146.89,146.83,146.97,146.98,146.97,146.92,146.83,147.52,147.92,148.07,148.12,148.13,148.1,148.04,147.94,147.81,147.66,147.5,147.34,147.19,147.05,146.9,146.75,146.6,146.45,146.3,146.14,145.98,145.82,145.65,145.48,145.31,145.13,144.95,144.77,144.58,144.39,144.2,144,143.8,143.59,143.38,143.17,142.95,142.73,142.5,142.27,142.04,141.8,141.56
136.51,136.09,136.34,136.56,136.76,136.92,137.05,137.15,137.22,137.28,137.32,137.35,137.36,137.34,137.29,137.2,137.43,138.19,138.38,138.46,138.48,138.47,138.43,138.36,138.25,138.13,137.98,137.82,137.65,137.5,137.35,137.21,137.06,136.92,136.77,136.62,136.46,136.31,136.15,135.99,135.83,135.66,135.5,135.33,135.16,134.98,134.81,134.63,134.45,134.26,134.08,133.89,133.7,133.51,133.31,133.11,132.91,132.71,132.5,132.29
129.01,128.89,128.55,128.75,128.91,129.04,129.14,129.22,129.28,129.33,129.37,129.39,129.39,129.37,129.32,129.24,129.13,129,129.65,129.99,130.11,130.03,130.15,130.12,130.07,129.98,129.88,129.75,129.61,129.46,129.31,129.16,129.02,128.88,128.75,128.61,128.48,128.34,128.2,128.06,127.91,127.77,127.62,127.47,127.32,127.17,127.01,126.86,126.7,126.54,126.37,126.21,126.04,125.86,125.69,125.4,125.33,125.15,124.96,124.77
122.05,121.8,121.35,122.04,122.36,122.58,122.74,122.86,122.95,123.02,123.08,123.12,123.15,123.16,123.15,123.12,123.07,122.99,122.9,122.79,122.67,122.55,122.44,122.33,122.22,122.12,122.02,121.91,121.81,121.71,121.61,121.51,121.4,121.3,121.19,121.08,120.97,120.87,120.76,120.64,120.53,120.42,120.31,120.19,120.07,119.96,119.84,119.72,119.6,119.48,119.35,119.23,119.1,118.98,118.85,118.72,118.59,118.45,118.32,118.18
117.63,117.42,116.8,116.4,116.39,116.37,116.32,116.25,117.37,117.63,117.8,117.91,117.99,118.05,118.08,118.11,118.11,118.1,118.07,118.03,117.97,117.89,117.79,117.69,117.58,117.48,117.37,117.27,117.17,117.08,116.98,116.89,116.8,116.71,116.61,116.52,116.42,116.33,116.23,116.13,116.03,115.93,115.83,115.73,115.62,115.52,115.41,115.3,115.2,115.09,114.97,114.86,114.75,114.63,114.52,114.4,114.28,114.16,114.03,113.91
114.02,113.87,113.58,112.73,112.77,112.79,112.79,112.77,112.73,112.68,112.61,112.54,112.46,112.37,113,113.36,113.53,113.48,113.68,113.71,113.72,113.71,113.68,113.64,113.58,113.51,113.43,113.34,113.24,113.13,113.02,112.91,112.79,112.7,112.59,112.5,112.4,112.3,112.2,112.1,111.89,111.9,111.79,111.68,111.57,111.46,111.34,111.23,111.1,110.98,110.84,110.71,110.56,110.4,110.23,110.04,109.79,109.14,109.05,108.97
110.96,110.83,110.51,109.57,109.63,109.68,109.72,109.75,109.76,109.75,109.73,109.69,109.64,109.58,109.51,109.44,109.36,109.29,109.21,109.14,109.07,109.01,108.95,108.89,108.83,108.77,108.71,108.65,108.59,108.53,108.47,108.41,108.34,108.28,108.22,108.16,108.09,108.03,107.96,107.9,107.83,107.76,107.7,107.63,107.56,107.49,107.42,107.35,107.28,107.21,107.13,107.06,106.99,106.91,106.83,106.76,106.68,106.6,106.52,106.44
108.16,108.09,107.92,107.57,106.82,106.9,106.96,107.01,107.05,107.08,107.1,107.11,107.1,107.08,107.05,107.01,106.95,106.89,106.82,106.75,106.68,106.61,106.54,106.47,106.41,106.35,106.29,106.23,106.18,106.12,106.07,106.01,105.95,105.89,105.84,105.78,105.72,105.66,105.6,105.54,105.48,105.41,105.35,105.29,105.22,105.16,105.09,105.03,104.96,104.89,104.82,104.76,104.69,104.62,104.54,104.47,104.4,104.32,104.25,104.17
105.17,105.29,105.26,105.06,104.15,104.27,104.37,104.45,104.52,104.59,104.64,104.67,104.7,104.72,104.72,104.72,104.7,104.67,104.64,104.59,104.54,104.47,104.41,104.34,104.27,104.2,104.13,104.07,104,103.94,103.89,103.83,103.77,103.72,103.66,103.61,103.55,103.49,103.44,103.38,103.32,103.26,103.2,103.14,103.07,103.01,102.95,102.88,102.82,102.75,102.69,102.62,102.55,102.37,102.41,102.34,102.27,102.19,102.12,102.04
102.48,102.17,102.01,101.65,100.51,101.14,101.56,101.79,101.96,102.09,102.19,102.27,102.34,102.4,102.44,102.47,102.4,102.5,102.49,102.48,102.46,102.43,102.39,102.34,102.28,102.22,102.16,102.09,102.02,101.94,101.87,101.8,101.73,101.67,101.61,101.55,101.49,101.43,101.37,101.31,101.25,101.18,101.12,101.06,100.99,100.93,100.86,100.79,100.72,100.65,100.58,100.51,100.43,100.25,100.28,100.09,100.12,100.03,99.836,99.856
101.06,100.84,100.6,100.24,99.069,99.037,99.006,98.976,98.947,98.919,98.891,98.865,98.838,99.593,99.836,99.98,100.08,100.15,100.21,100.24,100.26,100.27,100.26,100.25,100.14,100.19,100.14,100.09,100.03,99.958,99.883,99.758,99.716,99.625,99.531,99.433,99.307,99.23,99.106,99.017,98.904,98.782,98.647,98.485,98.239,97.806,97.768,97.729,97.691,97.651,97.611,97.571,97.53,97.489,97.447,97.404,97.361,97.318,97.273,97.228
99.785,99.571,99.311,98.982,97.758,97.728,97.698,97.669,97.642,97.615,97.588,97.563,97.538,97.514,97.489,97.465,97.44,97.416,97.391,97.366,97.34,97.314,97.288,97.261,97.235,97.207,97.18,97.152,97.124,97.095,97.066,97.037,97.007,96.977,96.946,96.916,96.885,96.853,96.821,96.789,96.756,96.722,96.689,96.655,96.62,96.585,96.55,96.514,96.478,96.441,96.403,96.366,96.327,96.289,96.249,96.209,96.169,96.128,96.086,96.044
98.614,98.418,98.151,97.817,97.082,96.533,96.505,96.477,96.45,96.424,96.399,96.374,96.35,96.327,96.304,96.281,96.258,96.236,96.213,96.189,96.166,96.142,96.118,96.093,96.068,96.043,96.018,95.992,95.966,95.939,95.912,95.885,95.857,95.829,95.801,95.772,95.743,95.714,95.684,95.653,95.623,95.592,95.56,95.528,95.496,95.463,95.43,95.396,95.362,95.327,95.292,95.256,95.22,95.184,95.146,95.109,95.071,95.032,94.992,94.953
97.454,97.357,96.999,96.663,96.16,95.438,95.411,95.384,95.358,95.333,95.308,95.284,95.261,95.239,95.216,95.194,95.173,95.151,95.13,95.108,95.086,95.064,95.042,95.019,94.996,94.972,94.949,94.925,94.9,94.875,94.85,94.825,94.799,94.772,94.746,94.719,94.691,94.664,94.636,94.607,94.578,94.549,94.519,94.489,94.458,94.427,94.396,94.364,94.332,94.299,94.266,94.232,94.198,94.163,94.128,94.092,94.056,94.019,93.982,93.944
96.612,96.396,96.151,95.825,95.31,94.431,94.405,94.379,94.354,94.33,94.306,94.282,94.26,94.237,94.216,94.195,94.174,94.153,94.133,94.112,94.091,94.071,94.05,94.028,94.007,93.985,93.962,93.94,93.917,93.893,93.87,93.846,93.821,93.796,93.771,93.746,93.72,93.694,93.667,93.64,93.613,93.585,93.557,93.528,93.499,93.47,93.44,93.41,93.379,93.348,93.316,93.285,93.252,93.219,93.185,93.151,93.117,93.082,93.046,93.01
95.715,95.514,95.273,94.944,94.506,93.502,93.478,93.453,93.429,93.405,93.382,93.359,93.337,93.315,93.293,93.273,93.252,93.232,93.212,93.192,93.173,93.153,93.133,93.113,93.092,93.072,93.05,93.029,93.007,92.985,92.963,92.94,92.917,92.893,92.87,92.845,92.821,92.796,92.771,92.745,92.719,92.693,92.666,92.639,92.611,92.583,92.555,92.526,92.497,92.467,92.437,92.406,92.375,92.344,92.312,92.279,92.246,92.213,92.179,92.145
95.281,94.705,94.465,94.049,93.728,92.644,92.621,92.598,92.574,92.551,92.528,92.506,92.484,92.462,92.441,92.421,92.401,92.381,92.361,92.342,92.323,92.304,92.285,92.265,92.246,92.226,92.206,92.186,92.165,92.144,92.123,92.101,92.079,92.057,92.034,92.011,91.987,91.964,91.939,91.915,91.89,91.865,91.839,91.813,91.787,91.76,91.733,91.705,91.677,91.649,91.62,91.591,91.561,91.531,91.501,91.47,91.438,91.406,91.374,91.341
94.814,93.956,93.721,93.314,93.004,91.851,91.828,91.806,91.783,91.761,91.739,91.717,91.695,91.674,91.653,91.633,91.613,91.593,91.574,91.555,91.536,91.517,91.499,91.48,91.461,91.442,91.423,91.404,91.384,91.364,91.343,91.322,91.301,91.28,91.258,91.236,91.214,91.191,91.168,91.144,91.12,91.096,91.072,91.047,91.021,90.996,90.97,90.943,90.916,90.889,90.861,90.833,90.805,90.776,90.747,90.717,90.686,90.656,90.625,90.593
94.268,93.149,93.017,92.723,92.335,91.115,91.094,91.072,91.05,91.028,91.007,90.985,90.964,90.943,90.922,90.902,90.882,90.863,90.843,90.825,90.806,90.788,90.769,90.751,90.733,90.714,90.696,90.677,90.658,90.639,90.619,90.599,90.579,90.558,90.537,90.516,90.494,90.473,90.45,90.428,90.405,90.381,90.358,90.334,90.309,90.285,90.26,90.234,90.208,90.182,90.155,90.128,90.101,90.073,90.045,90.016,89.987,89.958,89.927,89.897
93.557,92.624,92.398,92.001,91.73,90.763,90.412,90.391,90.37,90.348,90.327,90.306,90.285,90.264,90.244,90.224,90.204,90.184,90.165,90.147,90.128,90.11,90.092,90.074,90.056,90.038,90.019,90.001,89.983,89.964,89.945,89.926,89.906,89.886,89.866,89.846,89.825,89.804,89.782,89.76,89.738,89.716,89.693,89.67,89.646,89.623,89.598,89.574,89.549,89.523,89.498,89.472,89.445,89.418,89.391,89.363,89.335,89.307,89.278,89.249
93.164,92.041,91.802,91.53,91.157,90.365,89.778,89.757,89.737,89.716,89.695,89.674,89.654,89.633,89.613,89.593,89.573,89.554,89.535,89.516,89.497,89.479,89.461,89.443,89.425,89.408,89.39,89.372,89.354,89.336,89.317,89.299,89.28,89.261,89.241,89.221,89.201,89.18,89.16,89.139,89.117,89.095,89.073,89.051,89.028,89.005,88.982,88.958,88.934,88.909,88.884,88.859,88.834,88.808,88.781,88.755,88.727,88.7,88.672,88.643
92.61,91.492,91.146,91.003,90.64,89.944,89.187,89.167,89.147,89.127,89.106,89.086,89.066,89.045,89.025,89.005,88.986,88.966,88.947,88.928,88.91,88.892,88.873,88.856,88.838,88.82,88.803,88.785,88.767,88.75,88.732,88.713,88.695,88.676,88.657,88.638,88.619,88.599,88.578,88.558,88.537,88.516,88.495,88.473,88.451,88.428,88.406,88.383,88.359,88.335,88.311,88.287,88.262,88.237,88.212,88.186,88.159,88.133,88.106,88.078
92.176,90.98,90.752,90.479,90.15,89.605,88.635,88.616,88.597,88.577,88.557,88.537,88.517,88.497,88.477,88.457,88.438,88.418,88.399,88.38,88.362,88.343,88.325,88.307,88.29,88.272,88.255,88.237,88.22,88.202,88.184,88.167,88.149,88.13,88.112,88.093,88.074,88.055,88.035,88.015,87.995,87.974,87.954,87.933,87.911,87.889,87.867,87.845,87.822,87.799,87.776,87.752,87.728,87.704,87.679,87.654,87.628,87.602,87.576,87.549
91.718,90.5,90.274,90.016,89.678,89.041,88.12,88.102,88.083,88.063,88.044,88.024,88.004,87.984,87.965,87.945,87.925,87.906,87.887,87.868,87.849,87.831,87.813,87.795,87.777,87.76,87.742,87.725,87.707,87.69,87.673,87.655,87.637,87.62,87.601,87.583,87.565,87.546,87.527,87.507,87.488,87.468,87.447,87.427,87.406,87.385,87.363,87.341,87.319,87.297,87.274,87.251,87.228,87.204,87.18,87.156,87.131,87.106,87.08,87.055
91.219,90.055,89.829,89.572,89.253,88.782,87.638,87.62,87.601,87.582,87.563,87.544,87.524,87.504,87.485,87.465,87.446,87.427,87.408,87.389,87.37,87.352,87.333,87.315,87.298,87.28,87.262,87.245,87.228,87.21,87.193,87.176,87.158,87.141,87.123,87.105,87.087,87.069,87.05,87.031,87.012,86.992,86.972,86.952,86.932,86.911,86.89,86.869,86.848,86.826,86.804,86.781,86.759,86.736,86.712,86.688,86.664,86.64,86.615,86.59
90.916,89.638,89.423,89.159,88.845,88.392,87.185,87.168,87.15,87.131,87.112,87.093,87.074,87.055,87.035,87.016,86.997,86.977,86.958,86.939,86.921,86.902,86.884,86.866,86.848,86.83,86.813,86.795,86.778,86.761,86.743,86.726,86.709,86.692,86.674,86.656,86.639,86.621,86.602,86.584,86.565,86.546,86.527,86.507,86.487,86.467,86.447,86.426,86.405,86.384,86.362,86.34,86.318,86.296,86.273,86.25,86.226,86.203,86.179,86.154
90.485,89.248,89.037,88.773,88.454,88.039,86.761,86.743,86.725,86.707,86.689,86.67,86.651,86.632,86.613,86.594,86.575,86.555,86.536,86.517,86.499,86.48,86.462,86.444,86.426,86.408,86.39,86.373,86.355,86.338,86.321,86.304,86.287,86.269,86.252,86.235,86.217,86.199,86.182,86.163,86.145,86.126,86.108,86.088,86.069,86.049,86.029,86.009,85.989,85.968,85.947,85.925,85.904,85.882,85.86,85.837,85.815,85.791,85.768,85.744
90.252,89.278,88.673,88.415,88.115,87.678,86.361,86.344,86.327,86.309,86.291,86.272,86.254,86.235,86.216,86.197,86.178,86.159,86.14,86.121,86.102,86.083,86.065,86.047,86.029,86.011,85.993,85.976,85.958,85.941,85.924,85.906,85.889,85.872,85.855,85.838,85.821,85.803,85.785,85.768,85.75,85.731,85.713,85.694,85.675,85.656,85.636,85.617,85.597,85.576,85.556,85.535,85.514,85.492,85.471,85.449,85.427,85.404,85.381,85.358
89.959,89.186,88.341,88.086,87.78,87.38,86.466,85.968,85.951,85.933,85.915,85.897,85.879,85.86,85.841,85.823,85.804,85.785,85.766,85.747,85.728,85.71,85.691,85.673,85.655,85.637,85.619,85.602,85.584,85.567,85.549,85.532,85.515,85.498,85.481,85.464,85.447,85.429,85.412,85.394,85.377,85.359,85.341,85.322,85.304,85.285,85.266,85.247,85.227,85.207,85.187,85.167,85.146,85.125,85.104,85.082,85.061,85.039,85.016,84.994
89.668,88.913,87.9,87.758,87.45,87.075,86.377,85.613,85.596,85.579,85.561,85.543,85.525,85.507,85.488,85.47,85.451,85.432,85.413,85.395,85.376,85.357,85.339,85.321,85.302,85.284,85.266,85.249,85.231,85.214,85.196,85.179,85.162,85.145,85.128,85.111,85.094,85.077,85.06,85.042,85.025,85.007,84.989,84.971,84.953,84.935,84.916,84.897,84.878,84.858,84.839,84.819,84.798,84.778,84.757,84.736,84.715,84.694,84.672,84.65
89.422,88.763,87.712,87.465,87.187,86.784,86.139,85.278,85.261,85.244,85.227,85.209,85.191,85.173,85.155,85.136,85.118,85.099,85.08,85.062,85.043,85.024,85.006,84.988,84.969,84.951,84.933,84.916,84.898,84.881,84.863,84.846,84.829,84.812,84.795,84.778,84.761,84.744,84.726,84.709,84.692,84.675,84.657,84.639,84.621,84.603,84.585,84.566,84.548,84.529,84.509,84.49,84.47,84.45,84.43,84.409,84.389,84.368,84.346,84.325
89.038,88.381,87.436,87.183,86.911,86.523,85.933,84.961,84.944,84.927,84.91,84.892,84.875,84.857,84.839,84.821,84.802,84.784,84.765,84.747,84.728,84.709,84.691,84.673,84.654,84.636,84.618,84.601,84.583,84.565,84.548,84.531,84.513,84.496,84.479,84.462,84.445,84.428,84.411,84.394,84.377,84.36,84.343,84.325,84.307,84.29,84.272,84.253,84.235,84.216,84.197,84.178,84.159,84.139,84.12,84.1,84.079,84.059,84.038,84.017
88.907,88.269,87.063,86.917,86.624,86.141,85.603,84.661,84.644,84.627,84.61,84.593,84.575,84.557,84.539,84.521,84.503,84.485,84.467,84.448,84.43,84.411,84.393,84.374,84.356,84.338,84.32,84.302,84.284,84.267,84.249,84.232,84.215,84.198,84.18,84.163,84.146,84.13,84.113,84.096,84.079,84.062,84.044,84.027,84.01,83.992,83.975,83.957,83.938,83.92,83.902,83.883,83.864,83.845,83.825,83.806,83.786,83.766,83.746,83.725
88.558,87.941,86.921,86.668,86.381,86.018,85.506,84.377,84.36,84.343,84.325,84.308,84.291,84.273,84.255,84.238,84.22,84.201,84.183,84.165,84.146,84.128,84.11,84.091,84.073,84.055,84.037,84.019,84.001,83.984,83.966,83.949,83.931,83.914,83.897,83.88,83.863,83.846,83.829,83.812,83.796,83.779,83.762,83.745,83.727,83.71,83.693,83.675,83.657,83.639,83.621,83.603,83.584,83.565,83.546,83.527,83.508,83.488,83.468,83.448
88.454,87.732,86.683,86.43,86.155,85.816,85.312,84.107,84.09,84.072,84.055,84.038,84.021,84.003,83.986,83.968,83.95,83.932,83.914,83.896,83.878,83.859,83.841,83.823,83.805,83.786,83.768,83.75,83.733,83.715,83.697,83.68,83.663,83.645,83.628,83.611,83.594,83.577,83.56,83.543,83.527,83.51,83.493,83.476,83.459,83.442,83.425,83.407,83.39,83.372,83.354,83.336,83.318,83.299,83.281,83.262,83.243,83.223,83.204,83.184
88.246,87.538,86.466,86.208,85.926,85.583,85.104,83.85,83.833,83.816,83.799,83.781,83.764,83.746,83.729,83.711,83.694,83.676,83.658,83.64,83.622,83.604,83.585,83.567,83.549,83.531,83.513,83.495,83.477,83.459,83.442,83.424,83.407,83.39,83.372,83.355,83.338,83.321,83.305,83.288,83.271,83.254,83.237,83.22,83.204,83.187,83.17,83.152,83.135,83.118,83.1,83.082,83.064,83.046,83.028,83.009,82.991,82.972,82.953,82.933
87.948,87.376,86.247,86.007,85.596,85.263,84.915,83.606,83.589,83.571,83.554,83.537,83.519,83.502,83.484,83.467,83.449,83.432,83.414,83.396,83.378,83.36,83.342,83.324,83.306,83.288,83.27,83.252,83.234,83.216,83.199,83.181,83.164,83.146,83.129,83.112,83.095,83.078,83.061,83.044,83.027,83.011,82.994,82.977,82.96,82.944,82.927,82.91,82.893,82.876,82.858,82.841,82.823,82.805,82.787,82.769,82.751,82.732,82.713,82.694
87.851,87.235,86.035,85.802,85.517,85.047,84.705,83.374,83.356,83.339,83.321,83.304,83.286,83.269,83.251,83.234,83.217,83.199,83.181,83.164,83.146,83.128,83.11,83.092,83.074,83.056,83.038,83.02,83.002,82.984,82.967,82.949,82.932,82.914,82.897,82.88,82.863,82.846,82.829,82.812,82.795,82.779,82.762,82.745,82.729,82.712,82.695,82.678,82.661,82.644,82.627,82.61,82.593,82.575,82.558,82.54,82.522,82.503,82.485,82.466
87.621,87.154,85.852,85.599,85.316,85.005,84.535,83.152,83.134,83.117,83.099,83.082,83.064,83.047,83.029,83.012,82.994,82.977,82.959,82.942,82.924,82.906,82.888,82.87,82.852,82.835,82.817,82.799,82.781,82.763,82.746,82.728,82.711,82.693,82.676,82.659,82.642,82.625,82.608,82.591,82.574,82.557,82.541,82.524,82.508,82.491,82.474,82.458,82.441,82.424,82.407,82.39,82.373,82.356,82.338,82.321,82.303,82.285,82.267,82.248
87.543,86.957,85.66,85.436,85.137,84.829,84.378,83.325,82.923,82.905,82.887,82.869,82.852,82.834,82.817,82.799,82.782,82.765,82.747,82.73,82.712,82.694,82.677,82.659,82.641,82.623,82.605,82.588,82.57,82.552,82.534,82.517,82.499,82.482,82.465,82.447,82.43,82.413,82.396,82.38,82.363,82.346,82.329,82.313,82.296,82.28,82.263,82.246,82.23,82.213,82.196,82.18,82.163,82.146,82.128,82.111,82.094,82.076,82.058,82.04
87.396,86.836,85.492,85.255,84.983,84.632,84.087,83.382,82.721,82.702,82.685,82.666,82.649,82.631,82.614,82.596,82.579,82.562,82.544,82.527,82.509,82.492,82.474,82.456,82.439,82.421,82.403,82.385,82.368,82.35,82.332,82.315,82.297,82.28,82.263,82.245,82.228,82.211,82.194,82.178,82.161,82.144,82.127,82.111,82.094,82.078,82.061,82.045,82.028,82.011,81.995,81.978,81.961,81.945,81.928,81.911,81.893,81.876,81.859,81.841
87.248,86.676,85.328,85.073,84.694,84.477,84.072,83.122,82.528,82.509,82.491,82.473,82.455,82.437,82.42,82.402,82.385,82.367,82.35,82.332,82.315,82.298,82.28,82.262,82.245,82.227,82.21,82.192,82.174,82.157,82.139,82.122,82.104,82.087,82.069,82.052,82.035,82.018,82.001,81.984,81.967,81.951,81.934,81.918,81.901,81.884,81.868,81.852,81.835,81.819,81.802,81.786,81.769,81.752,81.736,81.719,81.702,81.685,81.667,81.65
87.093,86.538,85.165,84.916,84.638,84.326,83.78,83.084,82.342,82.323,82.305,82.287,82.269,82.251,82.233,82.216,82.199,82.181,82.164,82.146,82.129,82.112,82.094,82.077,82.059,82.042,82.024,82.007,81.989,81.971,81.954,81.936,81.919,81.902,81.884,81.867,81.85,81.833,81.816,81.799,81.782,81.766,81.749,81.732,81.716,81.699,81.683,81.667,81.65,81.634,81.617,81.601,81.584,81.568,81.551,81.535,81.518,81.501,81.484,81.467
86.963,86.408,85.017,84.661,84.492,84.164,83.761,83.095,82.165,82.147,82.127,82.109,82.091,82.073,82.056,82.038,82.02,82.003,81.985,81.968,81.951,81.933,81.916,81.898,81.881,81.864,81.846,81.829,81.811,81.794,81.776,81.759,81.741,81.724,81.707,81.69,81.672,81.655,81.638,81.622,81.605,81.588,81.571,81.555,81.538,81.522,81.505,81.489,81.473,81.456,81.44,81.424,81.407,81.391,81.375,81.358,81.341,81.325,81.308,81.291
86.839,86.284,85.306,84.618,84.348,84.026,83.524,82.897,81.995,81.977,81.958,81.939,81.92,81.902,81.884,81.867,81.849,81.831,81.814,81.797,81.779,81.762,81.745,81.727,81.71,81.693,81.675,81.658,81.64,81.623,81.606,81.588,81.571,81.554,81.536,81.519,81.502,81.485,81.468,81.451,81.434,81.418,81.401,81.384,81.368,81.352,81.335,81.319,81.303,81.286,81.27,81.254,81.237,81.221,81.205,81.188,81.172,81.156,81.139,81.122
86.704,86.061,85.222,84.489,84.219,83.883,83.525,82.882,81.833,81.813,81.794,81.775,81.757,81.738,81.72,81.702,81.684,81.667,81.649,81.632,81.615,81.597,81.58,81.563,81.545,81.528,81.511,81.494,81.476,81.459,81.442,81.424,81.407,81.39,81.373,81.356,81.338,81.321,81.304,81.288,81.271,81.254,81.237,81.221,81.204,81.188,81.172,81.155,81.139,81.123,81.107,81.09,81.074,81.058,81.042,81.026,81.009,80.993,80.976,80.96
86.494,86.038,85.192,84.354,84.079,83.759,83.362,82.652,81.676,81.656,81.637,81.618,81.599,81.581,81.562,81.545,81.527,81.509,81.491,81.474,81.456,81.439,81.422,81.405,81.387,81.37,81.353,81.336,81.319,81.301,81.284,81.267,81.25,81.232,81.215,81.198,81.181,81.164,81.147,81.13,81.114,81.097,81.08,81.064,81.047,81.031,81.014,80.998,80.982,80.966,80.949,80.933,80.917,80.901,80.885,80.869,80.853,80.836,80.82,80.804
86.472,85.918,85.038,84.224,83.942,83.643,83.134,82.676,81.526,81.506,81.487,81.467,81.448,81.429,81.411,81.392,81.375,81.357,81.339,81.322,81.304,81.287,81.27,81.252,81.235,81.218,81.201,81.184,81.167,81.149,81.132,81.115,81.098,81.081,81.064,81.047,81.03,81.013,80.996,80.979,80.962,80.946,80.929,80.912,80.896,80.879,80.863,80.847,80.831,80.814,80.798,80.782,80.766,80.75,80.734,80.718,80.702,80.686,80.67,80.654
86.401,85.849,85.037,84.095,83.827,83.401,83.037,82.581,81.381,81.362,81.341,81.321,81.303,81.283,81.265,81.247,81.228,81.211,81.193,81.175,81.158,81.14,81.123,81.106,81.089,81.072,81.054,81.037,81.02,81.003,80.986,80.969,80.952,80.935,80.918,80.901,80.884,80.867,80.85,80.833,80.817,80.8,80.783,80.767,80.75,80.734,80.718,80.701,80.685,80.669,80.653,80.637,80.621,80.605,80.589,80.573,80.557,80.541,80.525,80.509
86.273,85.732,84.93,83.991,83.703,83.419,83.02,82.496,81.242,81.223,81.201,81.182,81.162,81.143,81.124,81.106,81.088,81.07,81.052,81.034,81.017,80.999,80.982,80.965,80.948,80.93,80.913,80.896,80.879,80.862,80.845,80.828,80.811,80.794,80.777,80.76,80.743,80.727,80.71,80.693,80.676,80.66,80.643,80.626,80.61,80.594,80.577,80.561,80.545,80.529,80.513,80.497,80.481,80.465,80.449,80.433,80.417,80.401,80.385,80.369
86.179,85.65,84.733,83.879,83.61,83.286,82.909,82.369,81.108,81.088,81.067,81.047,81.028,81.008,80.989,80.97,80.952,80.934,80.916,80.898,80.881,80.863,80.846,80.828,80.811,80.794,80.777,80.76,80.743,80.726,80.709,80.692,80.675,80.659,80.642,80.625,80.608,80.591,80.574,80.558,80.541,80.524,80.508,80.491,80.475,80.458,80.442,80.426,80.41,80.393,80.377,80.361,80.345,80.33,80.314,80.298,80.282,80.266,80.25,80.234
86.064,85.535,84.834,83.778,83.492,83.192,82.799,82.308,80.98,80.958,80.938,80.918,80.897,80.878,80.859,80.84,80.822,80.803,80.785,80.767,80.75,80.732,80.714,80.697,80.68,80.663,80.646,80.629,80.612,80.595,80.578,80.561,80.544,80.527,80.511,80.494,80.477,80.46,80.444,80.427,80.41,80.394,80.377,80.361,80.344,80.328,80.311,80.295,80.279,80.263,80.247,80.231,80.215,80.199,80.183,80.168,80.152,80.136,80.12,80.104
85.885,85.481,84.627,83.664,83.384,83.077,82.716,82.221,80.857,80.834,80.813,80.793,80.772,80.752,80.733,80.714,80.695,80.677,80.658,80.641,80.623,80.605,80.587,80.57,80.553,80.536,80.519,80.502,80.485,80.468,80.451,80.434,80.418,80.401,80.384,80.367,80.351,80.334,80.317,80.301,80.284,80.267,80.251,80.234,80.218,80.202,80.185,80.169,80.153,80.137,80.121,80.105,80.089,80.073,80.058,80.042,80.026,80.01,79.995,79.979
85.91,85.364,84.631,83.555,83.293,82.988,82.62,82.14,80.737,80.713,80.692,80.671,80.651,80.631,80.611,80.592,80.573,80.555,80.536,80.518,80.5,80.483,80.465,80.448,80.43,80.413,80.396,80.379,80.362,80.346,80.329,80.312,80.295,80.278,80.262,80.245,80.228,80.212,80.195,80.179,80.162,80.146,80.129,80.113,80.096,80.08,80.064,80.048,80.031,80.015,79.999,79.983,79.968,79.952,79.936,79.92,79.905,79.889,79.873,79.858
85.808,85.297,84.569,83.472,83.093,82.887,82.505,82.04,80.62,80.598,80.577,80.555,80.534,80.514,80.495,80.475,80.456,80.437,80.419,80.4,80.382,80.365,80.347,80.33,80.312,80.295,80.278,80.261,80.244,80.227,80.21,80.193,80.177,80.16,80.143,80.127,80.11,80.094,80.077,80.061,80.044,80.028,80.011,79.995,79.979,79.962,79.946,79.93,79.914,79.898,79.882,79.866,79.85,79.834,79.818,79.803,79.787,79.771,79.756,79.74
85.659,85.095,84.55,83.384,83.108,82.804,82.442,81.961,80.508,80.486,80.464,80.442,80.422,80.401,80.382,80.362,80.342,80.323,80.305,80.286,80.268,80.25,80.232,80.215,80.198,80.18,80.163,80.146,80.129,80.112,80.096,80.079,80.062,80.046,80.029,80.012,79.996,79.979,79.963,79.946,79.93,79.914,79.897,79.881,79.865,79.848,79.832,79.816,79.8,79.784,79.768,79.752,79.736,79.72,79.705,79.689,79.673,79.658,79.642,79.627
85.642,85.145,84.472,83.285,83.002,82.698,82.343,81.869,80.4,80.377,80.356,80.334,80.312,80.292,80.272,80.252,80.232,80.213,80.194,80.176,80.158,80.14,80.122,80.104,80.087,80.069,80.052,80.035,80.018,80.001,79.985,79.968,79.951,79.935,79.918,79.902,79.885,79.869,79.852,79.836,79.819,79.803,79.787,79.77,79.754,79.738,79.722,79.706,79.69,79.674,79.658,79.642,79.626,79.61,79.595,79.579,79.563,79.548,79.532,79.517
85.573,85.072,84.394,83.189,82.932,82.615,82.259,81.671,81.255,80.274,80.25,80.229,80.208,80.187,80.166,80.146,80.126,80.106,80.088,80.069,80.051,80.033,80.015,79.997,79.98,79.962,79.945,79.928,79.911,79.894,79.877,79.86,79.844,79.827,79.811,79.794,79.778,79.761,79.745,79.729,79.712,79.696,79.68,79.664,79.647,79.631,79.615,79.599,79.583,79.567,79.551,79.535,79.519,79.504,79.488,79.472,79.457,79.441,79.426,79.41
