-10,-9.322,-8.6441,-7.9661,-7.2881,-6.6102,-5.9322,-5.2542,-4.5763,-3.8983,-3.2203,-2.5424,-1.8644,-1.1864,-0.50847,0.16949,0.84746,1.5254,2.2034,2.8814,3.5593,4.2373,4.9153,5.5932,6.2712,6.9492,7.6271,8.3051,8.9831,9.661,10.339,11.017,11.695,12.373,13.051,13.729,14.407,15.085,15.763,16.441,17.119,17.797,18.475,19.153,19.831,20.508,21.186,21.864,22.542,23.22,23.898,24.576,25.254,25.932,26.61,27.288,27.966,28.644,29.322,30
0,0.00042373,0.00084746,0.0012712,0.0016949,0.0021186,0.0025424,0.0029661,0.0033898,0.0038136,0.0042373,0.004661,0.0050847,0.0055085,0.0059322,0.0063559,0.0067797,0.0072034,0.0076271,0.0080508,0.0084746,0.0088983,0.009322,0.0097458,0.010169,0.010593,0.011017,0.011441,0.011864,0.012288,0.012712,0.013136,0.013559,0.013983,0.014407,0.014831,0.015254,0.015678,0.016102,0.016525,0.016949,0.017373,0.017797,0.01822,0.018644,0.019068,0.019492,0.019915,0.020339,0.020763,0.021186,0.02161,0.022034,0.022458,0.022881,0.023305,0.023729,0.024153,0.024576,0.025
505.41,504.99,504.58,504.17,503.76,503.35,502.94,502.53,502.12,501.7,501.29,500.88,500.46,500.05,499.64,499.23,498.81,498.39,497.98,497.57,497.16,496.74,496.32,495.91,495.49,495.08,494.66,494.24,493.83,493.41,492.99,492.58,492.16,491.74,491.32,490.91,490.49,490.07,489.65,489.23,488.81,488.39,487.97,487.55,487.13,486.71,486.29,485.87,485.45,485.03,484.61,484.18,483.76,483.34,482.92,482.49,482.07,481.65,481.22,480.8
505.41,504.99,504.58,504.17,503.76,503.35,502.94,502.53,502.12,501.7,501.29,500.88,500.46,500.05,499.64,499.23,498.81,498.39,497.98,497.57,497.16,496.74,496.32,495.91,495.49,495.08,494.66,494.24,493.83,493.41,492.99,492.58,492.16,491.74,491.32,490.91,490.49,490.07,489.65,489.23,488.81,488.39,487.97,487.55,487.13,486.71,486.29,485.87,485.45,485.03,484.61,484.18,483.76,483.34,482.92,482.49,482.07,481.65,481.22,480.8
505.41,504.99,504.58,504.17,503.76,503.35,502.94,502.53,502.12,501.7,501.29,500.88,500.46,500.05,499.64,499.23,498.81,498.39,497.98,497.57,497.16,496.74,496.32,495.91,495.49,495.08,494.66,494.24,493.83,493.41,492.99,492.58,492.16,491.74,491.32,490.91,490.49,490.07,489.65,489.23,488.81,488.39,487.97,487.55,487.13,486.71,486.29,485.87,485.45,485.03,484.61,484.18,483.76,483.34,482.92,482.49,482.07,481.65,481.22,480.8
505.41,504.99,504.58,504.17,503.76,503.35,502.94,502.53,502.12,501.7,501.29,500.88,500.46,500.05,499.64,499.23,498.81,498.39,497.98,497.57,497.16,496.74,496.32,495.91,495.49,495.08,494.66,494.24,493.83,493.41,492.99,492.58,492.16,491.74,491.32,490.91,490.49,490.07,489.65,489.23,488.81,488.39,487.97,487.55,487.13,486.71,486.29,485.87,485.45,485.03,484.61,484.18,483.76,483.34,482.92,482.49,482.07,481.65,481.22,480.8
505.41,504.99,504.58,504.17,503.76,503.35,502.94,502.53,502.12,501.7,501.29,500.88,500.46,500.05,499.64,499.23,498.81,498.39,497.98,497.57,497.16,496.74,496.32,495.91,495.49,495.08,494.66,494.24,493.83,493.41,492.99,492.58,492.16,491.74,491.32,490.91,490.49,490.07,489.65,489.23,488.81,488.39,487.97,487.55,487.13,486.71,486.29,485.87,485.45,485.03,484.61,484.18,483.76,483.34,482.92,482.49,482.07,481.65,481.22,480.8
505.41,504.99,504.58,504.17,503.76,503.35,502.94,502.53,502.12,501.7,501.29,500.88,500.46,500.05,499.64,499.23,498.81,498.39,497.98,497.57,497.16,496.74,496.32,495.91,495.49,495.08,494.66,494.24,493.83,493.41,492.99,492.58,492.16,491.74,491.32,490.91,490.49,490.07,489.65,489.23,488.81,488.39,487.97,487.55,487.13,486.71,486.29,485.87,485.45,485.03,484.61,484.18,483.76,483.34,482.92,482.49,482.07,481.65,481.22,480.8
505.41,504.99,504.58,504.17,503.76,503.35,502.94,502.53,502.12,501.7,501.29,500.88,500.46,500.05,499.64,499.23,498.81,498.39,497.98,497.57,497.16,496.74,496.32,495.91,495.49,495.08,494.66,494.24,493.83,493.41,492.99,492.58,492.16,491.74,491.32,490.91,490.49,490.07,489.65,489.23,488.81,488.39,487.97,487.55,487.13,486.71,486.29,485.87,485.45,485.03,484.61,484.18,483.76,483.34,482.92,482.49,482.07,481.65,481.22,480.8
505.41,504.99,504.58,504.17,503.76,503.35,502.94,502.53,502.12,501.7,501.29,500.88,500.46,500.05,499.64,499.23,498.81,498.39,497.98,497.57,497.16,496.74,496.32,495.91,495.49,495.08,494.66,494.24,493.83,493.41,492.99,492.58,492.16,491.74,491.32,490.91,490.49,490.07,489.65,489.23,488.81,488.39,487.97,487.55,487.13,486.71,486.29,485.87,485.45,485.03,484.61,484.18,483.76,483.34,482.92,482.49,482.07,481.65,481.22,480.8
505.41,504.99,504.58,504.17,503.76,503.35,502.94,502.53,502.12,501.7,501.29,500.88,500.46,500.05,499.64,499.23,498.81,498.39,497.98,497.57,497.16,496.74,496.32,495.91,495.49,495.08,494.66,494.24,493.83,493.41,492.99,492.58,492.16,491.74,491.32,490.91,490.49,490.07,489.65,489.23,488.81,488.39,487.97,487.55,487.13,486.71,486.29,485.87,485.45,485.03,484.61,484.18,483.76,483.34,482.92,482.49,482.07,481.65,481.22,480.8
505.41,504.99,504.58,504.17,503.76,503.35,502.94,502.53,502.12,501.7,501.29,500.88,500.46,500.05,499.64,499.23,498.81,498.39,497.98,497.57,497.16,496.74,496.32,495.91,495.49,495.08,494.66,494.24,493.83,493.41,492.99,492.58,492.16,491.74,491.32,490.91,490.49,490.07,489.65,489.23,488.81,488.39,487.97,487.55,487.13,486.71,486.29,485.87,485.45,485.03,484.61,484.18,483.76,483.34,482.92,482.49,482.07,481.65,481.22,480.8
505.41,504.99,504.58,504.17,503.76,503.35,502.94,502.53,502.12,501.7,501.29,500.88,500.46,500.05,499.64,499.23,498.81,498.39,497.98,497.57,497.16,496.74,496.32,495.91,495.49,495.08,494.66,494.24,493.83,493.41,492.99,492.58,492.16,491.74,491.32,490.91,490.49,490.07,489.65,489.23,488.81,488.39,487.97,487.55,487.13,486.71,486.29,485.87,485.45,485.03,484.61,484.18,483.76,483.34,482.92,482.49,482.07,481.65,481.22,480.8
505.41,504.99,504.58,504.17,503.76,503.35,502.94,502.53,502.12,501.7,501.29,500.88,500.46,500.05,499.64,499.23,498.81,498.39,497.98,497.57,497.16,496.74,496.32,495.91,495.49,495.08,494.66,494.24,493.83,493.41,492.99,492.58,492.16,491.74,491.32,490.91,490.49,490.07,489.65,489.23,488.81,488.39,487.97,487.55,487.13,486.71,486.29,485.87,485.45,485.03,484.61,484.18,483.76,483.34,482.92,482.49,482.07,481.65,481.22,480.8
505.41,504.99,504.58,504.17,503.76,503.35,502.94,502.53,502.12,501.7,501.29,500.88,500.46,500.05,499.64,499.23,498.81,498.39,497.98,497.57,497.16,496.74,496.32,495.91,495.49,495.08,494.66,494.24,493.83,493.41,492.99,492.58,492.16,491.74,491.32,490.91,490.49,490.07,489.65,489.23,488.81,488.39,487.97,487.55,487.13,486.71,486.29,485.87,485.45,485.03,484.61,484.18,483.76,483.34,482.92,482.49,482.07,481.65,481.22,480.8
505.41,504.99,504.58,504.17,503.76,503.35,502.94,502.53,502.12,501.7,501.29,500.88,500.46,500.05,499.64,499.23,498.81,498.39,497.98,497.57,497.16,496.74,496.32,495.91,495.49,495.08,494.66,494.24,493.83,493.41,492.99,492.58,492.16,491.74,491.32,490.91,490.49,490.07,489.65,489.23,488.81,488.39,487.97,487.55,487.13,486.71,486.29,485.87,485.45,485.03,484.61,484.18,483.76,483.34,482.92,482.49,482.07,481.65,481.22,480.8
505.41,504.99,504.58,504.17,503.76,503.35,502.94,502.53,502.12,501.7,501.29,500.88,500.46,500.05,499.64,499.23,498.81,498.39,497.98,497.57,497.16,496.74,496.32,495.91,495.49,495.08,494.66,494.24,493.83,493.41,492.99,492.58,492.16,491.74,491.32,490.91,490.49,490.07,489.65,489.23,488.81,488.39,487.97,487.55,487.13,486.71,486.29,485.87,485.45,485.03,484.61,484.18,483.76,483.34,482.92,482.49,482.07,481.65,481.22,480.8
505.41,504.99,504.58,504.17,503.76,503.35,502.94,502.53,502.12,501.7,501.29,500.88,500.46,500.05,499.64,499.23,498.81,498.39,497.98,497.57,497.16,496.74,496.32,495.91,495.49,495.08,494.66,494.24,493.83,493.41,492.99,492.58,492.16,491.74,491.32,490.91,490.49,490.07,489.65,489.23,488.81,488.39,487.97,487.55,487.13,486.71,486.29,485.87,485.45,485.03,484.61,484.18,483.76,483.34,482.92,482.49,482.07,481.65,481.22,480.8
505.41,504.99,504.58,504.17,503.76,503.35,502.94,502.53,502.12,501.7,501.29,500.88,500.46,500.05,499.64,499.23,498.81,498.39,497.98,497.57,497.16,496.74,496.32,495.91,495.49,495.08,494.66,494.24,493.83,493.41,492.99,492.58,492.16,491.74,491.32,490.91,490.49,490.07,489.65,489.23,488.81,488.39,487.97,487.55,487.13,486.71,486.29,485.87,485.45,485.03,484.61,484.18,483.76,483.34,482.92,482.49,482.07,481.65,481.22,480.8
505.41,504.99,504.58,504.17,503.76,503.35,502.94,502.53,502.12,501.7,501.29,500.88,500.46,500.05,499.64,499.23,498.81,498.39,497.98,497.57,497.16,496.74,496.32,495.91,495.49,495.08,494.66,494.24,493.83,493.41,492.99,492.58,492.16,491.74,491.32,490.91,490.49,490.07,489.65,489.23,488.81,488.39,487.97,487.55,487.13,486.71,486.29,485.87,485.45,485.03,484.61,484.18,483.76,483.34,482.92,482.49,482.07,481.65,481.22,480.8
505.41,504.99,504.58,504.17,503.76,503.35,502.94,502.53,502.12,501.7,501.29,500.88,500.46,500.05,499.64,499.23,498.81,498.39,497.98,497.57,497.16,496.74,496.32,495.91,495.49,495.08,494.66,494.24,493.83,493.41,492.99,492.58,492.16,491.74,491.32,490.91,490.49,490.07,489.65,489.23,488.81,488.39,487.97,487.55,487.13,486.71,486.29,485.87,485.45,485.03,484.61,484.18,483.76,483.34,482.92,482.49,482.07,481.65,481.22,480.8
505.41,504.99,504.58,504.17,503.76,503.35,502.94,502.53,502.12,501.7,501.29,500.88,500.46,500.05,499.64,499.23,498.81,498.39,497.98,497.57,497.16,496.74,496.32,495.91,495.49,495.08,494.66,494.24,493.83,493.41,492.99,492.58,492.16,491.74,491.32,490.91,490.49,490.07,489.65,489.23,488.81,488.39,487.97,487.55,487.13,486.71,486.29,485.87,485.45,485.03,484.61,484.18,483.76,483.34,482.92,482.49,482.07,481.65,481.22,480.8
505.41,504.99,504.58,504.17,503.76,503.35,502.94,502.53,502.12,501.7,501.29,500.88,500.46,500.05,499.64,499.23,498.81,498.39,497.98,497.57,497.16,496.74,496.32,495.91,495.49,495.08,494.66,494.24,493.83,493.41,492.99,492.58,492.16,491.74,491.32,490.91,490.49,490.07,489.65,489.23,488.81,488.39,487.97,487.55,487.13,486.71,486.29,485.87,485.45,485.03,484.61,484.18,483.76,483.34,482.92,482.49,482.07,481.65,481.22,480.8
505.41,504.99,504.58,504.17,503.76,503.35,502.94,502.53,502.12,501.7,501.29,500.88,500.46,500.05,499.64,499.23,498.81,498.39,497.98,497.57,497.16,496.74,496.32,495.91,495.49,495.08,494.66,494.24,493.83,493.41,492.99,492.58,492.16,491.74,491.32,490.91,490.49,490.07,489.65,489.23,488.81,488.39,487.97,487.55,487.13,486.71,486.29,485.87,485.45,485.03,484.61,484.18,483.76,483.34,482.92,482.49,482.07,481.65,481.22,480.8
505.41,504.99,504.58,504.17,503.76,503.35,502.94,502.53,502.12,501.7,501.29,500.88,500.46,500.05,499.64,499.23,498.81,498.39,497.98,497.57,497.16,496.74,496.32,495.91,495.49,495.08,494.66,494.24,493.83,493.41,492.99,492.58,492.16,491.74,491.32,490.91,490.49,490.07,489.65,489.23,488.81,488.39,487.97,487.55,487.13,486.71,486.29,485.87,485.45,485.03,484.61,484.18,483.76,483.34,482.92,482.49,482.07,481.65,481.22,480.8
505.41,504.99,504.58,504.17,503.76,503.35,502.94,502.53,502.12,501.7,501.29,500.88,500.46,500.05,499.64,499.23,498.81,498.39,497.98,497.57,497.16,496.74,496.32,495.91,495.49,495.08,494.66,494.24,493.83,493.41,492.99,492.58,492.16,491.74,491.32,490.91,490.49,490.07,489.65,489.23,488.81,488.39,487.97,487.55,487.13,486.71,486.29,485.87,485.45,485.03,484.61,484.18,483.76,483.34,482.92,482.49,482.07,481.65,481.22,480.8
505.41,504.99,504.58,504.17,503.76,503.35,502.94,502.53,502.12,501.7,501.29,500.88,500.46,500.05,499.64,499.23,498.81,498.39,497.98,497.57,497.16,496.74,496.32,495.91,495.49,495.08,494.66,494.24,493.83,493.41,492.99,492.58,492.16,491.74,491.32,490.91,490.49,490.07,489.65,489.23,488.81,488.39,487.97,487.55,487.13,486.71,486.29,485.87,485.45,485.03,484.61,484.18,483.76,483.34,482.92,482.49,482.07,481.65,481.22,480.8
505.41,504.99,504.58,504.17,503.76,503.35,502.94,502.53,502.12,501.7,501.29,500.88,500.46,500.05,499.64,499.23,498.81,498.39,497.98,497.57,497.16,496.74,496.32,495.91,495.49,495.08,494.66,494.24,493.83,493.41,492.99,492.58,492.16,491.74,491.32,490.91,490.49,490.07,489.65,489.23,488.81,488.39,487.97,487.55,487.13,486.71,486.29,485.87,485.45,485.03,484.61,484.18,483.76,483.34,482.92,482.49,482.07,481.65,481.22,480.8
505.41,504.99,504.58,504.17,503.76,503.35,502.94,502.53,502.12,501.7,501.29,500.88,500.46,500.05,499.64,499.23,498.81,498.39,497.98,497.57,497.16,496.74,496.32,495.91,495.49,495.08,494.66,494.24,493.83,493.41,492.99,492.58,492.16,491.74,491.32,490.91,490.49,490.07,489.65,489.23,488.81,488.39,487.97,487.55,487.13,486.71,486.29,485.87,485.45,485.03,484.61,484.18,483.76,483.34,482.92,482.49,482.07,481.65,481.22,480.8
505.41,504.99,504.58,504.17,503.76,503.35,502.94,502.53,502.12,501.7,501.29,500.88,500.46,500.05,499.64,499.23,498.81,498.39,497.98,497.57,497.16,496.74,496.32,495.91,495.49,495.08,494.66,494.24,493.83,493.41,492.99,492.58,492.16,491.74,491.32,490.91,490.49,490.07,489.65,489.23,488.81,488.39,487.97,487.55,487.13,486.71,486.29,485.87,485.45,485.03,484.61,484.18,483.76,483.34,482.92,482.49,482.07,481.65,481.22,480.8
505.41,504.99,504.58,504.17,503.76,503.35,502.94,502.53,502.12,501.7,501.29,500.88,500.46,500.05,499.64,499.23,498.81,498.39,497.98,497.57,497.16,496.74,496.32,495.91,495.49,495.08,494.66,494.24,493.83,493.41,492.99,492.58,492.16,491.74,491.32,490.91,490.49,490.07,489.65,489.23,488.81,488.39,487.97,487.55,487.13,486.71,486.29,485.87,485.45,485.03,484.61,484.18,483.76,483.34,482.92,482.49,482.07,481.65,481.22,480.8
505.41,504.99,504.58,504.17,503.76,503.35,502.94,502.53,502.12,501.7,501.29,500.88,500.46,500.05,499.64,499.23,498.81,498.39,497.98,497.57,497.16,496.74,496.32,495.91,495.49,495.08,494.66,494.24,493.83,493.41,492.99,492.58,492.16,491.74,491.32,490.91,490.49,490.07,489.65,489.23,488.81,488.39,487.97,487.55,487.13,486.71,486.29,485.87,485.45,485.03,484.61,484.18,483.76,483.34,482.92,482.49,482.07,481.65,481.22,480.8
505.41,504.99,504.58,504.17,503.76,503.35,502.94,502.53,502.12,501.7,501.29,500.88,500.46,500.05,499.64,499.23,498.81,498.39,497.98,497.57,497.16,496.74,496.32,495.91,495.49,495.08,494.66,494.24,493.83,493.41,492.99,492.58,492.16,491.74,491.32,490.91,490.49,490.07,489.65,489.23,488.81,488.39,487.97,487.55,487.13,486.71,486.29,485.87,485.45,485.03,484.61,484.18,483.76,483.34,482.92,482.49,482.07,481.65,481.22,480.8
505.41,504.99,504.58,504.17,503.76,503.35,502.94,502.53,502.12,501.7,501.29,500.88,500.46,500.05,499.64,499.23,498.81,498.39,497.98,497.57,497.16,496.74,496.32,495.91,495.49,495.08,494.66,494.24,493.83,493.41,492.99,492.58,492.16,491.74,491.32,490.91,490.49,490.07,489.65,489.23,488.81,488.39,487.97,487.55,487.13,486.71,486.29,485.87,485.45,485.03,484.61,484.18,483.76,483.34,482.92,482.49,482.07,481.65,481.22,480.8
505.41,504.99,504.58,504.17,503.76,503.35,502.94,502.53,502.12,501.7,501.29,500.88,500.46,500.05,499.64,499.23,498.81,498.39,497.98,497.57,497.16,496.74,496.32,495.91,495.49,495.08,494.66,494.24,493.83,493.41,492.99,492.58,492.16,491.74,491.32,490.91,490.49,490.07,489.65,489.23,488.81,488.39,487.97,487.55,487.13,486.71,486.29,485.87,485.45,485.03,484.61,484.18,483.76,483.34,482.92,482.49,482.07,481.65,481.22,480.8
505.41,504.99,504.58,504.17,503.76,503.35,502.94,502.53,502.12,501.7,501.29,500.88,500.46,500.05,499.64,499.23,498.81,498.39,497.98,497.57,497.16,496.74,496.32,495.91,495.49,495.08,494.66,494.24,493.83,493.41,492.99,492.58,492.16,491.74,491.32,490.91,490.49,490.07,489.65,489.23,488.81,488.39,487.97,487.55,487.13,486.71,486.29,485.87,485.45,485.03,484.61,484.18,483.76,483.34,482.92,482.49,482.07,481.65,481.22,480.8
505.41,504.99,504.58,504.17,503.76,503.35,502.94,502.53,502.12,501.7,501.29,500.88,500.46,500.05,499.64,499.23,498.81,498.39,497.98,497.57,497.16,496.74,496.32,495.91,495.49,495.08,494.66,494.24,493.83,493.41,492.99,492.58,492.16,491.74,491.32,490.91,490.49,490.07,489.65,489.23,488.81,488.39,487.97,487.55,487.13,486.71,486.29,485.87,485.45,485.03,484.61,484.18,483.76,483.34,482.92,482.49,482.07,481.65,481.22,480.8
505.41,504.99,504.58,504.17,503.76,503.35,502.94,502.53,502.12,501.7,501.29,500.88,500.46,500.05,499.64,499.23,498.81,498.39,497.98,497.57,497.16,496.74,496.32,495.91,495.49,495.08,494.66,494.24,493.83,493.41,492.99,492.58,492.16,491.74,491.32,490.91,490.49,490.07,489.65,489.23,488.81,488.39,487.97,487.55,487.13,486.71,486.29,485.87,485.45,485.03,484.61,484.18,483.76,483.34,482.92,482.49,482.07,481.65,481.22,480.8
505.41,504.99,504.58,504.17,503.76,503.35,502.94,502.53,502.12,501.7,501.29,500.88,500.46,500.05,499.64,499.23,498.81,498.39,497.98,497.57,497.16,496.74,496.32,495.91,495.49,495.08,494.66,494.24,493.83,493.41,492.99,492.58,492.16,491.74,491.32,490.91,490.49,490.07,489.65,489.23,488.81,488.39,487.97,487.55,487.13,486.71,486.29,485.87,485.45,485.03,484.61,484.18,483.76,483.34,482.92,482.49,482.07,481.65,481.22,480.8
505.41,504.99,504.58,504.17,503.76,503.35,502.94,502.53,502.12,501.7,501.29,500.88,500.46,500.05,499.64,499.23,498.81,498.39,497.98,497.57,497.16,496.74,496.32,495.91,495.49,495.08,494.66,494.24,493.83,493.41,492.99,492.58,492.16,491.74,491.32,490.91,490.49,490.07,489.65,489.23,488.81,488.39,487.97,487.55,487.13,486.71,486.29,485.87,485.45,485.03,484.61,484.18,483.76,483.34,482.92,482.49,482.07,481.65,481.22,480.8
505.41,504.99,504.58,504.17,503.76,503.35,502.94,502.53,502.12,501.7,501.29,500.88,500.46,500.05,499.64,499.23,498.81,498.39,497.98,497.57,497.16,496.74,496.32,495.91,495.49,495.08,494.66,494.24,493.83,493.41,492.99,492.58,492.16,491.74,491.32,490.91,490.49,490.07,489.65,489.23,488.81,488.39,487.97,487.55,487.13,486.71,486.29,485.87,485.45,485.03,484.61,484.18,483.76,483.34,482.92,482.49,482.07,481.65,481.22,480.8
505.41,504.99,504.58,504.17,503.76,503.35,502.94,502.53,502.12,501.7,501.29,500.88,500.46,500.05,499.64,499.23,498.81,498.39,497.98,497.57,497.16,496.74,496.32,495.91,495.49,495.08,494.66,494.24,493.83,493.41,492.99,492.58,492.16,491.74,491.32,490.91,490.49,490.07,489.65,489.23,488.81,488.39,487.97,487.55,487.13,486.71,486.29,485.87,485.45,485.03,484.61,484.18,483.76,483.34,482.92,482.49,482.07,481.65,481.22,480.8
505.41,504.99,504.58,504.17,503.76,503.35,502.94,502.53,502.12,501.7,501.29,500.88,500.46,500.05,499.64,499.23,498.81,498.39,497.98,497.57,497.16,496.74,496.32,495.91,495.49,495.08,494.66,494.24,493.83,493.41,492.99,492.58,492.16,491.74,491.32,490.91,490.49,490.07,489.65,489.23,488.81,488.39,487.97,487.55,487.13,486.71,486.29,485.87,485.45,485.03,484.61,484.18,483.76,483.34,482.92,482.49,482.07,481.65,481.22,480.8
505.41,504.99,504.58,504.17,503.76,503.35,502.94,502.53,502.12,501.7,501.29,500.88,500.46,500.05,499.64,499.23,498.81,498.39,497.98,497.57,497.16,496.74,496.32,495.91,495.49,495.08,494.66,494.24,493.83,493.41,492.99,492.58,492.16,491.74,491.32,490.91,490.49,490.07,489.65,489.23,488.81,488.39,487.97,487.55,487.13,486.71,486.29,485.87,485.45,485.03,484.61,484.18,483.76,483.34,482.92,482.49,482.07,481.65,481.22,480.8
505.41,504.99,504.58,504.17,503.76,503.35,502.94,502.53,502.12,501.7,501.29,500.88,500.46,500.05,499.64,499.23,498.81,498.39,497.98,497.57,497.16,496.74,496.32,495.91,495.49,495.08,494.66,494.24,493.83,493.41,492.99,492.58,492.16,491.74,491.32,490.91,490.49,490.07,489.65,489.23,488.81,488.39,487.97,487.55,487.13,486.71,486.29,485.87,485.45,485.03,484.61,484.18,483.76,483.34,482.92,482.49,482.07,481.65,481.22,480.8
505.41,504.99,504.58,504.17,503.76,503.35,502.94,502.53,502.12,501.7,501.29,500.88,500.46,500.05,499.64,499.23,498.81,498.39,497.98,497.57,497.16,496.74,496.32,495.91,495.49,495.08,494.66,494.24,493.83,493.41,492.99,492.58,492.16,491.74,491.32,490.91,490.49,490.07,489.65,489.23,488.81,488.39,487.97,487.55,487.13,486.71,486.29,485.87,485.45,485.03,484.61,484.18,483.76,483.34,482.92,482.49,482.07,481.65,481.22,480.8
505.41,504.99,504.58,504.17,503.76,503.35,502.94,502.53,502.12,501.7,501.29,500.88,500.46,500.05,499.64,499.23,498.81,498.39,497.98,497.57,497.16,496.74,496.32,495.91,495.49,495.08,494.66,494.24,493.83,493.41,492.99,492.58,492.16,491.74,491.32,490.91,490.49,490.07,489.65,489.23,488.81,488.39,487.97,487.55,487.13,486.71,486.29,485.87,485.45,485.03,484.61,484.18,483.76,483.34,482.92,482.49,482.07,481.65,481.22,480.8
505.41,504.99,504.58,504.17,503.76,503.35,502.94,502.53,502.12,501.7,501.29,500.88,500.46,500.05,499.64,499.23,498.81,498.39,497.98,497.57,497.16,496.74,496.32,495.91,495.49,495.08,494.66,494.24,493.83,493.41,492.99,492.58,492.16,491.74,491.32,490.91,490.49,490.07,489.65,489.23,488.81,488.39,487.97,487.55,487.13,486.71,486.29,485.87,485.45,485.03,484.61,484.18,483.76,483.34,482.92,482.49,482.07,481.65,481.22,480.8
505.41,504.99,504.58,504.17,503.76,503.35,502.94,502.53,502.12,501.7,501.29,500.88,500.46,500.05,499.64,499.23,498.81,498.39,497.98,497.57,497.16,496.74,496.32,495.91,495.49,495.08,494.66,494.24,493.83,493.41,492.99,492.58,492.16,491.74,491.32,490.91,490.49,490.07,489.65,489.23,488.81,488.39,487.97,487.55,487.13,486.71,486.29,485.87,485.45,485.03,484.61,484.18,483.76,483.34,482.92,482.49,482.07,481.65,481.22,480.8
505.41,504.99,504.58,504.17,503.76,503.35,502.94,502.53,502.12,501.7,501.29,500.88,500.46,500.05,499.64,499.23,498.81,498.39,497.98,497.57,497.16,496.74,496.32,495.91,495.49,495.08,494.66,494.24,493.83,493.41,492.99,492.58,492.16,491.74,491.32,490.91,490.49,490.07,489.65,489.23,488.81,488.39,487.97,487.55,487.13,486.71,486.29,485.87,485.45,485.03,484.61,484.18,483.76,483.34,482.92,482.49,482.07,481.65,481.22,480.8
505.41,504.99,504.58,504.17,503.76,503.35,502.94,502.53,502.12,501.7,501.29,500.88,500.46,500.05,499.64,499.23,498.81,498.39,497.98,497.57,497.16,496.74,496.32,495.91,495.49,495.08,494.66,494.24,493.83,493.41,492.99,492.58,492.16,491.74,491.32,490.91,490.49,490.07,489.65,489.23,488.81,488.39,487.97,487.55,487.13,486.71,486.29,485.87,485.45,485.03,484.61,484.18,483.76,483.34,482.92,482.49,482.07,481.65,481.22,480.8
505.41,504.99,504.58,504.17,503.76,503.35,502.94,502.53,502.12,501.7,501.29,500.88,500.46,500.05,499.64,499.23,498.81,498.39,497.98,497.57,497.16,496.74,496.32,495.91,495.49,495.08,494.66,494.24,493.83,493.41,492.99,492.58,492.16,491.74,491.32,490.91,490.49,490.07,489.65,489.23,488.81,488.39,487.97,487.55,487.13,486.71,486.29,485.87,485.45,485.03,484.61,484.18,483.76,483.34,482.92,482.49,482.07,481.65,481.22,480.8
505.41,504.99,504.58,504.17,503.76,503.35,502.94,502.53,502.12,501.7,501.29,500.88,500.46,500.05,499.64,499.23,498.81,498.39,497.98,497.57,497.16,496.74,496.32,495.91,495.49,495.08,494.66,494.24,493.83,493.41,492.99,492.58,492.16,491.74,491.32,490.91,490.49,490.07,489.65,489.23,488.81,488.39,487.97,487.55,487.13,486.71,486.29,485.87,485.45,485.03,484.61,484.18,483.76,483.34,482.92,482.49,482.07,481.65,481.22,480.8
505.41,504.99,504.58,504.17,503.76,503.35,502.94,502.53,502.12,501.7,501.29,500.88,500.46,500.05,499.64,499.23,498.81,498.39,497.98,497.57,497.16,496.74,496.32,495.91,495.49,495.08,494.66,494.24,493.83,493.41,492.99,492.58,492.16,491.74,491.32,490.91,490.49,490.07,489.65,489.23,488.81,488.39,487.97,487.55,487.13,486.71,486.29,485.87,485.45,485.03,484.61,484.18,483.76,483.34,482.92,482.49,482.07,481.65,481.22,480.8
505.41,504.99,504.58,504.17,503.76,503.35,502.94,502.53,502.12,501.7,501.29,500.88,500.46,500.05,499.64,499.23,498.81,498.39,497.98,497.57,497.16,496.74,496.32,495.91,495.49,495.08,494.66,494.24,493.83,493.41,492.99,492.58,492.16,491.74,491.32,490.91,490.49,490.07,489.65,489.23,488.81,488.39,487.97,487.55,487.13,486.71,486.29,485.87,485.45,485.03,484.61,484.18,483.76,483.34,482.92,482.49,482.07,481.65,481.22,480.8
505.41,504.99,504.58,504.17,503.76,503.35,502.94,502.53,502.12,501.7,501.29,500.88,500.46,500.05,499.64,499.23,498.81,498.39,497.98,497.57,497.16,496.74,496.32,495.91,495.49,495.08,494.66,494.24,493.83,493.41,492.99,492.58,492.16,491.74,491.32,490.91,490.49,490.07,489.65,489.23,488.81,488.39,487.97,487.55,487.13,486.71,486.29,485.87,485.45,485.03,484.61,484.18,483.76,483.34,482.92,482.49,482.07,481.65,481.22,480.8
505.41,504.99,504.58,504.17,503.76,503.35,502.94,502.53,502.12,501.7,501.29,500.88,500.46,500.05,499.64,499.23,498.81,498.39,497.98,497.57,497.16,496.74,496.32,495.91,495.49,495.08,494.66,494.24,493.83,493.41,492.99,492.58,492.16,491.74,491.32,490.91,490.49,490.07,489.65,489.23,488.81,488.39,487.97,487.55,487.13,486.71,486.29,485.87,485.45,485.03,484.61,484.18,483.76,483.34,482.92,482.49,482.07,481.65,481.22,480.8
505.41,504.99,504.58,504.17,503.76,503.35,502.94,502.53,502.12,501.7,501.29,500.88,500.46,500.05,499.64,499.23,498.81,498.39,497.98,497.57,497.16,496.74,496.32,495.91,495.49,495.08,494.66,494.24,493.83,493.41,492.99,492.58,492.16,491.74,491.32,490.91,490.49,490.07,489.65,489.23,488.81,488.39,487.97,487.55,487.13,486.71,486.29,485.87,485.45,485.03,484.61,484.18,483.76,483.34,482.92,482.49,482.07,481.65,481.22,480.8
505.41,504.99,504.58,504.17,503.76,503.35,502.94,502.53,502.12,501.7,501.29,500.88,500.46,500.05,499.64,499.23,498.81,498.39,497.98,497.57,497.16,496.74,496.32,495.91,495.49,495.08,494.66,494.24,493.83,493.41,492.99,492.58,492.16,491.74,491.32,490.91,490.49,490.07,489.65,489.23,488.81,488.39,487.97,487.55,487.13,486.71,486.29,485.87,485.45,485.03,484.61,484.18,483.76,483.34,482.92,482.49,482.07,481.65,481.22,480.8
505.41,504.99,504.58,504.17,503.76,503.35,502.94,502.53,502.12,501.7,501.29,500.88,500.46,500.05,499.64,499.23,498.81,498.39,497.98,497.57,497.16,496.74,496.32,495.91,495.49,495.08,494.66,494.24,493.83,493.41,492.99,492.58,492.16,491.74,491.32,490.91,490.49,490.07,489.65,489.23,488.81,488.39,487.97,487.55,487.13,486.71,486.29,485.87,485.45,485.03,484.61,484.18,483.76,483.34,482.92,482.49,482.07,481.65,481.22,480.8
505.41,504.99,504.58,504.17,503.76,503.35,502.94,502.53,502.12,501.7,501.29,500.88,500.46,500.05,499.64,499.23,498.81,498.39,497.98,497.57,497.16,496.74,496.32,495.91,495.49,495.08,494.66,494.24,493.83,493.41,492.99,492.58,492.16,491.74,491.32,490.91,490.49,490.07,489.65,489.23,488.81,488.39,487.97,487.55,487.13,486.71,486.29,485.87,485.45,485.03,484.61,484.18,483.76,483.34,482.92,482.49,482.07,481.65,481.22,480.8
505.41,504.99,504.58,504.17,503.76,503.35,502.94,502.53,502.12,501.7,501.29,500.88,500.46,500.05,499.64,499.23,498.81,498.39,497.98,497.57,497.16,496.74,496.32,495.91,495.49,495.08,494.66,494.24,493.83,493.41,492.99,492.58,492.16,491.74,491.32,490.91,490.49,490.07,489.65,489.23,488.81,488.39,487.97,487.55,487.13,486.71,486.29,485.87,485.45,485.03,484.61,484.18,483.76,483.34,482.92,482.49,482.07,481.65,481.22,480.8
10.91,10.912,10.915,10.917,10.92,10.922,10.925,10.927,10.93,10.932,10.935,10.938,10.94,10.943,10.945,10.947,10.95,10.952,10.955,10.957,10.96,10.963,10.929,10.968,10.97,10.973,10.976,10.978,10.981,10.983,10.986,10.989,10.991,10.994,10.996,10.999,11.001,11.004,11.007,11.009,11.012,11.014,11.017,11.02,11.022,11.025,11.027,11.03,11.033,11.035,11.038,11.041,11.043,11.046,11.049,11.052,11.054,11.057,11.06,11.062
10.874,10.912,10.915,10.917,10.92,10.922,10.925,10.927,10.93,10.932,10.935,10.938,10.94,10.907,10.909,10.947,10.95,10.952,10.955,10.957,10.96,10.963,10.965,10.932,10.97,10.973,10.976,10.978,10.981,10.983,10.986,10.989,10.991,10.994,10.996,10.999,11.001,11.004,11.007,11.009,10.975,11.014,11.017,11.02,11.022,11.025,11.027,11.03,11.033,11.035,11.038,11.041,11.043,11.046,11.049,11.052,11.054,11.057,11.06,11.062
10.91,10.912,10.915,10.917,10.92,10.922,10.925,10.927,10.93,10.932,10.935,10.938,10.94,10.943,10.945,10.947,10.95,10.917,10.955,10.957,10.96,10.963,10.965,10.968,10.97,10.973,10.976,10.978,10.981,10.983,10.986,10.989,10.991,10.994,10.996,10.999,11.001,11.004,11.007,11.009,11.012,11.014,11.017,11.02,11.022,11.025,11.027,11.03,11.033,11.035,11.038,11.004,11.043,11.046,11.049,11.052,11.054,11.057,11.06,11.062
10.91,10.912,10.915,10.917,10.92,10.922,10.925,10.927,10.93,10.932,10.935,10.938,10.94,10.943,10.945,10.947,10.95,10.952,10.955,10.957,10.96,10.963,10.965,10.968,10.97,10.973,10.976,10.978,10.981,10.983,10.986,10.989,10.991,10.994,10.996,10.962,11.001,11.004,11.007,11.009,11.012,11.014,11.017,11.02,11.022,11.025,11.027,11.03,11.033,11.035,11.038,11.004,11.043,11.046,11.012,11.052,11.054,11.057,11.06,11.062
10.91,10.912,10.915,10.917,10.92,10.922,10.889,10.927,10.93,10.932,10.935,10.938,10.94,10.907,10.945,10.947,10.95,10.952,10.955,10.957,10.96,10.963,10.965,10.968,10.97,10.973,10.976,10.978,10.981,10.947,10.986,10.989,10.991,10.994,10.996,10.999,11.001,11.004,11.007,11.009,11.012,11.014,11.017,11.02,11.022,11.025,11.027,11.03,11.033,11.035,11.038,11.041,11.043,11.046,11.012,11.052,11.054,11.057,11.06,11.062
10.91,10.912,10.915,10.917,10.92,10.922,10.925,10.927,10.93,10.932,10.935,10.938,10.94,10.943,10.945,10.947,10.95,10.917,10.955,10.957,10.96,10.963,10.965,10.968,10.97,10.973,10.976,10.978,10.981,10.983,10.986,10.989,10.991,10.994,10.996,10.999,11.001,11.004,11.007,11.009,11.012,11.014,10.98,11.02,11.022,11.025,11.027,11.03,11.033,11.035,11.038,11.041,11.043,11.046,11.049,11.052,11.054,11.057,11.06,11.062
10.91,10.912,10.915,10.917,10.92,10.922,10.925,10.927,10.93,10.932,10.935,10.938,10.94,10.943,10.945,10.947,10.95,10.952,10.955,10.957,10.96,10.963,10.965,10.968,10.97,10.973,10.976,10.978,10.981,10.983,10.986,10.989,10.991,10.994,10.996,10.962,11.001,11.004,11.007,11.009,11.012,11.014,10.98,11.02,11.022,11.025,11.027,11.03,11.033,11.035,11.038,11.041,11.043,11.046,11.012,11.052,11.054,11.057,11.06,11.062
10.91,10.912,10.879,10.917,10.92,10.922,10.925,10.927,10.93,10.932,10.935,10.938,10.94,10.943,10.945,10.947,10.95,10.952,10.955,10.957,10.96,10.963,10.965,10.968,10.97,10.973,10.976,10.978,10.981,10.983,10.986,10.989,10.991,10.994,10.996,10.999,11.001,11.004,11.007,11.009,11.012,11.014,10.98,11.02,11.022,11.025,11.027,10.993,11.033,11.035,11.038,11.041,11.043,11.046,11.049,11.052,11.054,11.057,11.06,11.062
10.91,10.912,10.915,10.917,10.92,10.922,10.925,10.927,10.93,10.932,10.935,10.938,10.94,10.943,10.945,10.947,10.95,10.917,10.955,10.957,10.96,10.963,10.965,10.968,10.97,10.973,10.976,10.978,10.981,10.983,10.986,10.989,10.991,10.994,10.996,10.999,11.001,11.004,11.007,11.009,11.012,10.978,11.017,10.983,11.022,11.025,11.027,10.993,11.033,11.035,11.038,11.041,11.043,11.046,11.049,11.052,11.054,11.057,11.06,11.062
10.91,10.912,10.879,10.882,10.92,10.922,10.925,10.927,10.93,10.932,10.935,10.938,10.94,10.943,10.945,10.947,10.95,10.952,10.955,10.957,10.96,10.963,10.965,10.968,10.97,10.973,10.976,10.978,10.945,10.983,10.986,10.989,10.991,10.994,10.996,10.999,11.001,11.004,11.007,11.009,11.012,10.978,11.017,11.02,11.022,11.025,11.027,11.03,11.033,11.035,11.038,11.041,11.043,11.046,11.049,11.052,11.054,11.057,11.06,11.062
10.91,10.912,10.915,10.917,10.92,10.922,10.925,10.927,10.93,10.932,10.935,10.938,10.94,10.943,10.945,10.947,10.95,10.952,10.955,10.957,10.96,10.963,10.965,10.968,10.97,10.973,10.976,10.978,10.981,10.983,10.95,10.989,10.991,10.957,10.996,10.999,11.001,11.004,11.007,11.009,11.012,11.014,10.98,11.02,11.022,11.025,11.027,11.03,11.033,11.035,11.001,11.041,11.043,11.046,11.049,11.052,11.054,11.057,11.06,11.062
10.91,10.912,10.915,10.917,10.92,10.922,10.925,10.927,10.93,10.932,10.935,10.938,10.94,10.943,10.945,10.947,10.95,10.952,10.955,10.957,10.96,10.963,10.965,10.968,10.97,10.973,10.976,10.978,10.945,10.983,10.986,10.989,10.991,10.994,10.996,10.999,11.001,11.004,11.007,11.009,11.012,11.014,11.017,11.02,11.022,11.025,11.027,11.03,11.033,11.035,11.001,11.041,11.043,11.046,11.012,11.015,11.054,11.057,11.06,11.062
10.91,10.912,10.915,10.917,10.92,10.922,10.925,10.927,10.93,10.932,10.935,10.938,10.94,10.943,10.945,10.947,10.95,10.952,10.955,10.957,10.96,10.963,10.965,10.968,10.97,10.973,10.976,10.978,10.981,10.983,10.986,10.989,10.991,10.994,10.996,10.999,11.001,11.004,11.007,11.009,11.012,11.014,11.017,11.02,11.022,11.025,11.027,11.03,11.033,11.035,11.001,11.041,11.043,11.046,11.049,11.052,11.054,11.057,11.06,11.062
10.91,10.912,10.915,10.917,10.92,10.922,10.925,10.927,10.93,10.932,10.935,10.938,10.94,10.943,10.945,10.947,10.95,10.952,10.955,10.957,10.96,10.963,10.965,10.968,10.97,10.973,10.976,10.978,10.981,10.983,10.986,10.989,10.991,10.994,10.96,10.999,11.001,11.004,11.007,11.009,11.012,11.014,11.017,11.02,11.022,11.025,11.027,11.03,11.033,11.035,11.038,11.041,11.043,11.046,11.012,11.052,11.054,11.057,11.06,11.062
10.91,10.912,10.915,10.917,10.92,10.922,10.925,10.927,10.93,10.932,10.935,10.938,10.94,10.943,10.945,10.947,10.95,10.952,10.955,10.957,10.96,10.963,10.965,10.932,10.97,10.973,10.976,10.978,10.981,10.983,10.986,10.989,10.991,10.994,10.996,10.999,11.001,11.004,11.007,11.009,11.012,11.014,11.017,11.02,11.022,11.025,11.027,11.03,11.033,11.035,11.038,11.041,11.043,11.046,11.049,11.052,11.054,11.057,11.06,11.062
10.91,10.912,10.915,10.917,10.92,10.922,10.925,10.927,10.93,10.932,10.935,10.938,10.94,10.943,10.945,10.947,10.95,10.952,10.955,10.957,10.96,10.963,10.965,10.968,10.97,10.973,10.976,10.978,10.981,10.983,10.986,10.989,10.991,10.994,10.996,10.999,11.001,11.004,11.007,11.009,11.012,11.014,11.017,11.02,11.022,11.025,11.027,11.03,11.033,11.035,11.001,11.041,11.043,11.046,11.049,11.052,11.054,11.057,11.06,11.062
10.91,10.912,10.915,10.917,10.92,10.922,10.889,10.927,10.93,10.932,10.935,10.938,10.94,10.943,10.945,10.947,10.95,10.952,10.955,10.957,10.96,10.963,10.965,10.968,10.97,10.973,10.976,10.978,10.981,10.983,10.986,10.989,10.991,10.957,10.996,10.999,11.001,10.967,11.007,11.009,11.012,11.014,11.017,10.983,10.986,11.025,11.027,11.03,11.033,11.035,11.038,11.041,11.043,11.046,11.049,11.052,11.054,11.057,11.06,11.062
10.91,10.912,10.879,10.917,10.92,10.922,10.925,10.927,10.93,10.932,10.935,10.938,10.94,10.943,10.945,10.912,10.95,10.952,10.919,10.957,10.96,10.963,10.965,10.968,10.97,10.973,10.976,10.978,10.981,10.983,10.986,10.989,10.991,10.994,10.996,10.999,11.001,11.004,11.007,11.009,11.012,11.014,11.017,11.02,11.022,11.025,11.027,10.993,11.033,11.035,11.038,11.041,11.043,11.046,11.049,11.052,11.054,11.057,11.06,11.062
10.91,10.912,10.915,10.917,10.92,10.922,10.925,10.927,10.93,10.932,10.935,10.938,10.94,10.943,10.945,10.912,10.95,10.952,10.955,10.957,10.96,10.963,10.965,10.968,10.97,10.973,10.976,10.978,10.981,10.983,10.986,10.989,10.991,10.994,10.996,10.962,11.001,11.004,11.007,11.009,11.012,11.014,11.017,11.02,11.022,11.025,11.027,10.993,11.033,11.035,11.038,11.041,11.043,11.046,11.049,11.052,11.054,11.057,11.06,11.062
10.91,10.912,10.915,10.917,10.92,10.922,10.925,10.927,10.93,10.932,10.935,10.938,10.94,10.943,10.945,10.912,10.95,10.952,10.955,10.957,10.96,10.963,10.965,10.968,10.97,10.973,10.976,10.978,10.981,10.983,10.986,10.989,10.991,10.957,10.996,10.999,11.001,11.004,11.007,11.009,11.012,11.014,10.98,11.02,10.986,11.025,11.027,11.03,11.033,11.035,11.001,11.041,11.043,11.046,11.049,11.052,11.054,11.057,11.06,11.062
10.91,10.912,10.915,10.917,10.92,10.922,10.925,10.927,10.93,10.932,10.935,10.938,10.94,10.943,10.945,10.947,10.95,10.952,10.955,10.957,10.96,10.963,10.965,10.968,10.97,10.973,10.976,10.978,10.981,10.983,10.986,10.989,10.991,10.994,10.996,10.999,11.001,11.004,11.007,11.009,11.012,10.978,10.98,11.02,11.022,11.025,11.027,11.03,11.033,11.035,11.038,11.004,11.043,11.046,11.049,11.052,11.054,11.057,11.06,11.062
10.91,10.912,10.915,10.917,10.92,10.922,10.925,10.927,10.93,10.932,10.935,10.938,10.94,10.943,10.945,10.947,10.95,10.952,10.919,10.957,10.96,10.963,10.965,10.968,10.97,10.973,10.976,10.978,10.981,10.983,10.986,10.989,10.991,10.994,10.996,10.999,11.001,11.004,11.007,11.009,11.012,11.014,10.98,11.02,11.022,11.025,11.027,11.03,11.033,11.035,11.001,11.041,11.043,11.046,11.049,11.052,11.054,11.057,11.06,11.025
10.91,10.912,10.915,10.917,10.92,10.922,10.925,10.927,10.93,10.932,10.935,10.938,10.94,10.943,10.945,10.947,10.95,10.952,10.955,10.957,10.96,10.963,10.965,10.968,10.97,10.973,10.976,10.978,10.981,10.983,10.986,10.989,10.991,10.994,10.996,10.999,11.001,11.004,11.007,10.973,11.012,11.014,11.017,11.02,11.022,11.025,11.027,11.03,11.033,11.035,11.038,11.041,11.043,11.046,11.049,11.052,11.054,11.057,11.06,11.062
10.91,10.912,10.915,10.917,10.92,10.922,10.925,10.927,10.93,10.932,10.935,10.938,10.94,10.943,10.945,10.947,10.95,10.952,10.955,10.957,10.96,10.963,10.965,10.968,10.97,10.973,10.976,10.978,10.981,10.983,10.986,10.989,10.991,10.994,10.996,10.999,11.001,11.004,11.007,11.009,11.012,11.014,10.98,11.02,10.986,11.025,11.027,11.03,11.033,11.035,11.038,11.041,11.043,11.046,11.049,11.052,11.054,11.057,11.06,11.062
10.91,10.912,10.915,10.917,10.92,10.922,10.925,10.927,10.93,10.932,10.935,10.938,10.94,10.943,10.945,10.912,10.95,10.952,10.919,10.957,10.96,10.963,10.965,10.968,10.97,10.973,10.976,10.978,10.981,10.983,10.986,10.989,10.991,10.994,10.996,10.999,11.001,11.004,11.007,10.973,11.012,11.014,11.017,11.02,11.022,11.025,11.027,11.03,11.033,11.035,11.038,11.041,11.043,11.046,11.049,11.052,11.054,11.057,11.06,11.025
10.91,10.912,10.915,10.917,10.92,10.922,10.925,10.927,10.93,10.932,10.935,10.938,10.94,10.943,10.945,10.947,10.95,10.952,10.955,10.957,10.96,10.963,10.965,10.968,10.97,10.973,10.976,10.978,10.981,10.983,10.986,10.989,10.991,10.994,10.996,10.962,11.001,11.004,11.007,11.009,11.012,11.014,11.017,11.02,11.022,11.025,11.027,10.993,11.033,11.035,11.038,11.041,11.043,11.046,11.049,11.052,11.054,11.057,11.06,11.062
10.91,10.912,10.915,10.917,10.92,10.922,10.925,10.927,10.93,10.932,10.935,10.938,10.94,10.943,10.945,10.947,10.95,10.952,10.919,10.957,10.96,10.963,10.965,10.968,10.97,10.973,10.976,10.978,10.945,10.983,10.986,10.989,10.991,10.994,10.996,10.999,11.001,11.004,11.007,11.009,11.012,11.014,10.98,11.02,11.022,11.025,11.027,10.993,11.033,11.035,11.038,11.041,11.043,11.046,11.049,11.052,11.054,11.057,11.06,11.062
10.91,10.912,10.915,10.917,10.92,10.922,10.925,10.927,10.93,10.932,10.935,10.938,10.94,10.943,10.945,10.947,10.95,10.917,10.955,10.957,10.96,10.963,10.965,10.968,10.97,10.973,10.976,10.978,10.981,10.983,10.986,10.989,10.991,10.994,10.996,10.999,11.001,11.004,11.007,11.009,11.012,11.014,11.017,11.02,10.986,11.025,11.027,10.993,11.033,11.035,11.038,11.041,11.043,11.046,11.049,11.052,11.054,11.057,11.06,11.062
10.91,10.912,10.879,10.917,10.92,10.922,10.925,10.927,10.93,10.932,10.935,10.938,10.94,10.943,10.945,10.912,10.95,10.952,10.955,10.957,10.96,10.963,10.965,10.968,10.97,10.973,10.976,10.978,10.981,10.983,10.986,10.989,10.991,10.994,10.996,10.999,11.001,11.004,11.007,11.009,11.012,11.014,10.98,11.02,11.022,11.025,11.027,11.03,11.033,11.035,11.001,11.041,11.043,11.046,11.049,11.052,11.054,11.057,11.06,11.062
10.874,10.912,10.915,10.917,10.92,10.922,10.925,10.927,10.93,10.932,10.935,10.938,10.94,10.943,10.945,10.947,10.95,10.952,10.955,10.957,10.96,10.963,10.965,10.968,10.97,10.973,10.976,10.978,10.945,10.983,10.986,10.989,10.991,10.994,10.996,10.999,11.001,11.004,11.007,11.009,11.012,11.014,11.017,11.02,11.022,11.025,11.027,10.993,11.033,11.035,11.001,11.041,11.043,11.046,11.049,11.052,11.054,11.057,11.06,11.062
10.91,10.912,10.915,10.917,10.92,10.922,10.925,10.927,10.93,10.932,10.935,10.938,10.94,10.943,10.945,10.912,10.95,10.952,10.955,10.957,10.96,10.963,10.965,10.968,10.97,10.973,10.976,10.978,10.981,10.983,10.986,10.989,10.991,10.994,10.996,10.999,11.001,11.004,11.007,11.009,11.012,11.014,11.017,11.02,11.022,11.025,11.027,11.03,11.033,11.035,11.038,11.041,11.043,11.046,11.049,11.052,11.054,11.057,11.06,11.062
10.91,10.912,10.915,10.917,10.92,10.922,10.925,10.927,10.93,10.932,10.935,10.938,10.94,10.943,10.945,10.947,10.95,10.952,10.955,10.957,10.96,10.963,10.965,10.968,10.97,10.973,10.976,10.978,10.981,10.983,10.95,10.989,10.991,10.994,10.996,10.999,11.001,11.004,11.007,11.009,11.012,11.014,11.017,11.02,11.022,11.025,11.027,11.03,11.033,11.035,11.038,11.041,11.043,11.046,11.049,11.052,11.054,11.057,11.06,11.062
10.91,10.912,10.879,10.917,10.92,10.922,10.925,10.927,10.93,10.932,10.935,10.938,10.94,10.907,10.945,10.947,10.914,10.952,10.955,10.957,10.96,10.963,10.965,10.968,10.97,10.973,10.976,10.978,10.945,10.983,10.986,10.989,10.991,10.994,10.996,10.999,11.001,11.004,11.007,11.009,11.012,11.014,11.017,11.02,11.022,11.025,11.027,11.03,11.033,11.035,11.001,11.041,11.043,11.046,11.049,11.015,11.054,11.057,11.06,11.062
10.91,10.912,10.915,10.917,10.92,10.922,10.925,10.927,10.93,10.932,10.935,10.938,10.94,10.943,10.945,10.947,10.95,10.952,10.919,10.957,10.96,10.963,10.965,10.968,10.97,10.973,10.976,10.978,10.981,10.983,10.986,10.989,10.991,10.994,10.996,10.999,11.001,11.004,11.007,11.009,11.012,11.014,11.017,11.02,11.022,11.025,11.027,11.03,11.033,11.035,11.038,11.004,11.043,11.046,11.012,11.052,11.054,11.057,11.06,11.062
10.91,10.912,10.879,10.917,10.92,10.922,10.925,10.927,10.93,10.932,10.935,10.938,10.94,10.943,10.945,10.947,10.95,10.952,10.955,10.957,10.96,10.963,10.965,10.968,10.97,10.973,10.976,10.978,10.981,10.983,10.986,10.989,10.991,10.957,10.996,10.999,11.001,11.004,11.007,11.009,11.012,11.014,11.017,11.02,11.022,11.025,11.027,11.03,11.033,11.035,11.038,11.004,11.043,11.046,11.049,11.015,11.054,11.057,11.06,11.062
10.91,10.912,10.915,10.917,10.92,10.922,10.925,10.927,10.93,10.932,10.935,10.938,10.94,10.943,10.945,10.947,10.95,10.952,10.955,10.957,10.96,10.963,10.965,10.968,10.97,10.973,10.976,10.978,10.945,10.983,10.986,10.989,10.991,10.994,10.96,10.999,11.001,11.004,11.007,11.009,11.012,11.014,11.017,11.02,11.022,11.025,11.027,11.03,11.033,11.035,11.038,11.041,11.043,11.046,11.049,11.052,11.054,11.057,11.06,11.062
10.91,10.912,10.915,10.917,10.92,10.922,10.925,10.927,10.93,10.932,10.935,10.938,10.94,10.943,10.945,10.947,10.95,10.952,10.955,10.957,10.96,10.963,10.965,10.968,10.97,10.973,10.976,10.978,10.981,10.983,10.986,10.989,10.991,10.994,10.996,10.962,11.001,11.004,11.007,11.009,11.012,11.014,11.017,11.02,11.022,11.025,11.027,11.03,11.033,11.035,11.038,11.041,11.043,11.046,11.049,11.052,11.054,11.057,11.06,11.062
10.91,10.912,10.915,10.917,10.92,10.922,10.925,10.927,10.93,10.932,10.935,10.938,10.94,10.943,10.945,10.947,10.95,10.952,10.919,10.957,10.96,10.963,10.965,10.968,10.97,10.973,10.976,10.978,10.981,10.983,10.986,10.989,10.991,10.994,10.996,10.999,11.001,11.004,11.007,11.009,11.012,11.014,11.017,11.02,11.022,11.025,11.027,10.993,11.033,11.035,11.038,11.041,11.043,11.046,11.049,11.015,11.054,11.057,11.06,11.062
10.91,10.912,10.915,10.917,10.92,10.922,10.925,10.927,10.93,10.932,10.935,10.938,10.94,10.943,10.945,10.947,10.95,10.952,10.919,10.957,10.96,10.963,10.965,10.968,10.97,10.973,10.976,10.978,10.981,10.983,10.986,10.989,10.991,10.957,10.996,10.999,11.001,11.004,11.007,11.009,11.012,11.014,11.017,11.02,10.986,11.025,11.027,11.03,11.033,11.035,11.038,11.041,11.043,11.046,11.049,11.015,11.054,11.057,11.06,11.062
10.91,10.912,10.915,10.917,10.92,10.922,10.925,10.927,10.93,10.932,10.935,10.938,10.94,10.943,10.945,10.947,10.95,10.952,10.919,10.957,10.96,10.963,10.965,10.968,10.97,10.973,10.976,10.978,10.981,10.983,10.986,10.989,10.991,10.994,10.996,10.999,11.001,11.004,11.007,10.973,11.012,10.978,11.017,11.02,11.022,11.025,11.027,11.03,11.033,11.035,11.038,11.041,11.043,11.046,11.049,11.052,11.054,11.057,11.06,11.062
10.91,10.912,10.915,10.917,10.92,10.922,10.925,10.927,10.93,10.932,10.935,10.938,10.94,10.943,10.909,10.947,10.95,10.952,10.955,10.957,10.96,10.963,10.965,10.968,10.97,10.973,10.976,10.978,10.981,10.983,10.986,10.989,10.991,10.957,10.996,10.999,11.001,11.004,11.007,11.009,11.012,11.014,10.98,11.02,11.022,11.025,11.027,11.03,11.033,11.035,11.038,11.041,11.043,11.046,11.049,11.052,11.054,11.057,11.06,11.062
10.91,10.912,10.915,10.917,10.92,10.922,10.925,10.927,10.93,10.932,10.935,10.938,10.94,10.943,10.945,10.947,10.95,10.952,10.919,10.957,10.96,10.963,10.965,10.968,10.97,10.973,10.976,10.978,10.981,10.983,10.986,10.989,10.991,10.994,10.996,10.999,11.001,11.004,11.007,11.009,11.012,11.014,11.017,10.983,11.022,11.025,11.027,11.03,11.033,11.035,11.038,11.041,11.043,11.046,11.012,11.015,11.054,11.057,11.06,11.062
10.91,10.912,10.915,10.917,10.92,10.922,10.925,10.927,10.93,10.932,10.935,10.938,10.94,10.943,10.945,10.947,10.95,10.952,10.955,10.957,10.96,10.963,10.965,10.968,10.97,10.973,10.976,10.978,10.981,10.983,10.986,10.989,10.991,10.994,10.996,10.999,11.001,11.004,11.007,11.009,11.012,11.014,11.017,11.02,11.022,11.025,11.027,10.993,11.033,11.035,11.038,11.041,11.043,11.046,11.049,11.052,11.054,11.057,11.06,11.062
10.91,10.912,10.915,10.917,10.92,10.922,10.925,10.927,10.93,10.932,10.935,10.938,10.94,10.943,10.945,10.947,10.95,10.952,10.955,10.957,10.96,10.963,10.965,10.968,10.97,10.973,10.976,10.978,10.945,10.947,10.986,10.989,10.991,10.994,10.996,10.999,11.001,11.004,11.007,11.009,11.012,11.014,10.98,11.02,11.022,11.025,11.027,11.03,11.033,11.035,11.038,11.041,11.043,11.046,11.049,11.052,11.054,11.057,11.06,11.062
10.91,10.912,10.915,10.917,10.92,10.922,10.925,10.927,10.93,10.932,10.935,10.938,10.94,10.943,10.945,10.947,10.95,10.952,10.955,10.957,10.96,10.963,10.965,10.968,10.97,10.973,10.976,10.978,10.981,10.983,10.986,10.989,10.991,10.994,10.996,10.999,11.001,11.004,11.007,11.009,11.012,11.014,11.017,11.02,10.986,11.025,11.027,11.03,11.033,11.035,11.038,11.041,11.043,11.046,11.049,11.052,11.017,11.057,11.06,11.062
10.91,10.912,10.915,10.917,10.92,10.922,10.925,10.927,10.93,10.932,10.935,10.938,10.94,10.943,10.945,10.947,10.95,10.952,10.955,10.957,10.96,10.963,10.965,10.968,10.97,10.973,10.976,10.978,10.981,10.983,10.986,10.989,10.991,10.994,10.996,10.999,11.001,11.004,11.007,11.009,11.012,11.014,11.017,11.02,11.022,11.025,11.027,11.03,11.033,11.035,11.038,11.041,11.043,11.046,11.049,11.052,11.054,11.057,11.06,11.062
10.91,10.912,10.915,10.917,10.92,10.922,10.925,10.927,10.93,10.932,10.935,10.938,10.94,10.943,10.945,10.947,10.95,10.917,10.955,10.957,10.96,10.963,10.965,10.968,10.97,10.973,10.976,10.978,10.981,10.983,10.986,10.989,10.991,10.994,10.996,10.999,11.001,11.004,11.007,11.009,11.012,11.014,11.017,11.02,11.022,11.025,11.027,11.03,11.033,11.035,11.038,11.041,11.043,11.046,11.049,11.052,11.054,11.057,11.06,11.062
10.91,10.912,10.915,10.882,10.92,10.922,10.925,10.927,10.93,10.932,10.935,10.938,10.94,10.943,10.945,10.947,10.95,10.917,10.955,10.957,10.96,10.963,10.965,10.968,10.97,10.973,10.976,10.978,10.981,10.983,10.986,10.989,10.991,10.994,10.996,10.999,11.001,11.004,11.007,11.009,11.012,11.014,11.017,11.02,11.022,11.025,11.027,11.03,11.033,11.035,11.001,11.041,11.043,11.046,11.049,11.052,11.054,11.057,11.06,11.062
10.91,10.912,10.915,10.917,10.92,10.922,10.925,10.927,10.93,10.932,10.935,10.938,10.94,10.943,10.945,10.947,10.95,10.952,10.955,10.957,10.96,10.963,10.965,10.968,10.97,10.973,10.976,10.978,10.981,10.983,10.986,10.989,10.991,10.994,10.996,10.962,11.001,11.004,11.007,10.973,11.012,11.014,11.017,11.02,10.986,11.025,11.027,11.03,11.033,10.999,11.038,11.041,11.043,11.046,11.012,11.052,11.054,11.057,11.06,11.025
10.91,10.912,10.915,10.917,10.92,10.922,10.925,10.927,10.93,10.932,10.935,10.938,10.94,10.943,10.945,10.947,10.95,10.952,10.919,10.957,10.96,10.963,10.965,10.968,10.97,10.973,10.976,10.978,10.981,10.983,10.986,10.989,10.991,10.994,10.996,10.962,11.001,11.004,11.007,11.009,11.012,11.014,11.017,11.02,11.022,11.025,11.027,11.03,11.033,11.035,11.038,11.041,11.043,11.046,11.049,11.052,11.054,11.057,11.06,11.062
10.91,10.912,10.915,10.917,10.92,10.922,10.925,10.927,10.93,10.932,10.935,10.938,10.94,10.943,10.945,10.947,10.95,10.952,10.919,10.957,10.96,10.963,10.965,10.968,10.97,10.973,10.976,10.978,10.981,10.983,10.95,10.989,10.991,10.994,10.996,10.999,11.001,11.004,11.007,11.009,10.975,11.014,10.98,11.02,11.022,11.025,11.027,10.993,11.033,11.035,11.001,11.041,11.043,11.046,11.049,11.052,11.054,11.057,11.06,11.062
10.91,10.912,10.915,10.917,10.92,10.922,10.925,10.927,10.93,10.932,10.935,10.938,10.94,10.943,10.945,10.947,10.95,10.952,10.955,10.957,10.96,10.963,10.965,10.968,10.97,10.973,10.976,10.978,10.981,10.983,10.986,10.989,10.991,10.994,10.996,10.999,11.001,11.004,11.007,11.009,11.012,11.014,11.017,10.983,11.022,11.025,11.027,11.03,11.033,11.035,11.038,11.041,11.043,11.046,11.049,11.052,11.054,11.057,11.06,11.062
10.91,10.912,10.915,10.917,10.92,10.922,10.925,10.927,10.93,10.932,10.935,10.938,10.94,10.943,10.945,10.912,10.95,10.917,10.955,10.957,10.96,10.963,10.965,10.968,10.97,10.937,10.976,10.978,10.981,10.983,10.986,10.989,10.991,10.994,10.996,10.999,11.001,11.004,11.007,11.009,11.012,11.014,11.017,11.02,11.022,11.025,11.027,11.03,11.033,11.035,11.038,11.041,11.043,11.046,11.049,11.052,11.054,11.057,11.06,11.062
10.91,10.912,10.915,10.917,10.92,10.922,10.925,10.927,10.93,10.932,10.935,10.938,10.94,10.943,10.945,10.947,10.95,10.952,10.955,10.957,10.96,10.963,10.965,10.968,10.97,10.973,10.976,10.978,10.981,10.983,10.986,10.989,10.991,10.994,10.996,10.962,11.001,11.004,11.007,11.009,11.012,11.014,11.017,11.02,11.022,11.025,11.027,11.03,11.033,11.035,11.001,11.041,11.043,11.046,11.049,11.052,11.054,11.057,11.06,11.062
10.91,10.912,10.915,10.882,10.92,10.922,10.925,10.927,10.93,10.932,10.935,10.938,10.94,10.907,10.945,10.947,10.95,10.952,10.919,10.957,10.96,10.963,10.965,10.968,10.97,10.973,10.976,10.978,10.981,10.983,10.986,10.989,10.991,10.957,10.996,10.999,11.001,11.004,11.007,11.009,11.012,11.014,10.98,11.02,11.022,11.025,11.027,11.03,11.033,11.035,11.038,11.041,11.043,11.046,11.049,11.015,11.054,11.057,11.06,11.062
10.91,10.912,10.915,10.882,10.92,10.922,10.925,10.927,10.93,10.932,10.935,10.938,10.94,10.943,10.945,10.947,10.95,10.952,10.955,10.957,10.96,10.963,10.965,10.968,10.97,10.973,10.976,10.978,10.981,10.983,10.986,10.989,10.991,10.994,10.996,10.999,11.001,11.004,11.007,11.009,11.012,11.014,11.017,11.02,11.022,11.025,11.027,11.03,11.033,11.035,11.038,11.041,11.043,11.046,11.049,11.052,11.054,11.057,11.06,11.062
10.91,10.912,10.915,10.917,10.92,10.922,10.925,10.927,10.93,10.932,10.935,10.938,10.94,10.943,10.909,10.947,10.95,10.952,10.955,10.957,10.96,10.963,10.965,10.968,10.97,10.973,10.976,10.978,10.981,10.983,10.986,10.989,10.991,10.994,10.996,10.999,11.001,11.004,11.007,11.009,11.012,10.978,11.017,11.02,11.022,11.025,11.027,11.03,11.033,11.035,11.001,11.041,11.043,11.046,11.049,11.015,11.017,11.057,11.06,11.025
10.91,10.912,10.915,10.917,10.92,10.922,10.889,10.927,10.93,10.932,10.935,10.938,10.94,10.943,10.945,10.947,10.95,10.952,10.955,10.957,10.96,10.963,10.965,10.968,10.97,10.973,10.976,10.978,10.981,10.983,10.986,10.989,10.991,10.994,10.996,10.999,11.001,11.004,11.007,11.009,11.012,11.014,11.017,11.02,11.022,11.025,11.027,11.03,11.033,11.035,11.038,11.041,11.043,11.046,11.049,11.052,11.054,11.057,11.06,11.062
10.91,10.912,10.915,10.917,10.92,10.922,10.925,10.927,10.93,10.932,10.935,10.938,10.94,10.943,10.945,10.947,10.95,10.952,10.955,10.957,10.96,10.963,10.965,10.968,10.97,10.973,10.976,10.978,10.981,10.983,10.986,10.989,10.991,10.994,10.996,10.999,11.001,11.004,11.007,11.009,11.012,11.014,11.017,11.02,11.022,11.025,11.027,11.03,11.033,11.035,11.038,11.041,11.043,11.046,11.049,11.052,11.054,11.057,11.06,11.062
10.91,10.912,10.915,10.917,10.92,10.922,10.925,10.927,10.93,10.932,10.935,10.938,10.94,10.943,10.945,10.912,10.95,10.952,10.955,10.957,10.96,10.963,10.965,10.968,10.97,10.973,10.976,10.978,10.981,10.983,10.986,10.989,10.991,10.994,10.996,10.999,11.001,11.004,11.007,11.009,11.012,11.014,11.017,11.02,11.022,11.025,11.027,11.03,11.033,11.035,11.038,11.041,11.043,11.046,11.049,11.052,11.054,11.057,11.06,11.062
