0.6,0.59661,0.59322,0.58983,0.58644,0.58305,0.57966,0.57627,0.57288,0.56949,0.5661,0.56271,0.55932,0.55593,0.55254,0.54915,0.54576,0.54237,0.53898,0.53559,0.5322,0.52881,0.52542,0.52203,0.51864,0.51525,0.51186,0.50847,0.50508,0.50169,0.49831,0.49492,0.49153,0.48814,0.48475,0.48136,0.47797,0.47458,0.47119,0.4678,0.46441,0.46102,0.45763,0.45424,0.45085,0.44746,0.44407,0.44068,0.43729,0.4339,0.43051,0.42712,0.42373,0.42034,0.41695,0.41356,0.41017,0.40678,0.40339,0.4
12,16.068,20.136,24.203,28.271,32.339,36.407,40.475,44.542,48.61,52.678,56.746,60.814,64.881,68.949,73.017,77.085,81.153,85.22,89.288,93.356,97.424,101.49,105.56,109.63,113.69,117.76,121.83,125.9,129.97,134.03,138.1,142.17,146.24,150.31,154.37,158.44,162.51,166.58,170.64,174.71,178.78,182.85,186.92,190.98,195.05,199.12,203.19,207.25,211.32,215.39,219.46,223.53,227.59,231.66,235.73,239.8,243.86,247.93,252
506.49,505.76,505.17,504.68,504.29,503.96,503.71,503.51,503.35,503.25,503.19,503.15,503.16,503.2,503.26,503.35,503.46,503.6,503.75,503.93,504.13,504.34,504.57,504.81,505.08,505.36,505.64,505.95,506.25,506.58,506.92,507.27,507.63,508,508.37,508.76,509.17,509.57,509.99,510.41,510.84,511.27,511.71,512.18,512.65,513.11,513.59,514.07,514.55,515.05,515.57,516.08,516.59,517.11,517.65,518.18,518.71,519.26,519.83,520.39
506.49,505.76,505.17,504.68,504.29,503.96,503.71,503.51,503.35,503.25,503.19,503.15,503.16,503.2,503.26,503.35,503.46,503.6,503.75,503.93,504.13,504.34,504.57,504.81,505.08,505.36,505.64,505.95,506.25,506.58,506.92,507.27,507.63,508,508.37,508.76,509.17,509.57,509.99,510.41,510.84,511.27,511.71,512.18,512.65,513.11,513.59,514.07,514.55,515.05,515.57,516.08,516.59,517.11,517.65,518.18,518.71,519.26,519.83,520.39
506.49,505.76,505.17,504.68,504.29,503.96,503.71,503.51,503.35,503.25,503.19,503.15,503.16,503.2,503.26,503.35,503.46,503.6,503.75,503.93,504.13,504.34,504.57,504.81,505.08,505.36,505.64,505.95,506.25,506.58,506.92,507.27,507.63,508,508.37,508.76,509.17,509.57,509.99,510.41,510.84,511.27,511.71,512.18,512.65,513.11,513.59,514.07,514.55,515.05,515.57,516.08,516.59,517.11,517.65,518.18,518.71,519.26,519.83,520.39
506.49,505.76,505.17,504.68,504.29,503.96,503.71,503.51,503.35,503.25,503.19,503.15,503.16,503.2,503.26,503.35,503.46,503.6,503.75,503.93,504.13,504.34,504.57,504.81,505.08,505.36,505.64,505.95,506.25,506.58,506.92,507.27,507.63,508,508.37,508.76,509.17,509.57,509.99,510.41,510.84,511.27,511.71,512.18,512.65,513.11,513.59,514.07,514.55,515.05,515.57,516.08,516.59,517.11,517.65,518.18,518.71,519.26,519.83,520.39
506.49,505.76,505.17,504.68,504.29,503.96,503.71,503.51,503.35,503.25,503.19,503.15,503.16,503.2,503.26,503.35,503.46,503.6,503.75,503.93,504.13,504.34,504.57,504.81,505.08,505.36,505.64,505.95,506.25,506.58,506.92,507.27,507.63,508,508.37,508.76,509.17,509.57,509.99,510.41,510.84,511.27,511.71,512.18,512.65,513.11,513.59,514.07,514.55,515.05,515.57,516.08,516.59,517.11,517.65,518.18,518.71,519.26,519.83,520.39
506.49,505.76,505.17,504.68,504.29,503.96,503.71,503.51,503.35,503.25,503.19,503.15,503.16,503.2,503.26,503.35,503.46,503.6,503.75,503.93,504.13,504.34,504.57,504.81,505.08,505.36,505.64,505.95,506.25,506.58,506.92,507.27,507.63,508,508.37,508.76,509.17,509.57,509.99,510.41,510.84,511.27,511.71,512.18,512.65,513.11,513.59,514.07,514.55,515.05,515.57,516.08,516.59,517.11,517.65,518.18,518.71,519.26,519.83,520.39
506.49,505.76,505.17,504.68,504.29,503.96,503.71,503.51,503.35,503.25,503.19,503.15,503.16,503.2,503.26,503.35,503.46,503.6,503.75,503.93,504.13,504.34,504.57,504.81,505.08,505.36,505.64,505.95,506.25,506.58,506.92,507.27,507.63,508,508.37,508.76,509.17,509.57,509.99,510.41,510.84,511.27,511.71,512.18,512.65,513.11,513.59,514.07,514.55,515.05,515.57,516.08,516.59,517.11,517.65,518.18,518.71,519.26,519.83,520.39
506.49,505.76,505.17,504.68,504.29,503.96,503.71,503.51,503.35,503.25,503.19,503.15,503.16,503.2,503.26,503.35,503.46,503.6,503.75,503.93,504.13,504.34,504.57,504.81,505.08,505.36,505.64,505.95,506.25,506.58,506.92,507.27,507.63,508,508.37,508.76,509.17,509.57,509.99,510.41,510.84,511.27,511.71,512.18,512.65,513.11,513.59,514.07,514.55,515.05,515.57,516.08,516.59,517.11,517.65,518.18,518.71,519.26,519.83,520.39
506.49,505.76,505.17,504.68,504.29,503.96,503.71,503.51,503.35,503.25,503.19,503.15,503.16,503.2,503.26,503.35,503.46,503.6,503.75,503.93,504.13,504.34,504.57,504.81,505.08,505.36,505.64,505.95,506.25,506.58,506.92,507.27,507.63,508,508.37,508.76,509.17,509.57,509.99,510.41,510.84,511.27,511.71,512.18,512.65,513.11,513.59,514.07,514.55,515.05,515.57,516.08,516.59,517.11,517.65,518.18,518.71,519.26,519.83,520.39
506.49,505.76,505.17,504.68,504.29,503.96,503.71,503.51,503.35,503.25,503.19,503.15,503.16,503.2,503.26,503.35,503.46,503.6,503.75,503.93,504.13,504.34,504.57,504.81,505.08,505.36,505.64,505.95,506.25,506.58,506.92,507.27,507.63,508,508.37,508.76,509.17,509.57,509.99,510.41,510.84,511.27,511.71,512.18,512.65,513.11,513.59,514.07,514.55,515.05,515.57,516.08,516.59,517.11,517.65,518.18,518.71,519.26,519.83,520.39
506.49,505.76,505.17,504.68,504.29,503.96,503.71,503.51,503.35,503.25,503.19,503.15,503.16,503.2,503.26,503.35,503.46,503.6,503.75,503.93,504.13,504.34,504.57,504.81,505.08,505.36,505.64,505.95,506.25,506.58,506.92,507.27,507.63,508,508.37,508.76,509.17,509.57,509.99,510.41,510.84,511.27,511.71,512.18,512.65,513.11,513.59,514.07,514.55,515.05,515.57,516.08,516.59,517.11,517.65,518.18,518.71,519.26,519.83,520.39
506.49,505.76,505.17,504.68,504.29,503.96,503.71,503.51,503.35,503.25,503.19,503.15,503.16,503.2,503.26,503.35,503.46,503.6,503.75,503.93,504.13,504.34,504.57,504.81,505.08,505.36,505.64,505.95,506.25,506.58,506.92,507.27,507.63,508,508.37,508.76,509.17,509.57,509.99,510.41,510.84,511.27,511.71,512.18,512.65,513.11,513.59,514.07,514.55,515.05,515.57,516.08,516.59,517.11,517.65,518.18,518.71,519.26,519.83,520.39
506.49,505.76,505.17,504.68,504.29,503.96,503.71,503.51,503.35,503.25,503.19,503.15,503.16,503.2,503.26,503.35,503.46,503.6,503.75,503.93,504.13,504.34,504.57,504.81,505.08,505.36,505.64,505.95,506.25,506.58,506.92,507.27,507.63,508,508.37,508.76,509.17,509.57,509.99,510.41,510.84,511.27,511.71,512.18,512.65,513.11,513.59,514.07,514.55,515.05,515.57,516.08,516.59,517.11,517.65,518.18,518.71,519.26,519.83,520.39
506.49,505.76,505.17,504.68,504.29,503.96,503.71,503.51,503.35,503.25,503.19,503.15,503.16,503.2,503.26,503.35,503.46,503.6,503.75,503.93,504.13,504.34,504.57,504.81,505.08,505.36,505.64,505.95,506.25,506.58,506.92,507.27,507.63,508,508.37,508.76,509.17,509.57,509.99,510.41,510.84,511.27,511.71,512.18,512.65,513.11,513.59,514.07,514.55,515.05,515.57,516.08,516.59,517.11,517.65,518.18,518.71,519.26,519.83,520.39
506.49,505.76,505.17,504.68,504.29,503.96,503.71,503.51,503.35,503.25,503.19,503.15,503.16,503.2,503.26,503.35,503.46,503.6,503.75,503.93,504.13,504.34,504.57,504.81,505.08,505.36,505.64,505.95,506.25,506.58,506.92,507.27,507.63,508,508.37,508.76,509.17,509.57,509.99,510.41,510.84,511.27,511.71,512.18,512.65,513.11,513.59,514.07,514.55,515.05,515.57,516.08,516.59,517.11,517.65,518.18,518.71,519.26,519.83,520.39
506.49,505.76,505.17,504.68,504.29,503.96,503.71,503.51,503.35,503.25,503.19,503.15,503.16,503.2,503.26,503.35,503.46,503.6,503.75,503.93,504.13,504.34,504.57,504.81,505.08,505.36,505.64,505.95,506.25,506.58,506.92,507.27,507.63,508,508.37,508.76,509.17,509.57,509.99,510.41,510.84,511.27,511.71,512.18,512.65,513.11,513.59,514.07,514.55,515.05,515.57,516.08,516.59,517.11,517.65,518.18,518.71,519.26,519.83,520.39
506.49,505.76,505.17,504.68,504.29,503.96,503.71,503.51,503.35,503.25,503.19,503.15,503.16,503.2,503.26,503.35,503.46,503.6,503.75,503.93,504.13,504.34,504.57,504.81,505.08,505.36,505.64,505.95,506.25,506.58,506.92,507.27,507.63,508,508.37,508.76,509.17,509.57,509.99,510.41,510.84,511.27,511.71,512.18,512.65,513.11,513.59,514.07,514.55,515.05,515.57,516.08,516.59,517.11,517.65,518.18,518.71,519.26,519.83,520.39
506.49,505.76,505.17,504.68,504.29,503.96,503.71,503.51,503.35,503.25,503.19,503.15,503.16,503.2,503.26,503.35,503.46,503.6,503.75,503.93,504.13,504.34,504.57,504.81,505.08,505.36,505.64,505.95,506.25,506.58,506.92,507.27,507.63,508,508.37,508.76,509.17,509.57,509.99,510.41,510.84,511.27,511.71,512.18,512.65,513.11,513.59,514.07,514.55,515.05,515.57,516.08,516.59,517.11,517.65,518.18,518.71,519.26,519.83,520.39
506.49,505.76,505.17,504.68,504.29,503.96,503.71,503.51,503.35,503.25,503.19,503.15,503.16,503.2,503.26,503.35,503.46,503.6,503.75,503.93,504.13,504.34,504.57,504.81,505.08,505.36,505.64,505.95,506.25,506.58,506.92,507.27,507.63,508,508.37,508.76,509.17,509.57,509.99,510.41,510.84,511.27,511.71,512.18,512.65,513.11,513.59,514.07,514.55,515.05,515.57,516.08,516.59,517.11,517.65,518.18,518.71,519.26,519.83,520.39
506.49,505.76,505.17,504.68,504.29,503.96,503.71,503.51,503.35,503.25,503.19,503.15,503.16,503.2,503.26,503.35,503.46,503.6,503.75,503.93,504.13,504.34,504.57,504.81,505.08,505.36,505.64,505.95,506.25,506.58,506.92,507.27,507.63,508,508.37,508.76,509.17,509.57,509.99,510.41,510.84,511.27,511.71,512.18,512.65,513.11,513.59,514.07,514.55,515.05,515.57,516.08,516.59,517.11,517.65,518.18,518.71,519.26,519.83,520.39
506.49,505.76,505.17,504.68,504.29,503.96,503.71,503.51,503.35,503.25,503.19,503.15,503.16,503.2,503.26,503.35,503.46,503.6,503.75,503.93,504.13,504.34,504.57,504.81,505.08,505.36,505.64,505.95,506.25,506.58,506.92,507.27,507.63,508,508.37,508.76,509.17,509.57,509.99,510.41,510.84,511.27,511.71,512.18,512.65,513.11,513.59,514.07,514.55,515.05,515.57,516.08,516.59,517.11,517.65,518.18,518.71,519.26,519.83,520.39
506.49,505.76,505.17,504.68,504.29,503.96,503.71,503.51,503.35,503.25,503.19,503.15,503.16,503.2,503.26,503.35,503.46,503.6,503.75,503.93,504.13,504.34,504.57,504.81,505.08,505.36,505.64,505.95,506.25,506.58,506.92,507.27,507.63,508,508.37,508.76,509.17,509.57,509.99,510.41,510.84,511.27,511.71,512.18,512.65,513.11,513.59,514.07,514.55,515.05,515.57,516.08,516.59,517.11,517.65,518.18,518.71,519.26,519.83,520.39
506.49,505.76,505.17,504.68,504.29,503.96,503.71,503.51,503.35,503.25,503.19,503.15,503.16,503.2,503.26,503.35,503.46,503.6,503.75,503.93,504.13,504.34,504.57,504.81,505.08,505.36,505.64,505.95,506.25,506.58,506.92,507.27,507.63,508,508.37,508.76,509.17,509.57,509.99,510.41,510.84,511.27,511.71,512.18,512.65,513.11,513.59,514.07,514.55,515.05,515.57,516.08,516.59,517.11,517.65,518.18,518.71,519.26,519.83,520.39
506.49,505.76,505.17,504.68,504.29,503.96,503.71,503.51,503.35,503.25,503.19,503.15,503.16,503.2,503.26,503.35,503.46,503.6,503.75,503.93,504.13,504.34,504.57,504.81,505.08,505.36,505.64,505.95,506.25,506.58,506.92,507.27,507.63,508,508.37,508.76,509.17,509.57,509.99,510.41,510.84,511.27,511.71,512.18,512.65,513.11,513.59,514.07,514.55,515.05,515.57,516.08,516.59,517.11,517.65,518.18,518.71,519.26,519.83,520.39
506.49,505.76,505.17,504.68,504.29,503.96,503.71,503.51,503.35,503.25,503.19,503.15,503.16,503.2,503.26,503.35,503.46,503.6,503.75,503.93,504.13,504.34,504.57,504.81,505.08,505.36,505.64,505.95,506.25,506.58,506.92,507.27,507.63,508,508.37,508.76,509.17,509.57,509.99,510.41,510.84,511.27,511.71,512.18,512.65,513.11,513.59,514.07,514.55,515.05,515.57,516.08,516.59,517.11,517.65,518.18,518.71,519.26,519.83,520.39
506.49,505.76,505.17,504.68,504.29,503.96,503.71,503.51,503.35,503.25,503.19,503.15,503.16,503.2,503.26,503.35,503.46,503.6,503.75,503.93,504.13,504.34,504.57,504.81,505.08,505.36,505.64,505.95,506.25,506.58,506.92,507.27,507.63,508,508.37,508.76,509.17,509.57,509.99,510.41,510.84,511.27,511.71,512.18,512.65,513.11,513.59,514.07,514.55,515.05,515.57,516.08,516.59,517.11,517.65,518.18,518.71,519.26,519.83,520.39
506.49,505.76,505.17,504.68,504.29,503.96,503.71,503.51,503.35,503.25,503.19,503.15,503.16,503.2,503.26,503.35,503.46,503.6,503.75,503.93,504.13,504.34,504.57,504.81,505.08,505.36,505.64,505.95,506.25,506.58,506.92,507.27,507.63,508,508.37,508.76,509.17,509.57,509.99,510.41,510.84,511.27,511.71,512.18,512.65,513.11,513.59,514.07,514.55,515.05,515.57,516.08,516.59,517.11,517.65,518.18,518.71,519.26,519.83,520.39
506.49,505.76,505.17,504.68,504.29,503.96,503.71,503.51,503.35,503.25,503.19,503.15,503.16,503.2,503.26,503.35,503.46,503.6,503.75,503.93,504.13,504.34,504.57,504.81,505.08,505.36,505.64,505.95,506.25,506.58,506.92,507.27,507.63,508,508.37,508.76,509.17,509.57,509.99,510.41,510.84,511.27,511.71,512.18,512.65,513.11,513.59,514.07,514.55,515.05,515.57,516.08,516.59,517.11,517.65,518.18,518.71,519.26,519.83,520.39
506.49,505.76,505.17,504.68,504.29,503.96,503.71,503.51,503.35,503.25,503.19,503.15,503.16,503.2,503.26,503.35,503.46,503.6,503.75,503.93,504.13,504.34,504.57,504.81,505.08,505.36,505.64,505.95,506.25,506.58,506.92,507.27,507.63,508,508.37,508.76,509.17,509.57,509.99,510.41,510.84,511.27,511.71,512.18,512.65,513.11,513.59,514.07,514.55,515.05,515.57,516.08,516.59,517.11,517.65,518.18,518.71,519.26,519.83,520.39
506.49,505.76,505.17,504.68,504.29,503.96,503.71,503.51,503.35,503.25,503.19,503.15,503.16,503.2,503.26,503.35,503.46,503.6,503.75,503.93,504.13,504.34,504.57,504.81,505.08,505.36,505.64,505.95,506.25,506.58,506.92,507.27,507.63,508,508.37,508.76,509.17,509.57,509.99,510.41,510.84,511.27,511.71,512.18,512.65,513.11,513.59,514.07,514.55,515.05,515.57,516.08,516.59,517.11,517.65,518.18,518.71,519.26,519.83,520.39
506.49,505.76,505.17,504.68,504.29,503.96,503.71,503.51,503.35,503.25,503.19,503.15,503.16,503.2,503.26,503.35,503.46,503.6,503.75,503.93,504.13,504.34,504.57,504.81,505.08,505.36,505.64,505.95,506.25,506.58,506.92,507.27,507.63,508,508.37,508.76,509.17,509.57,509.99,510.41,510.84,511.27,511.71,512.18,512.65,513.11,513.59,514.07,514.55,515.05,515.57,516.08,516.59,517.11,517.65,518.18,518.71,519.26,519.83,520.39
506.49,505.76,505.17,504.68,504.29,503.96,503.71,503.51,503.35,503.25,503.19,503.15,503.16,503.2,503.26,503.35,503.46,503.6,503.75,503.93,504.13,504.34,504.57,504.81,505.08,505.36,505.64,505.95,506.25,506.58,506.92,507.27,507.63,508,508.37,508.76,509.17,509.57,509.99,510.41,510.84,511.27,511.71,512.18,512.65,513.11,513.59,514.07,514.55,515.05,515.57,516.08,516.59,517.11,517.65,518.18,518.71,519.26,519.83,520.39
506.49,505.76,505.17,504.68,504.29,503.96,503.71,503.51,503.35,503.25,503.19,503.15,503.16,503.2,503.26,503.35,503.46,503.6,503.75,503.93,504.13,504.34,504.57,504.81,505.08,505.36,505.64,505.95,506.25,506.58,506.92,507.27,507.63,508,508.37,508.76,509.17,509.57,509.99,510.41,510.84,511.27,511.71,512.18,512.65,513.11,513.59,514.07,514.55,515.05,515.57,516.08,516.59,517.11,517.65,518.18,518.71,519.26,519.83,520.39
506.49,505.76,505.17,504.68,504.29,503.96,503.71,503.51,503.35,503.25,503.19,503.15,503.16,503.2,503.26,503.35,503.46,503.6,503.75,503.93,504.13,504.34,504.57,504.81,505.08,505.36,505.64,505.95,506.25,506.58,506.92,507.27,507.63,508,508.37,508.76,509.17,509.57,509.99,510.41,510.84,511.27,511.71,512.18,512.65,513.11,513.59,514.07,514.55,515.05,515.57,516.08,516.59,517.11,517.65,518.18,518.71,519.26,519.83,520.39
506.49,505.76,505.17,504.68,504.29,503.96,503.71,503.51,503.35,503.25,503.19,503.15,503.16,503.2,503.26,503.35,503.46,503.6,503.75,503.93,504.13,504.34,504.57,504.81,505.08,505.36,505.64,505.95,506.25,506.58,506.92,507.27,507.63,508,508.37,508.76,509.17,509.57,509.99,510.41,510.84,511.27,511.71,512.18,512.65,513.11,513.59,514.07,514.55,515.05,515.57,516.08,516.59,517.11,517.65,518.18,518.71,519.26,519.83,520.39
506.49,505.76,505.17,504.68,504.29,503.96,503.71,503.51,503.35,503.25,503.19,503.15,503.16,503.2,503.26,503.35,503.46,503.6,503.75,503.93,504.13,504.34,504.57,504.81,505.08,505.36,505.64,505.95,506.25,506.58,506.92,507.27,507.63,508,508.37,508.76,509.17,509.57,509.99,510.41,510.84,511.27,511.71,512.18,512.65,513.11,513.59,514.07,514.55,515.05,515.57,516.08,516.59,517.11,517.65,518.18,518.71,519.26,519.83,520.39
506.49,505.76,505.17,504.68,504.29,503.96,503.71,503.51,503.35,503.25,503.19,503.15,503.16,503.2,503.26,503.35,503.46,503.6,503.75,503.93,504.13,504.34,504.57,504.81,505.08,505.36,505.64,505.95,506.25,506.58,506.92,507.27,507.63,508,508.37,508.76,509.17,509.57,509.99,510.41,510.84,511.27,511.71,512.18,512.65,513.11,513.59,514.07,514.55,515.05,515.57,516.08,516.59,517.11,517.65,518.18,518.71,519.26,519.83,520.39
506.49,505.76,505.17,504.68,504.29,503.96,503.71,503.51,503.35,503.25,503.19,503.15,503.16,503.2,503.26,503.35,503.46,503.6,503.75,503.93,504.13,504.34,504.57,504.81,505.08,505.36,505.64,505.95,506.25,506.58,506.92,507.27,507.63,508,508.37,508.76,509.17,509.57,509.99,510.41,510.84,511.27,511.71,512.18,512.65,513.11,513.59,514.07,514.55,515.05,515.57,516.08,516.59,517.11,517.65,518.18,518.71,519.26,519.83,520.39
506.49,505.76,505.17,504.68,504.29,503.96,503.71,503.51,503.35,503.25,503.19,503.15,503.16,503.2,503.26,503.35,503.46,503.6,503.75,503.93,504.13,504.34,504.57,504.81,505.08,505.36,505.64,505.95,506.25,506.58,506.92,507.27,507.63,508,508.37,508.76,509.17,509.57,509.99,510.41,510.84,511.27,511.71,512.18,512.65,513.11,513.59,514.07,514.55,515.05,515.57,516.08,516.59,517.11,517.65,518.18,518.71,519.26,519.83,520.39
506.49,505.76,505.17,504.68,504.29,503.96,503.71,503.51,503.35,503.25,503.19,503.15,503.16,503.2,503.26,503.35,503.46,503.6,503.75,503.93,504.13,504.34,504.57,504.81,505.08,505.36,505.64,505.95,506.25,506.58,506.92,507.27,507.63,508,508.37,508.76,509.17,509.57,509.99,510.41,510.84,511.27,511.71,512.18,512.65,513.11,513.59,514.07,514.55,515.05,515.57,516.08,516.59,517.11,517.65,518.18,518.71,519.26,519.83,520.39
506.49,505.76,505.17,504.68,504.29,503.96,503.71,503.51,503.35,503.25,503.19,503.15,503.16,503.2,503.26,503.35,503.46,503.6,503.75,503.93,504.13,504.34,504.57,504.81,505.08,505.36,505.64,505.95,506.25,506.58,506.92,507.27,507.63,508,508.37,508.76,509.17,509.57,509.99,510.41,510.84,511.27,511.71,512.18,512.65,513.11,513.59,514.07,514.55,515.05,515.57,516.08,516.59,517.11,517.65,518.18,518.71,519.26,519.83,520.39
506.49,505.76,505.17,504.68,504.29,503.96,503.71,503.51,503.35,503.25,503.19,503.15,503.16,503.2,503.26,503.35,503.46,503.6,503.75,503.93,504.13,504.34,504.57,504.81,505.08,505.36,505.64,505.95,506.25,506.58,506.92,507.27,507.63,508,508.37,508.76,509.17,509.57,509.99,510.41,510.84,511.27,511.71,512.18,512.65,513.11,513.59,514.07,514.55,515.05,515.57,516.08,516.59,517.11,517.65,518.18,518.71,519.26,519.83,520.39
506.49,505.76,505.17,504.68,504.29,503.96,503.71,503.51,503.35,503.25,503.19,503.15,503.16,503.2,503.26,503.35,503.46,503.6,503.75,503.93,504.13,504.34,504.57,504.81,505.08,505.36,505.64,505.95,506.25,506.58,506.92,507.27,507.63,508,508.37,508.76,509.17,509.57,509.99,510.41,510.84,511.27,511.71,512.18,512.65,513.11,513.59,514.07,514.55,515.05,515.57,516.08,516.59,517.11,517.65,518.18,518.71,519.26,519.83,520.39
506.49,505.76,505.17,504.68,504.29,503.96,503.71,503.51,503.35,503.25,503.19,503.15,503.16,503.2,503.26,503.35,503.46,503.6,503.75,503.93,504.13,504.34,504.57,504.81,505.08,505.36,505.64,505.95,506.25,506.58,506.92,507.27,507.63,508,508.37,508.76,509.17,509.57,509.99,510.41,510.84,511.27,511.71,512.18,512.65,513.11,513.59,514.07,514.55,515.05,515.57,516.08,516.59,517.11,517.65,518.18,518.71,519.26,519.83,520.39
506.49,505.76,505.17,504.68,504.29,503.96,503.71,503.51,503.35,503.25,503.19,503.15,503.16,503.2,503.26,503.35,503.46,503.6,503.75,503.93,504.13,504.34,504.57,504.81,505.08,505.36,505.64,505.95,506.25,506.58,506.92,507.27,507.63,508,508.37,508.76,509.17,509.57,509.99,510.41,510.84,511.27,511.71,512.18,512.65,513.11,513.59,514.07,514.55,515.05,515.57,516.08,516.59,517.11,517.65,518.18,518.71,519.26,519.83,520.39
506.49,505.76,505.17,504.68,504.29,503.96,503.71,503.51,503.35,503.25,503.19,503.15,503.16,503.2,503.26,503.35,503.46,503.6,503.75,503.93,504.13,504.34,504.57,504.81,505.08,505.36,505.64,505.95,506.25,506.58,506.92,507.27,507.63,508,508.37,508.76,509.17,509.57,509.99,510.41,510.84,511.27,511.71,512.18,512.65,513.11,513.59,514.07,514.55,515.05,515.57,516.08,516.59,517.11,517.65,518.18,518.71,519.26,519.83,520.39
506.49,505.76,505.17,504.68,504.29,503.96,503.71,503.51,503.35,503.25,503.19,503.15,503.16,503.2,503.26,503.35,503.46,503.6,503.75,503.93,504.13,504.34,504.57,504.81,505.08,505.36,505.64,505.95,506.25,506.58,506.92,507.27,507.63,508,508.37,508.76,509.17,509.57,509.99,510.41,510.84,511.27,511.71,512.18,512.65,513.11,513.59,514.07,514.55,515.05,515.57,516.08,516.59,517.11,517.65,518.18,518.71,519.26,519.83,520.39
506.49,505.76,505.17,504.68,504.29,503.96,503.71,503.51,503.35,503.25,503.19,503.15,503.16,503.2,503.26,503.35,503.46,503.6,503.75,503.93,504.13,504.34,504.57,504.81,505.08,505.36,505.64,505.95,506.25,506.58,506.92,507.27,507.63,508,508.37,508.76,509.17,509.57,509.99,510.41,510.84,511.27,511.71,512.18,512.65,513.11,513.59,514.07,514.55,515.05,515.57,516.08,516.59,517.11,517.65,518.18,518.71,519.26,519.83,520.39
506.49,505.76,505.17,504.68,504.29,503.96,503.71,503.51,503.35,503.25,503.19,503.15,503.16,503.2,503.26,503.35,503.46,503.6,503.75,503.93,504.13,504.34,504.57,504.81,505.08,505.36,505.64,505.95,506.25,506.58,506.92,507.27,507.63,508,508.37,508.76,509.17,509.57,509.99,510.41,510.84,511.27,511.71,512.18,512.65,513.11,513.59,514.07,514.55,515.05,515.57,516.08,516.59,517.11,517.65,518.18,518.71,519.26,519.83,520.39
506.49,505.76,505.17,504.68,504.29,503.96,503.71,503.51,503.35,503.25,503.19,503.15,503.16,503.2,503.26,503.35,503.46,503.6,503.75,503.93,504.13,504.34,504.57,504.81,505.08,505.36,505.64,505.95,506.25,506.58,506.92,507.27,507.63,508,508.37,508.76,509.17,509.57,509.99,510.41,510.84,511.27,511.71,512.18,512.65,513.11,513.59,514.07,514.55,515.05,515.57,516.08,516.59,517.11,517.65,518.18,518.71,519.26,519.83,520.39
506.49,505.76,505.17,504.68,504.29,503.96,503.71,503.51,503.35,503.25,503.19,503.15,503.16,503.2,503.26,503.35,503.46,503.6,503.75,503.93,504.13,504.34,504.57,504.81,505.08,505.36,505.64,505.95,506.25,506.58,506.92,507.27,507.63,508,508.37,508.76,509.17,509.57,509.99,510.41,510.84,511.27,511.71,512.18,512.65,513.11,513.59,514.07,514.55,515.05,515.57,516.08,516.59,517.11,517.65,518.18,518.71,519.26,519.83,520.39
506.49,505.76,505.17,504.68,504.29,503.96,503.71,503.51,503.35,503.25,503.19,503.15,503.16,503.2,503.26,503.35,503.46,503.6,503.75,503.93,504.13,504.34,504.57,504.81,505.08,505.36,505.64,505.95,506.25,506.58,506.92,507.27,507.63,508,508.37,508.76,509.17,509.57,509.99,510.41,510.84,511.27,511.71,512.18,512.65,513.11,513.59,514.07,514.55,515.05,515.57,516.08,516.59,517.11,517.65,518.18,518.71,519.26,519.83,520.39
506.49,505.76,505.17,504.68,504.29,503.96,503.71,503.51,503.35,503.25,503.19,503.15,503.16,503.2,503.26,503.35,503.46,503.6,503.75,503.93,504.13,504.34,504.57,504.81,505.08,505.36,505.64,505.95,506.25,506.58,506.92,507.27,507.63,508,508.37,508.76,509.17,509.57,509.99,510.41,510.84,511.27,511.71,512.18,512.65,513.11,513.59,514.07,514.55,515.05,515.57,516.08,516.59,517.11,517.65,518.18,518.71,519.26,519.83,520.39
506.49,505.76,505.17,504.68,504.29,503.96,503.71,503.51,503.35,503.25,503.19,503.15,503.16,503.2,503.26,503.35,503.46,503.6,503.75,503.93,504.13,504.34,504.57,504.81,505.08,505.36,505.64,505.95,506.25,506.58,506.92,507.27,507.63,508,508.37,508.76,509.17,509.57,509.99,510.41,510.84,511.27,511.71,512.18,512.65,513.11,513.59,514.07,514.55,515.05,515.57,516.08,516.59,517.11,517.65,518.18,518.71,519.26,519.83,520.39
506.49,505.76,505.17,504.68,504.29,503.96,503.71,503.51,503.35,503.25,503.19,503.15,503.16,503.2,503.26,503.35,503.46,503.6,503.75,503.93,504.13,504.34,504.57,504.81,505.08,505.36,505.64,505.95,506.25,506.58,506.92,507.27,507.63,508,508.37,508.76,509.17,509.57,509.99,510.41,510.84,511.27,511.71,512.18,512.65,513.11,513.59,514.07,514.55,515.05,515.57,516.08,516.59,517.11,517.65,518.18,518.71,519.26,519.83,520.39
506.49,505.76,505.17,504.68,504.29,503.96,503.71,503.51,503.35,503.25,503.19,503.15,503.16,503.2,503.26,503.35,503.46,503.6,503.75,503.93,504.13,504.34,504.57,504.81,505.08,505.36,505.64,505.95,506.25,506.58,506.92,507.27,507.63,508,508.37,508.76,509.17,509.57,509.99,510.41,510.84,511.27,511.71,512.18,512.65,513.11,513.59,514.07,514.55,515.05,515.57,516.08,516.59,517.11,517.65,518.18,518.71,519.26,519.83,520.39
506.49,505.76,505.17,504.68,504.29,503.96,503.71,503.51,503.35,503.25,503.19,503.15,503.16,503.2,503.26,503.35,503.46,503.6,503.75,503.93,504.13,504.34,504.57,504.81,505.08,505.36,505.64,505.95,506.25,506.58,506.92,507.27,507.63,508,508.37,508.76,509.17,509.57,509.99,510.41,510.84,511.27,511.71,512.18,512.65,513.11,513.59,514.07,514.55,515.05,515.57,516.08,516.59,517.11,517.65,518.18,518.71,519.26,519.83,520.39
506.49,505.76,505.17,504.68,504.29,503.96,503.71,503.51,503.35,503.25,503.19,503.15,503.16,503.2,503.26,503.35,503.46,503.6,503.75,503.93,504.13,504.34,504.57,504.81,505.08,505.36,505.64,505.95,506.25,506.58,506.92,507.27,507.63,508,508.37,508.76,509.17,509.57,509.99,510.41,510.84,511.27,511.71,512.18,512.65,513.11,513.59,514.07,514.55,515.05,515.57,516.08,516.59,517.11,517.65,518.18,518.71,519.26,519.83,520.39
506.49,505.76,505.17,504.68,504.29,503.96,503.71,503.51,503.35,503.25,503.19,503.15,503.16,503.2,503.26,503.35,503.46,503.6,503.75,503.93,504.13,504.34,504.57,504.81,505.08,505.36,505.64,505.95,506.25,506.58,506.92,507.27,507.63,508,508.37,508.76,509.17,509.57,509.99,510.41,510.84,511.27,511.71,512.18,512.65,513.11,513.59,514.07,514.55,515.05,515.57,516.08,516.59,517.11,517.65,518.18,518.71,519.26,519.83,520.39
506.49,505.76,505.17,504.68,504.29,503.96,503.71,503.51,503.35,503.25,503.19,503.15,503.16,503.2,503.26,503.35,503.46,503.6,503.75,503.93,504.13,504.34,504.57,504.81,505.08,505.36,505.64,505.95,506.25,506.58,506.92,507.27,507.63,508,508.37,508.76,509.17,509.57,509.99,510.41,510.84,511.27,511.71,512.18,512.65,513.11,513.59,514.07,514.55,515.05,515.57,516.08,516.59,517.11,517.65,518.18,518.71,519.26,519.83,520.39
12.773,11.941,11.292,10.757,10.301,9.9046,9.5173,9.2371,8.9501,8.6873,8.4449,8.2199,8.0099,7.813,7.6277,7.4527,7.2871,7.1297,6.9799,6.837,6.7002,6.5691,6.4433,6.3224,6.206,6.0938,5.9855,5.8809,5.7796,5.6815,5.5864,5.4941,5.4045,5.3173,5.2325,5.1499,5.0694,4.991,4.9144,4.8397,4.7667,4.6954,4.6256,4.5573,4.4904,4.4248,4.3606,4.2975,4.2357,4.175,4.1155,4.0569,3.9994,3.9429,3.8873,3.8325,3.7787,3.7256,3.6733,3.6218
12.773,11.906,11.292,10.757,10.301,9.9046,9.5173,9.2371,8.9501,8.6873,8.4449,8.2199,8.0099,7.7766,7.6277,7.4527,7.2871,7.1297,6.9799,6.837,6.7002,6.5691,6.4433,6.3224,6.206,6.0938,5.9855,5.8809,5.7796,5.6815,5.5864,5.4941,5.4045,5.3173,5.2325,5.1499,5.0694,4.991,4.9144,4.8397,4.7667,4.6954,4.6256,4.5573,4.4904,4.4248,4.3606,4.2975,4.2357,4.175,4.1155,4.0569,3.9994,3.9429,3.8873,3.8325,3.7787,3.7256,3.6733,3.6218
12.773,11.941,11.292,10.721,10.301,9.9046,9.5531,9.2012,8.9501,8.6873,8.4449,8.2199,8.0099,7.813,7.6277,7.4527,7.2504,7.1297,6.9799,6.837,6.6632,6.5691,6.4433,6.3224,6.206,6.0938,5.9855,5.8809,5.7796,5.6815,5.5864,5.4941,5.4045,5.3173,5.2325,5.1499,5.0694,4.991,4.9144,4.8397,4.7276,4.6954,4.6256,4.5573,4.4904,4.4248,4.3606,4.2975,4.2357,4.175,4.1155,4.0569,3.9994,3.9429,3.8873,3.8325,3.7787,3.7256,3.6733,3.6218
12.773,11.941,11.292,10.757,10.301,9.8689,9.5531,9.2371,8.9501,8.6873,8.4449,8.2199,7.9736,7.813,7.6277,7.4527,7.2871,7.1297,6.9799,6.837,6.7002,6.5691,6.4062,6.3224,6.206,6.0938,5.9855,5.8809,5.7419,5.6815,5.5864,5.4941,5.4045,5.3173,5.2325,5.1499,5.0694,4.991,4.9144,4.8397,4.7667,4.6954,4.6256,4.5573,4.4904,4.4248,4.3606,4.2975,4.2357,4.175,4.0751,4.0569,3.9994,3.9429,3.8873,3.8325,3.7787,3.7256,3.6733,3.6218
12.773,11.941,11.292,10.757,10.301,9.9046,9.5531,9.2371,8.9501,8.6873,8.4449,8.2199,7.9736,7.7766,7.6277,7.4527,7.2871,7.1297,6.9799,6.837,6.7002,6.5691,6.4062,6.3224,6.206,6.0938,5.9855,5.8809,5.7796,5.6815,5.5864,5.4941,5.3662,5.3173,5.2325,5.1499,5.0694,4.991,4.9144,4.8397,4.7667,4.6954,4.6256,4.5573,4.4904,4.4248,4.3606,4.2975,4.2357,4.175,4.1155,4.0569,3.9994,3.9429,3.8873,3.8325,3.7787,3.7256,3.6733,3.6218
12.773,11.941,11.292,10.757,10.301,9.9046,9.5531,9.2371,8.9501,8.6873,8.4449,8.2199,8.0099,7.813,7.6277,7.4527,7.2871,7.1297,6.9799,6.837,6.7002,6.5691,6.4433,6.3224,6.206,6.0938,5.9855,5.8809,5.7419,5.6815,5.5485,5.4941,5.3662,5.3173,5.2325,5.1499,5.0694,4.991,4.9144,4.8397,4.7667,4.6954,4.6256,4.5573,4.4904,4.4248,4.3606,4.2975,4.2357,4.175,4.0751,4.0569,3.9994,3.9429,3.8873,3.8325,3.7787,3.7256,3.6733,3.6218
12.773,11.941,11.292,10.757,10.301,9.9046,9.5531,9.2371,8.9501,8.6873,8.4449,8.2199,8.0099,7.813,7.6277,7.4162,7.2871,7.1297,6.9799,6.837,6.7002,6.5691,6.4433,6.3224,6.206,6.0938,5.9855,5.8809,5.7796,5.6815,5.5864,5.4941,5.4045,5.279,5.2325,5.1499,5.0694,4.991,4.9144,4.8397,4.7667,4.6954,4.6256,4.5573,4.4904,4.4248,4.3606,4.2975,4.2357,4.175,4.1155,4.0569,3.9994,3.9429,3.8873,3.8325,3.7787,3.7256,3.6733,3.6218
12.773,11.906,11.292,10.757,10.301,9.9046,9.5531,9.2371,8.9501,8.6873,8.4449,8.2199,8.0099,7.813,7.6277,7.4527,7.2871,7.1297,6.9799,6.837,6.7002,6.5691,6.4433,6.3224,6.206,6.0938,5.9855,5.8809,5.7796,5.6815,5.5864,5.4941,5.4045,5.3173,5.2325,5.1499,5.0694,4.991,4.9144,4.8397,4.7667,4.6954,4.6256,4.5573,4.4904,4.4248,4.3606,4.2975,4.2357,4.175,4.1155,4.0569,3.9994,3.9429,3.8873,3.8325,3.7787,3.7256,3.6733,3.6218
12.773,11.941,11.292,10.757,10.301,9.9046,9.5531,9.2371,8.9501,8.6873,8.4449,8.2199,7.9736,7.813,7.6277,7.4527,7.2871,7.1297,6.9799,6.837,6.7002,6.5691,6.4433,6.3224,6.206,6.0938,5.9855,5.8809,5.7796,5.6815,5.5864,5.4941,5.4045,5.3173,5.2325,5.1499,5.0694,4.991,4.9144,4.8397,4.7667,4.6954,4.6256,4.5573,4.4904,4.4248,4.3606,4.2975,4.2357,4.175,4.1155,4.0569,3.9994,3.9429,3.8873,3.8325,3.7787,3.7256,3.6733,3.6218
12.773,11.941,11.292,10.757,10.301,9.9046,9.5531,9.2371,8.9501,8.6873,8.4449,8.2199,8.0099,7.813,7.6277,7.4527,7.2871,7.1297,6.9799,6.837,6.7002,6.5691,6.4433,6.3224,6.206,6.0938,5.9855,5.8809,5.7796,5.6815,5.5864,5.4941,5.4045,5.3173,5.2325,5.1499,5.0307,4.991,4.9144,4.8397,4.7276,4.6954,4.6256,4.5573,4.4904,4.4248,4.3606,4.2975,4.2357,4.175,4.1155,4.0569,3.9994,3.9429,3.8873,3.8325,3.7787,3.7256,3.6733,3.6218
12.773,11.906,11.292,10.757,10.301,9.9046,9.5531,9.2371,8.9501,8.6873,8.4449,8.2199,7.9736,7.813,7.6277,7.4527,7.2871,7.1297,6.9799,6.837,6.6632,6.5691,6.4433,6.3224,6.206,6.0938,5.9855,5.8809,5.7796,5.6815,5.5864,5.4941,5.4045,5.3173,5.2325,5.1499,5.0694,4.991,4.9144,4.8397,4.7667,4.6562,4.6256,4.5573,4.4904,4.4248,4.3606,4.2975,4.2357,4.175,4.1155,4.0569,3.9994,3.9429,3.8873,3.8325,3.7787,3.7256,3.6733,3.6218
12.738,11.941,11.292,10.757,10.301,9.9046,9.5173,9.2012,8.9501,8.6873,8.4449,8.2199,7.9736,7.813,7.6277,7.4527,7.2871,7.1297,6.9799,6.837,6.7002,6.5691,6.4433,6.3224,6.206,6.0938,5.9855,5.8809,5.7796,5.6815,5.5864,5.4941,5.4045,5.3173,5.2325,5.1499,5.0694,4.991,4.9144,4.8397,4.7667,4.6954,4.6256,4.5178,4.4904,4.4248,4.3606,4.2975,4.2357,4.175,4.1155,4.0569,3.9994,3.9429,3.8873,3.8325,3.7787,3.7256,3.6733,3.6218
12.738,11.941,11.292,10.757,10.301,9.9046,9.5531,9.2371,8.9501,8.6873,8.4449,8.2199,7.9736,7.813,7.6277,7.4527,7.2871,7.1297,6.9799,6.837,6.7002,6.5691,6.4433,6.3224,6.206,6.0938,5.9855,5.8809,5.7796,5.6815,5.5864,5.4941,5.4045,5.3173,5.2325,5.1499,5.0694,4.991,4.9144,4.8397,4.7667,4.6954,4.6256,4.5573,4.4904,4.4248,4.3606,4.2975,4.2357,4.175,4.1155,4.0569,3.9994,3.9429,3.8873,3.8325,3.7787,3.7256,3.6733,3.6218
12.773,11.941,11.292,10.757,10.301,9.9046,9.5531,9.2371,8.9501,8.6873,8.4449,8.2199,8.0099,7.813,7.6277,7.4527,7.2871,7.1297,6.9799,6.837,6.7002,6.5691,6.4433,6.3224,6.206,6.0938,5.9855,5.8809,5.7796,5.6815,5.5864,5.4941,5.4045,5.3173,5.2325,5.1499,5.0694,4.991,4.9144,4.8397,4.7667,4.6954,4.6256,4.5573,4.4904,4.4248,4.3606,4.2975,4.2357,4.175,4.1155,4.0569,3.9994,3.9429,3.8873,3.8325,3.7787,3.7256,3.6733,3.6218
12.773,11.941,11.292,10.757,10.301,9.9046,9.5531,9.2371,8.9142,8.6873,8.4449,8.2199,8.0099,7.813,7.6277,7.4527,7.2871,7.1297,6.9799,6.837,6.7002,6.5691,6.4433,6.3224,6.206,6.0938,5.9855,5.8809,5.7796,5.6815,5.5864,5.4941,5.4045,5.3173,5.2325,5.1499,5.0694,4.991,4.9144,4.8007,4.7667,4.6562,4.6256,4.5573,4.4904,4.4248,4.3606,4.2975,4.2357,4.175,4.1155,4.0569,3.9994,3.9429,3.8873,3.8325,3.7787,3.7256,3.6733,3.6218
12.773,11.941,11.292,10.757,10.301,9.9046,9.5531,9.2371,8.9501,8.6873,8.4449,8.2199,8.0099,7.813,7.6277,7.4527,7.2871,7.1297,6.9799,6.837,6.7002,6.5691,6.4433,6.3224,6.206,6.0938,5.9855,5.8809,5.7796,5.6815,5.5864,5.4941,5.4045,5.3173,5.2325,5.1499,5.0694,4.991,4.9144,4.8397,4.7667,4.6954,4.6256,4.5573,4.4904,4.4248,4.3606,4.2975,4.2357,4.175,4.1155,4.0569,3.9994,3.9429,3.8873,3.8325,3.7787,3.7256,3.6733,3.6218
12.773,11.941,11.292,10.757,10.301,9.9046,9.5531,9.2371,8.9142,8.6873,8.4449,8.2199,8.0099,7.813,7.6277,7.4527,7.2871,7.1297,6.9799,6.837,6.7002,6.5691,6.4433,6.3224,6.206,6.0938,5.9855,5.8809,5.7796,5.6815,5.5864,5.4941,5.3662,5.3173,5.2325,5.1499,5.0694,4.991,4.9144,4.8397,4.7667,4.6954,4.6256,4.5573,4.4904,4.4248,4.3606,4.2975,4.2357,4.175,4.1155,4.0569,3.9994,3.9429,3.8873,3.8325,3.7787,3.7256,3.6733,3.6218
12.738,11.941,11.292,10.757,10.301,9.9046,9.5531,9.2371,8.9501,8.6873,8.4449,8.2199,8.0099,7.813,7.6277,7.4527,7.2871,7.1297,6.9799,6.837,6.7002,6.5691,6.4433,6.3224,6.206,6.0938,5.9855,5.8809,5.7796,5.6815,5.5864,5.4941,5.3662,5.3173,5.2325,5.1499,5.0694,4.991,4.8756,4.8397,4.7667,4.6954,4.6256,4.5178,4.4904,4.4248,4.3207,4.2975,4.2357,4.175,4.1155,4.0569,3.9994,3.9429,3.8873,3.8325,3.7787,3.7256,3.6733,3.6218
12.773,11.941,11.292,10.757,10.301,9.9046,9.5173,9.2371,8.9501,8.6873,8.4449,8.2199,8.0099,7.813,7.6277,7.4527,7.2871,7.1297,6.9799,6.837,6.7002,6.5691,6.4433,6.3224,6.206,6.0938,5.9855,5.8809,5.7796,5.6815,5.5864,5.4941,5.4045,5.3173,5.2325,5.1499,5.0694,4.991,4.9144,4.8397,4.7667,4.6954,4.6256,4.5178,4.4508,4.4248,4.3606,4.2975,4.2357,4.175,4.1155,4.0569,3.9994,3.9429,3.8873,3.8325,3.7787,3.7256,3.6733,3.6218
12.738,11.941,11.292,10.757,10.301,9.9046,9.5173,9.2012,8.9501,8.6873,8.4449,8.2199,8.0099,7.813,7.6277,7.4527,7.2871,7.1297,6.9799,6.837,6.7002,6.5691,6.4062,6.3224,6.206,6.0938,5.9855,5.8809,5.7796,5.6815,5.5864,5.4941,5.4045,5.3173,5.2325,5.1499,5.0694,4.991,4.9144,4.8397,4.7667,4.6954,4.6256,4.5573,4.4904,4.4248,4.3606,4.2975,4.2357,4.175,4.1155,4.0569,3.9994,3.9429,3.8873,3.8325,3.7787,3.7256,3.6733,3.6218
12.773,11.941,11.292,10.757,10.301,9.9046,9.5531,9.2371,8.9501,8.6873,8.4449,8.2199,8.0099,7.813,7.6277,7.4162,7.2871,7.1297,6.9799,6.837,6.7002,6.5691,6.4062,6.3224,6.206,6.0938,5.9855,5.8809,5.7796,5.6815,5.5864,5.4941,5.4045,5.3173,5.2325,5.1499,5.0694,4.991,4.9144,4.8397,4.7276,4.6954,4.6256,4.5573,4.4904,4.4248,4.3606,4.2975,4.2357,4.175,4.1155,4.0569,3.9994,3.9429,3.8873,3.8325,3.7787,3.7256,3.6733,3.6218
12.773,11.941,11.292,10.757,10.301,9.9046,9.5531,9.2371,8.9501,8.6873,8.4449,8.2199,8.0099,7.813,7.6277,7.4162,7.2871,7.1297,6.9799,6.837,6.7002,6.5691,6.4433,6.3224,6.206,6.0938,5.9855,5.8809,5.7796,5.6815,5.5864,5.4941,5.4045,5.3173,5.2325,5.1499,5.0694,4.991,4.9144,4.8397,4.7667,4.6954,4.6256,4.5573,4.4904,4.4248,4.3606,4.2975,4.2357,4.175,4.1155,4.0569,3.9994,3.9429,3.8873,3.8325,3.7787,3.7256,3.6733,3.6218
12.773,11.941,11.292,10.757,10.301,9.9046,9.5531,9.2371,8.9501,8.6873,8.4449,8.2199,8.0099,7.813,7.6277,7.4527,7.2871,7.1297,6.9799,6.837,6.7002,6.5691,6.4433,6.3224,6.206,6.0938,5.9855,5.8809,5.7796,5.6437,5.5864,5.4941,5.4045,5.3173,5.2325,5.1499,5.0694,4.991,4.9144,4.8397,4.7667,4.6954,4.6256,4.5573,4.4904,4.4248,4.3606,4.2975,4.2357,4.175,4.1155,4.0569,3.9994,3.9429,3.8873,3.8325,3.7787,3.7256,3.6733,3.6218
12.738,11.941,11.292,10.757,10.301,9.9046,9.5531,9.2371,8.9501,8.6873,8.4449,8.2199,8.0099,7.813,7.6277,7.4527,7.2871,7.1297,6.9799,6.837,6.7002,6.5691,6.4433,6.3224,6.206,6.0938,5.9855,5.8809,5.7796,5.6815,5.5864,5.4941,5.4045,5.3173,5.2325,5.1499,5.0694,4.991,4.9144,4.8397,4.7667,4.6954,4.6256,4.5573,4.4904,4.4248,4.3606,4.2975,4.2357,4.175,4.1155,4.0569,3.9994,3.9429,3.8873,3.8325,3.7787,3.7256,3.6733,3.6218
12.773,11.941,11.292,10.757,10.301,9.9046,9.5173,9.2371,8.9501,8.6873,8.4449,8.2199,7.9736,7.813,7.6277,7.4527,7.2871,7.1297,6.9799,6.837,6.7002,6.5691,6.4433,6.3224,6.206,6.0938,5.9855,5.8809,5.7796,5.6815,5.5864,5.4941,5.4045,5.3173,5.2325,5.1499,5.0694,4.991,4.9144,4.8397,4.7667,4.6954,4.6256,4.5573,4.4904,4.4248,4.3606,4.2975,4.2357,4.175,4.1155,4.0569,3.9994,3.9429,3.8873,3.8325,3.7787,3.7256,3.6733,3.6218
12.773,11.941,11.292,10.757,10.301,9.9046,9.5531,9.2371,8.9501,8.6873,8.4449,8.2199,8.0099,7.813,7.6277,7.4527,7.2871,7.1297,6.9799,6.837,6.7002,6.5691,6.4433,6.3224,6.206,6.0938,5.9855,5.8809,5.7796,5.6815,5.5864,5.4941,5.3662,5.3173,5.2325,5.1499,5.0694,4.991,4.9144,4.8397,4.7667,4.6954,4.6256,4.5573,4.4904,4.4248,4.3606,4.2975,4.2357,4.175,4.1155,4.0569,3.9994,3.9429,3.8873,3.8325,3.7787,3.7256,3.6733,3.6218
12.773,11.941,11.292,10.757,10.301,9.9046,9.5531,9.2371,8.9501,8.6873,8.4449,8.2199,8.0099,7.813,7.6277,7.4527,7.2871,7.1297,6.9799,6.837,6.7002,6.5691,6.4433,6.3224,6.206,6.0938,5.9855,5.8809,5.7796,5.6815,5.5864,5.4941,5.4045,5.3173,5.2325,5.1499,5.0307,4.991,4.9144,4.8397,4.7667,4.6954,4.6256,4.5573,4.4904,4.4248,4.3606,4.2975,4.2357,4.175,4.1155,4.0569,3.9994,3.9429,3.8873,3.8325,3.7787,3.7256,3.6733,3.6218
12.738,11.941,11.292,10.757,10.301,9.9046,9.5531,9.2371,8.9501,8.6873,8.4449,8.2199,8.0099,7.813,7.6277,7.4162,7.2871,7.1297,6.9799,6.837,6.7002,6.5691,6.4433,6.3224,6.206,6.0938,5.9855,5.8809,5.7796,5.6815,5.5864,5.4941,5.4045,5.3173,5.2325,5.1499,5.0694,4.991,4.9144,4.8397,4.7276,4.6954,4.6256,4.5573,4.4904,4.4248,4.3606,4.2975,4.2357,4.175,4.1155,4.0569,3.9994,3.9429,3.8873,3.8325,3.7787,3.7256,3.6733,3.6218
12.773,11.941,11.292,10.757,10.301,9.9046,9.5531,9.2371,8.9501,8.6873,8.4449,8.2199,8.0099,7.813,7.6277,7.4527,7.2871,7.1297,6.9799,6.837,6.7002,6.5691,6.4433,6.3224,6.206,6.0938,5.9855,5.8809,5.7796,5.6815,5.5864,5.4941,5.4045,5.3173,5.2325,5.1499,5.0694,4.991,4.9144,4.8397,4.7667,4.6954,4.6256,4.5573,4.4904,4.4248,4.3606,4.2975,4.2357,4.175,4.1155,4.0569,3.9994,3.9429,3.8873,3.8325,3.7787,3.7256,3.6733,3.6218
12.773,11.941,11.292,10.757,10.301,9.9046,9.5531,9.2371,8.9501,8.6873,8.4449,8.2199,8.0099,7.813,7.6277,7.4527,7.2871,7.1297,6.9799,6.837,6.7002,6.5691,6.4433,6.3224,6.206,6.0938,5.9855,5.8809,5.7796,5.6815,5.5864,5.4941,5.4045,5.3173,5.2325,5.1499,5.0694,4.991,4.9144,4.8397,4.7667,4.6954,4.6256,4.5573,4.4904,4.4248,4.3606,4.2975,4.2357,4.175,4.1155,4.0569,3.9994,3.9429,3.8873,3.8325,3.7787,3.7256,3.6733,3.6218
12.773,11.941,11.292,10.757,10.301,9.8689,9.5531,9.2371,8.9501,8.6873,8.4449,8.2199,8.0099,7.813,7.6277,7.4527,7.2871,7.1297,6.9799,6.837,6.7002,6.5691,6.4433,6.3224,6.206,6.0938,5.9855,5.8809,5.7796,5.6815,5.5864,5.4941,5.4045,5.279,5.2325,5.1499,5.0694,4.991,4.9144,4.8397,4.7667,4.6954,4.6256,4.5573,4.4904,4.4248,4.3606,4.2975,4.2357,4.175,4.1155,4.0569,3.9994,3.9429,3.8873,3.8325,3.7787,3.7256,3.6733,3.6218
12.773,11.941,11.292,10.757,10.301,9.9046,9.5531,9.2371,8.9501,8.6873,8.4449,8.2199,7.9736,7.813,7.6277,7.4527,7.2871,7.1297,6.9799,6.837,6.7002,6.5691,6.4433,6.3224,6.206,6.0938,5.9855,5.8809,5.7796,5.6815,5.5864,5.4941,5.4045,5.3173,5.2325,5.1499,5.0307,4.991,4.9144,4.8397,4.7667,4.6562,4.6256,4.5573,4.4904,4.4248,4.3606,4.2975,4.2357,4.175,4.1155,4.0569,3.9994,3.9429,3.8873,3.8325,3.7787,3.7256,3.6733,3.6218
12.773,11.941,11.292,10.757,10.301,9.9046,9.5173,9.2371,8.9501,8.6873,8.4449,8.2199,8.0099,7.7766,7.6277,7.4527,7.2871,7.1297,6.9799,6.837,6.7002,6.5691,6.4433,6.3224,6.206,6.0938,5.9855,5.8809,5.7796,5.6437,5.5864,5.4941,5.4045,5.279,5.2325,5.1499,5.0694,4.991,4.9144,4.8397,4.7667,4.6954,4.6256,4.5178,4.4904,4.4248,4.3606,4.2975,4.2357,4.175,4.1155,4.0569,3.9994,3.9429,3.8873,3.8325,3.7787,3.7256,3.6733,3.6218
12.773,11.941,11.292,10.757,10.301,9.9046,9.5531,9.2371,8.9501,8.6873,8.4449,8.2199,7.9736,7.813,7.6277,7.4527,7.2871,7.1297,6.9799,6.837,6.7002,6.5691,6.4433,6.3224,6.206,6.0938,5.9855,5.8809,5.7796,5.6815,5.5864,5.4941,5.4045,5.3173,5.2325,5.1499,5.0694,4.991,4.9144,4.8397,4.7667,4.6954,4.6256,4.5573,4.4904,4.4248,4.3606,4.2975,4.2357,4.175,4.0751,4.0569,3.9994,3.9429,3.8873,3.8325,3.7787,3.7256,3.6733,3.6218
12.773,11.941,11.292,10.757,10.301,9.9046,9.5531,9.2371,8.9501,8.6873,8.4449,8.2199,8.0099,7.7766,7.6277,7.4527,7.2871,7.1297,6.9799,6.837,6.7002,6.5691,6.4433,6.3224,6.206,6.0938,5.9855,5.8809,5.7796,5.6815,5.5864,5.4941,5.4045,5.3173,5.2325,5.1499,5.0694,4.991,4.9144,4.8007,4.7667,4.6954,4.6256,4.5573,4.4904,4.4248,4.3606,4.2975,4.2357,4.175,4.1155,4.0569,3.9994,3.9429,3.8873,3.8325,3.7787,3.7256,3.6733,3.6218
12.773,11.941,11.292,10.757,10.301,9.9046,9.5531,9.2371,8.9501,8.6873,8.4449,8.2199,8.0099,7.813,7.6277,7.4527,7.2871,7.1297,6.9799,6.837,6.7002,6.5691,6.4062,6.3224,6.206,6.0938,5.9855,5.8809,5.7419,5.6815,5.5864,5.4941,5.4045,5.3173,5.2325,5.1499,5.0694,4.991,4.9144,4.8397,4.7667,4.6954,4.6256,4.5573,4.4904,4.4248,4.3606,4.2975,4.2357,4.175,4.1155,4.0569,3.9994,3.9429,3.8873,3.8325,3.7787,3.7256,3.6733,3.6218
12.773,11.941,11.292,10.757,10.301,9.9046,9.5531,9.2371,8.9501,8.6873,8.4449,8.2199,8.0099,7.813,7.6277,7.4527,7.2871,7.093,6.9799,6.837,6.7002,6.5691,6.4433,6.3224,6.206,6.0938,5.9855,5.8809,5.7796,5.6815,5.5864,5.4941,5.4045,5.3173,5.2325,5.1499,5.0694,4.991,4.9144,4.8397,4.7667,4.6954,4.6256,4.5573,4.4904,4.4248,4.3606,4.2975,4.2357,4.175,4.0751,4.0569,3.9994,3.9429,3.8873,3.8325,3.7787,3.7256,3.6733,3.6218
12.773,11.941,11.292,10.757,10.301,9.9046,9.5173,9.2371,8.9501,8.6873,8.4088,8.2199,8.0099,7.813,7.6277,7.4527,7.2871,7.1297,6.9799,6.837,6.7002,6.5691,6.4433,6.3224,6.206,6.0938,5.9855,5.8809,5.7796,5.6815,5.5864,5.4941,5.4045,5.3173,5.2325,5.1499,5.0694,4.991,4.9144,4.8397,4.7276,4.6954,4.6256,4.5573,4.4904,4.4248,4.3606,4.2975,4.2357,4.175,4.1155,4.0569,3.9994,3.9429,3.8873,3.8325,3.7787,3.7256,3.6733,3.6218
12.773,11.941,11.292,10.757,10.301,9.9046,9.5531,9.2371,8.9501,8.6873,8.4449,8.2199,8.0099,7.813,7.6277,7.4527,7.2871,7.1297,6.9799,6.837,6.7002,6.5691,6.4433,6.3224,6.206,6.0938,5.9855,5.8809,5.7796,5.6815,5.5864,5.4941,5.4045,5.3173,5.2325,5.1499,5.0694,4.991,4.9144,4.8397,4.7667,4.6954,4.6256,4.5573,4.4904,4.4248,4.3606,4.2975,4.2357,4.175,4.1155,4.0569,3.9994,3.9429,3.8873,3.8325,3.7787,3.7256,3.6733,3.6218
12.773,11.941,11.292,10.757,10.301,9.9046,9.5531,9.2371,8.9501,8.6873,8.4449,8.2199,8.0099,7.813,7.6277,7.4527,7.2871,7.1297,6.9799,6.837,6.7002,6.5691,6.4433,6.3224,6.206,6.0938,5.9855,5.8809,5.7796,5.6815,5.5864,5.4941,5.4045,5.279,5.2325,5.1499,5.0694,4.991,4.9144,4.8397,4.7667,4.6954,4.6256,4.5573,4.4904,4.4248,4.3606,4.2975,4.2357,4.175,4.1155,4.0569,3.9994,3.9429,3.8873,3.8325,3.7787,3.7256,3.6733,3.6218
12.773,11.941,11.292,10.757,10.301,9.9046,9.5531,9.2371,8.9501,8.6873,8.4449,8.2199,8.0099,7.813,7.6277,7.4527,7.2871,7.1297,6.9799,6.837,6.7002,6.5691,6.4433,6.3224,6.206,6.0938,5.9855,5.8809,5.7796,5.6815,5.5485,5.4941,5.4045,5.3173,5.2325,5.1499,5.0694,4.991,4.9144,4.8397,4.7667,4.6954,4.5862,4.5573,4.4904,4.4248,4.3606,4.2975,4.2357,4.175,4.0751,4.0569,3.9994,3.9429,3.8873,3.8325,3.7787,3.7256,3.6733,3.6218
12.773,11.941,11.292,10.757,10.301,9.9046,9.5531,9.2371,8.9501,8.6873,8.4449,8.2199,8.0099,7.813,7.6277,7.4527,7.2871,7.1297,6.9799,6.837,6.7002,6.5691,6.4433,6.3224,6.206,6.0938,5.9855,5.8809,5.7796,5.6815,5.5864,5.4941,5.4045,5.279,5.2325,5.1499,5.0694,4.991,4.9144,4.8397,4.7667,4.6954,4.6256,4.5573,4.4904,4.4248,4.3606,4.2975,4.2357,4.175,4.1155,4.0569,3.9994,3.9429,3.8873,3.8325,3.7787,3.7256,3.6733,3.6218
12.773,11.941,11.292,10.757,10.301,9.9046,9.5531,9.2371,8.9501,8.6873,8.4449,8.1837,8.0099,7.813,7.6277,7.4527,7.2871,7.1297,6.9799,6.837,6.7002,6.5691,6.4433,6.3224,6.206,6.0938,5.9855,5.8809,5.7796,5.6815,5.5864,5.4941,5.4045,5.3173,5.2325,5.1499,5.0307,4.991,4.9144,4.8397,4.7667,4.6954,4.6256,4.5573,4.4904,4.4248,4.3606,4.2975,4.2357,4.175,4.1155,4.0569,3.9994,3.9429,3.8873,3.8325,3.7787,3.7256,3.6733,3.6218
12.773,11.941,11.292,10.757,10.301,9.9046,9.5531,9.2371,8.9142,8.6873,8.4449,8.2199,8.0099,7.7766,7.6277,7.4527,7.2871,7.1297,6.9799,6.837,6.6632,6.5691,6.4433,6.3224,6.206,6.0938,5.9855,5.8809,5.7796,5.6815,5.5864,5.4941,5.4045,5.3173,5.2325,5.1499,5.0307,4.991,4.9144,4.8397,4.7667,4.6954,4.6256,4.5573,4.4904,4.4248,4.3606,4.2975,4.2357,4.175,4.1155,4.0569,3.9994,3.9429,3.8873,3.8325,3.7787,3.7256,3.6733,3.6218
12.773,11.941,11.292,10.757,10.301,9.9046,9.5531,9.2371,8.9501,8.6873,8.4449,8.2199,7.9736,7.813,7.6277,7.4527,7.2871,7.1297,6.9799,6.837,6.7002,6.5691,6.4433,6.3224,6.206,6.0938,5.9855,5.8809,5.7796,5.6815,5.5864,5.4941,5.4045,5.3173,5.2325,5.1499,5.0694,4.991,4.9144,4.8397,4.7667,4.6954,4.6256,4.5573,4.4904,4.4248,4.3606,4.2975,4.2357,4.175,4.1155,4.0569,3.9994,3.9429,3.8873,3.8325,3.7787,3.7256,3.6733,3.6218
12.773,11.941,11.292,10.757,10.301,9.9046,9.5531,9.2371,8.9501,8.6873,8.4449,8.2199,8.0099,7.813,7.6277,7.4527,7.2871,7.1297,6.9799,6.837,6.7002,6.5691,6.4433,6.3224,6.206,6.0938,5.9855,5.8809,5.7796,5.6815,5.5864,5.4941,5.4045,5.3173,5.2325,5.1499,5.0694,4.991,4.9144,4.8397,4.7667,4.6954,4.6256,4.5573,4.4904,4.4248,4.3606,4.2975,4.2357,4.175,4.1155,4.0569,3.9994,3.9429,3.8873,3.8325,3.7787,3.7256,3.6733,3.6218
12.773,11.941,11.292,10.757,10.301,9.9046,9.5531,9.2371,8.9501,8.6873,8.4449,8.2199,8.0099,7.813,7.6277,7.4527,7.2871,7.1297,6.9799,6.837,6.7002,6.5691,6.4433,6.3224,6.206,6.0938,5.9855,5.8809,5.7796,5.6815,5.5864,5.4941,5.4045,5.3173,5.2325,5.1499,5.0694,4.991,4.9144,4.8397,4.7276,4.6562,4.6256,4.5573,4.4904,4.4248,4.3606,4.2975,4.2357,4.175,4.1155,4.0569,3.9994,3.9429,3.8873,3.8325,3.7787,3.7256,3.6733,3.6218
12.773,11.941,11.292,10.757,10.301,9.9046,9.5531,9.2371,8.9501,8.6873,8.4449,8.2199,8.0099,7.813,7.6277,7.4527,7.2871,7.1297,6.9799,6.837,6.7002,6.5691,6.4433,6.3224,6.206,6.0938,5.9855,5.8809,5.7796,5.6815,5.5864,5.4941,5.4045,5.3173,5.2325,5.1499,5.0694,4.991,4.9144,4.8397,4.7667,4.6954,4.6256,4.5573,4.4904,4.4248,4.3606,4.2975,4.2357,4.175,4.1155,4.0569,3.9994,3.9429,3.8873,3.8325,3.7787,3.7256,3.6733,3.6218
12.773,11.941,11.292,10.757,10.301,9.9046,9.5531,9.2371,8.9142,8.6873,8.4449,8.2199,8.0099,7.813,7.6277,7.4527,7.2871,7.1297,6.9799,6.837,6.7002,6.5691,6.4433,6.3224,6.206,6.0938,5.9855,5.8809,5.7796,5.6815,5.5864,5.4941,5.4045,5.3173,5.2325,5.1499,5.0694,4.991,4.9144,4.8397,4.7667,4.6954,4.6256,4.5573,4.4904,4.4248,4.3606,4.2975,4.2357,4.175,4.1155,4.0569,3.9994,3.9429,3.8873,3.8325,3.7787,3.7256,3.6733,3.6218
12.773,11.941,11.292,10.757,10.301,9.9046,9.5531,9.2371,8.9501,8.6873,8.4088,8.2199,8.0099,7.813,7.6277,7.4527,7.2871,7.1297,6.9799,6.837,6.6632,6.5691,6.4433,6.3224,6.206,6.0938,5.9855,5.8809,5.7796,5.6815,5.5864,5.4941,5.4045,5.3173,5.2325,5.1499,5.0694,4.991,4.9144,4.8397,4.7667,4.6954,4.6256,4.5573,4.4904,4.4248,4.3606,4.2975,4.2357,4.175,4.1155,4.0569,3.9994,3.9429,3.8873,3.8325,3.7787,3.7256,3.6733,3.6218
12.738,11.941,11.292,10.757,10.301,9.9046,9.5531,9.2371,8.9501,8.6873,8.4449,8.2199,8.0099,7.813,7.6277,7.4527,7.2871,7.1297,6.9799,6.837,6.7002,6.5691,6.4433,6.3224,6.206,6.0938,5.9855,5.8809,5.7796,5.6815,5.5864,5.4941,5.4045,5.3173,5.2325,5.1499,5.0694,4.991,4.9144,4.8397,4.7667,4.6954,4.6256,4.5573,4.4904,4.4248,4.3606,4.2975,4.2357,4.175,4.1155,4.0569,3.9994,3.9429,3.8873,3.8325,3.7787,3.7256,3.6733,3.6218
12.773,11.941,11.292,10.757,10.301,9.9046,9.5531,9.2371,8.9501,8.6873,8.4449,8.1837,8.0099,7.813,7.6277,7.4527,7.2871,7.1297,6.9799,6.837,6.7002,6.5691,6.4433,6.3224,6.206,6.0938,5.9855,5.8809,5.7796,5.6815,5.5864,5.4941,5.4045,5.3173,5.2325,5.1499,5.0694,4.991,4.9144,4.8397,4.7667,4.6954,4.6256,4.5573,4.4904,4.4248,4.3606,4.2975,4.2357,4.175,4.1155,4.0569,3.9994,3.9429,3.8873,3.8325,3.7787,3.7256,3.6733,3.6218
12.773,11.941,11.292,10.757,10.265,9.9046,9.5531,9.2371,8.9501,8.6873,8.4449,8.2199,7.9736,7.813,7.6277,7.4527,7.2871,7.1297,6.9799,6.837,6.7002,6.5691,6.4433,6.3224,6.206,6.0938,5.9855,5.8809,5.7796,5.6815,5.5864,5.4941,5.4045,5.3173,5.2325,5.1499,5.0307,4.991,4.9144,4.8397,4.7667,4.6954,4.6256,4.5573,4.4904,4.4248,4.3606,4.2975,4.2357,4.175,4.1155,4.0569,3.9994,3.9429,3.8873,3.8325,3.7787,3.7256,3.6733,3.6218
12.773,11.941,11.292,10.757,10.301,9.9046,9.5531,9.2371,8.9501,8.6873,8.4449,8.2199,7.9736,7.813,7.6277,7.4527,7.2504,7.1297,6.9799,6.837,6.7002,6.5691,6.4433,6.3224,6.206,6.0938,5.9855,5.8809,5.7796,5.6815,5.5864,5.4941,5.4045,5.3173,5.2325,5.1499,5.0694,4.991,4.9144,4.8397,4.7667,4.6954,4.6256,4.5573,4.4904,4.4248,4.3606,4.2975,4.2357,4.175,4.1155,4.0569,3.9994,3.9429,3.8873,3.8325,3.7787,3.7256,3.6733,3.6218
12.773,11.941,11.292,10.757,10.301,9.9046,9.5531,9.2371,8.9501,8.6873,8.4449,8.2199,8.0099,7.7766,7.6277,7.4527,7.2871,7.1297,6.9799,6.837,6.7002,6.5691,6.4433,6.3224,6.206,6.0938,5.9855,5.8809,5.7796,5.6815,5.5864,5.4941,5.3662,5.3173,5.2325,5.1499,5.0694,4.991,4.8756,4.8397,4.7667,4.6954,4.5862,4.5573,4.4904,4.4248,4.3606,4.2975,4.2357,4.175,4.1155,4.0569,3.9994,3.9429,3.8873,3.8325,3.7787,3.7256,3.6733,3.6218
12.773,11.941,11.292,10.757,10.301,9.9046,9.5531,9.2012,8.9501,8.6873,8.4449,8.2199,8.0099,7.813,7.6277,7.4527,7.2871,7.1297,6.9799,6.837,6.7002,6.5691,6.4433,6.3224,6.206,6.0938,5.9855,5.8809,5.7796,5.6815,5.5864,5.4941,5.4045,5.3173,5.2325,5.1499,5.0307,4.991,4.9144,4.8397,4.7667,4.6954,4.6256,4.5573,4.4904,4.4248,4.3606,4.2975,4.2357,4.175,4.1155,4.0569,3.9994,3.9429,3.8873,3.8325,3.7787,3.7256,3.6733,3.6218
12.773,11.941,11.292,10.757,10.301,9.9046,9.5531,9.2371,8.9501,8.6873,8.4449,8.2199,8.0099,7.7766,7.6277,7.4527,7.2871,7.1297,6.9799,6.837,6.7002,6.5691,6.4433,6.3224,6.206,6.0938,5.9855,5.8809,5.7796,5.6815,5.5864,5.4941,5.4045,5.3173,5.2325,5.1499,5.0694,4.991,4.9144,4.8397,4.7667,4.6954,4.6256,4.5573,4.4904,4.4248,4.3606,4.2975,4.2357,4.175,4.1155,4.0569,3.9994,3.9429,3.8873,3.8325,3.7787,3.7256,3.6733,3.6218
12.773,11.941,11.292,10.757,10.301,9.9046,9.5531,9.2371,8.9501,8.6873,8.4449,8.2199,8.0099,7.813,7.6277,7.4527,7.2871,7.1297,6.9799,6.837,6.7002,6.5691,6.4433,6.3224,6.206,6.0938,5.9855,5.8809,5.7796,5.6815,5.5864,5.4941,5.4045,5.3173,5.2325,5.1499,5.0694,4.991,4.9144,4.8397,4.7667,4.6954,4.6256,4.5573,4.4904,4.4248,4.3606,4.2975,4.2357,4.175,4.0751,4.0569,3.9994,3.9429,3.8873,3.8325,3.7787,3.7256,3.6733,3.6218
12.773,11.941,11.292,10.757,10.301,9.9046,9.5531,9.2371,8.9501,8.6873,8.4449,8.2199,8.0099,7.813,7.6277,7.4527,7.2871,7.1297,6.9799,6.837,6.7002,6.5691,6.4433,6.3224,6.206,6.0938,5.9855,5.8809,5.7796,5.6815,5.5864,5.4941,5.3662,5.3173,5.2325,5.1499,5.0694,4.991,4.9144,4.8397,4.7667,4.6954,4.6256,4.5573,4.4904,4.4248,4.3606,4.2975,4.2357,4.175,4.1155,4.0569,3.9994,3.9429,3.8873,3.8325,3.7787,3.7256,3.6733,3.6218
12.773,11.941,11.292,10.757,10.301,9.9046,9.5173,9.2371,8.9501,8.6873,8.4449,8.2199,8.0099,7.813,7.6277,7.4527,7.2871,7.1297,6.9799,6.837,6.7002,6.5691,6.4433,6.2851,6.206,6.0938,5.9855,5.8809,5.7796,5.6815,5.5864,5.4941,5.4045,5.3173,5.2325,5.1499,5.0694,4.991,4.9144,4.8397,4.7276,4.6954,4.6256,4.5573,4.4904,4.4248,4.3606,4.2975,4.2357,4.175,4.1155,4.0569,3.9994,3.9429,3.8873,3.8325,3.7787,3.7256,3.6733,3.6218
