105,123.73,142.46,161.19,179.92,198.64,217.37,236.1,254.83,273.56,292.29,311.02,329.75,348.47,367.2,385.93,404.66,423.39,442.12,460.85,479.58,498.31,517.03,535.76,554.49,573.22,591.95,610.68,629.41,648.14,666.86,685.59,704.32,723.05,741.78,760.51,779.24,797.97,816.69,835.42,854.15,872.88,891.61,910.34,929.07,947.8,966.53,985.25,1004,1022.7,1041.4,1060.2,1078.9,1097.6,1116.4,1135.1,1153.8,1172.5,1191.3,1210
0.6,0.60593,0.61186,0.6178,0.62373,0.62966,0.63559,0.64153,0.64746,0.65339,0.65932,0.66525,0.67119,0.67712,0.68305,0.68898,0.69492,0.70085,0.70678,0.71271,0.71864,0.72458,0.73051,0.73644,0.74237,0.74831,0.75424,0.76017,0.7661,0.77203,0.77797,0.7839,0.78983,0.79576,0.80169,0.80763,0.81356,0.81949,0.82542,0.83136,0.83729,0.84322,0.84915,0.85508,0.86102,0.86695,0.87288,0.87881,0.88475,0.89068,0.89661,0.90254,0.90847,0.91441,0.92034,0.92627,0.9322,0.93814,0.94407,0.95
NaN,NaN,NaN,NaN,NaN,NaN,NaN,NaN,NaN,NaN,NaN,NaN,NaN,NaN,NaN,NaN,NaN,NaN,58.402,58.221,58.364,58.355,58.329,58.354,58.363,58.378,58.551,58.427,58.461,58.501,58.546,58.595,58.647,58.7,58.753,58.803,58.849,58.889,58.922,58.947,58.963,58.969,58.966,58.953,58.928,58.894,58.849,58.794,58.73,58.656,58.572,58.48,58.379,58.269,58.152,58.027,57.894,57.755,57.608,57.456
NaN,NaN,NaN,NaN,NaN,NaN,NaN,NaN,NaN,NaN,NaN,NaN,NaN,NaN,NaN,NaN,NaN,54.945,55.07,55.198,55.327,55.454,55.578,55.697,55.809,55.912,56.007,56.092,56.166,56.229,56.281,56.321,56.349,56.366,56.371,56.365,56.349,56.322,56.285,56.239,56.183,56.119,56.046,55.965,55.877,55.781,55.677,55.567,55.451,55.329,55.2,55.066,54.927,54.783,54.635,54.481,54.324,54.162,54.1,53.938
NaN,NaN,NaN,NaN,NaN,NaN,NaN,NaN,NaN,NaN,NaN,NaN,NaN,NaN,55.858,55.938,56.005,52.76,52.497,52.315,52.17,52.046,51.937,51.839,51.749,51.664,51.584,51.509,51.436,51.365,51.296,51.229,51.162,51.096,51.031,50.966,50.901,50.837,50.772,50.708,50.644,50.58,50.517,50.455,50.393,50.332,50.272,50.212,50.152,50.093,50.033,49.973,49.912,49.85,49.787,49.722,49.656,49.589,49.52,49.45
NaN,NaN,NaN,NaN,NaN,NaN,NaN,NaN,NaN,NaN,NaN,NaN,NaN,NaN,NaN,NaN,49.517,49.627,49.739,49.852,49.965,50.076,50.184,50.288,50.387,50.48,50.567,50.646,50.717,50.78,50.835,50.88,50.916,50.943,50.961,50.97,50.97,50.961,50.944,50.919,50.886,50.844,50.796,50.74,50.677,50.607,50.531,50.448,50.36,50.266,50.166,50.06,49.95,49.835,49.715,49.591,49.463,49.331,49.194,49.054
NaN,NaN,NaN,NaN,NaN,NaN,NaN,NaN,NaN,NaN,NaN,NaN,NaN,NaN,NaN,46.519,46.5,46.483,46.468,46.456,46.446,46.438,46.432,46.429,46.428,46.43,46.435,46.442,46.452,46.464,46.478,46.495,46.513,46.532,46.552,46.573,46.593,46.613,46.632,46.65,46.665,46.679,46.69,46.697,46.702,46.702,46.699,46.69,46.677,46.66,46.637,46.609,46.575,46.537,46.493,46.444,46.39,46.33,46.266,46.196
NaN,NaN,NaN,NaN,NaN,NaN,NaN,NaN,NaN,NaN,NaN,NaN,NaN,NaN,47.125,46.966,46.84,46.734,46.642,46.558,46.481,46.409,46.341,46.276,45.537,46.153,45.419,45.364,45.977,45.261,45.212,45.164,45.746,45.687,45.627,44.978,45.506,45.444,45.382,44.791,45.254,45.188,45.122,45.056,44.989,44.921,44.853,44.785,44.717,44.649,44.581,44.512,44.443,44.374,44.304,44.234,44.163,44.092,44.02,43.947
NaN,NaN,NaN,NaN,NaN,NaN,NaN,NaN,NaN,NaN,NaN,NaN,NaN,NaN,NaN,NaN,46.551,46.65,46.746,46.837,46.924,47.007,47.082,47.151,47.214,47.27,47.318,47.359,47.392,47.419,47.437,47.449,47.453,47.45,47.439,47.422,47.399,47.368,47.331,47.289,47.24,47.185,47.125,47.059,46.988,46.912,46.832,46.746,46.657,46.563,46.465,46.363,46.257,46.148,46.036,45.92,45.801,45.68,45.555,45.428
NaN,NaN,NaN,NaN,NaN,NaN,NaN,NaN,NaN,NaN,NaN,NaN,NaN,NaN,NaN,43.426,43.484,43.547,43.613,43.68,43.751,43.822,43.894,43.966,44.037,44.106,44.175,44.241,44.304,44.364,44.421,44.473,44.521,44.565,44.603,44.636,44.663,44.685,44.701,44.711,44.716,44.715,44.708,44.695,44.677,44.653,44.623,44.588,44.548,44.502,44.452,44.396,44.335,44.27,44.2,44.126,44.047,43.964,43.876,43.785
NaN,NaN,NaN,NaN,NaN,NaN,NaN,NaN,NaN,NaN,NaN,NaN,NaN,NaN,NaN,41.742,41.747,41.755,41.766,41.781,41.798,41.817,41.84,41.865,41.891,41.919,41.949,41.981,42.013,42.046,42.08,42.114,42.148,42.181,42.213,42.245,42.275,42.304,42.331,42.356,42.378,42.397,42.414,42.427,42.436,42.442,42.444,42.442,42.436,42.426,42.411,42.392,42.369,42.342,42.31,42.274,42.234,42.189,42.14,42.087
NaN,NaN,NaN,NaN,NaN,NaN,NaN,NaN,NaN,NaN,NaN,NaN,NaN,NaN,40.97,40.945,40.923,40.9,40.881,40.862,40.845,40.829,40.814,40.8,40.788,40.777,40.768,40.76,40.753,40.747,40.742,40.739,40.736,40.734,40.733,40.732,40.732,40.733,40.733,40.733,40.734,40.734,40.734,40.733,40.732,40.729,40.726,40.721,40.715,40.707,40.698,40.686,40.673,40.657,40.639,40.618,40.594,40.568,40.538,40.506
NaN,NaN,NaN,NaN,NaN,NaN,NaN,NaN,NaN,NaN,NaN,NaN,NaN,NaN,40.569,40.535,40.505,40.475,40.445,40.416,40.388,40.36,40.332,40.304,40.276,40.249,40.221,40.193,40.165,40.137,40.11,40.083,40.056,40.029,40.003,39.977,39.952,39.926,39.902,39.877,39.853,39.828,39.804,39.78,39.756,39.732,39.708,39.683,39.658,39.633,39.608,39.581,39.554,39.526,39.498,39.468,39.438,39.406,39.373,39.339
NaN,NaN,NaN,NaN,NaN,NaN,NaN,NaN,NaN,NaN,NaN,NaN,NaN,NaN,NaN,40.344,40.301,40.261,40.222,40.185,40.149,40.114,40.08,40.046,40.013,39.98,39.947,39.915,39.882,39.849,39.816,39.782,39.748,39.713,39.678,39.643,39.606,39.57,39.533,39.495,39.458,39.419,39.381,39.343,39.304,39.265,39.226,39.187,39.147,39.108,39.068,39.027,38.987,38.946,38.904,38.862,38.819,38.776,38.732,38.688
NaN,NaN,NaN,NaN,NaN,NaN,NaN,NaN,NaN,NaN,NaN,NaN,NaN,NaN,NaN,NaN,41.129,40.329,40.259,40.194,40.134,40.079,40.027,39.978,39.931,39.886,39.843,39.8,39.76,39.72,39.681,39.642,39.604,39.566,39.528,39.49,39.452,39.414,39.375,39.337,39.297,39.257,39.217,39.176,39.134,39.092,39.048,39.005,38.96,38.914,38.868,38.821,38.774,38.726,38.677,38.628,38.579,38.529,38.478,38.427
NaN,NaN,NaN,NaN,NaN,NaN,NaN,NaN,NaN,NaN,NaN,NaN,NaN,NaN,NaN,NaN,NaN,NaN,42.767,42.807,42.845,42.881,42.913,41.173,40.954,40.832,40.738,40.66,40.59,40.527,40.468,40.413,40.359,40.308,40.258,40.209,40.161,39.424,39.377,40.017,39.285,39.241,39.874,39.154,39.111,39.068,39.025,39.626,39.575,39.523,39.47,39.417,39.362,39.307,39.252,39.195,39.138,39.08,39.021,38.961
NaN,NaN,NaN,NaN,NaN,NaN,NaN,NaN,NaN,NaN,NaN,NaN,NaN,NaN,NaN,NaN,NaN,NaN,41.186,41.227,41.269,41.31,41.35,41.391,41.428,41.464,41.498,41.529,41.557,41.582,41.604,41.623,41.638,41.649,41.657,41.66,41.661,41.657,41.649,41.637,41.621,41.601,41.578,41.55,40.088,39.974,39.888,39.815,39.748,39.686,39.628,39.573,39.52,39.47,39.422,39.377,39.336,39.3,39.274,39.27
NaN,NaN,NaN,NaN,NaN,NaN,NaN,NaN,NaN,NaN,NaN,NaN,NaN,NaN,NaN,NaN,NaN,39.798,39.83,39.865,39.903,39.939,39.98,40.017,40.054,40.093,40.13,40.166,40.2,40.233,40.262,40.291,40.316,40.34,40.36,40.377,40.392,40.403,40.411,40.416,40.417,40.415,40.409,40.4,40.387,40.37,40.35,40.326,40.299,40.268,40.233,40.195,40.154,40.109,40.06,40.009,39.954,39.895,39.834,39.77
NaN,NaN,NaN,NaN,NaN,NaN,NaN,NaN,NaN,NaN,NaN,NaN,NaN,NaN,NaN,NaN,NaN,38.7,38.722,38.744,38.771,38.798,38.831,38.861,38.893,38.925,38.957,38.988,39.021,39.052,39.084,39.113,39.142,39.169,39.193,39.217,39.238,39.257,39.273,39.288,39.299,39.308,39.314,39.317,39.318,39.315,39.309,39.299,39.287,39.272,39.253,39.231,39.206,39.177,39.145,39.11,39.072,39.03,38.986,38.938
NaN,NaN,NaN,NaN,NaN,NaN,NaN,NaN,NaN,NaN,NaN,NaN,NaN,NaN,NaN,NaN,37.831,37.838,37.849,37.858,37.872,37.888,37.908,37.927,37.948,37.97,37.994,38.019,38.044,38.068,38.094,38.118,38.143,38.168,38.19,38.213,38.234,38.255,38.273,38.29,38.306,38.319,38.33,38.34,38.347,38.352,38.354,38.354,38.351,38.346,38.338,38.327,38.314,38.298,38.278,38.256,38.231,38.203,38.172,38.139
NaN,NaN,NaN,NaN,NaN,NaN,NaN,NaN,NaN,NaN,NaN,NaN,NaN,NaN,NaN,NaN,37.174,37.168,37.166,37.168,37.172,37.177,37.185,37.195,37.205,37.218,37.232,37.247,37.262,37.278,37.295,37.312,37.33,37.346,37.363,37.381,37.398,37.414,37.429,37.444,37.459,37.471,37.482,37.493,37.502,37.509,37.514,37.518,37.52,37.52,37.517,37.513,37.507,37.498,37.487,37.473,37.457,37.439,37.418,37.394
NaN,NaN,NaN,NaN,NaN,NaN,NaN,NaN,NaN,NaN,NaN,NaN,NaN,NaN,NaN,NaN,36.671,36.659,36.647,36.639,36.634,36.632,36.63,36.632,36.632,36.636,36.64,36.647,36.653,36.659,36.667,36.676,36.685,36.695,36.704,36.715,36.724,36.734,36.743,36.753,36.762,36.771,36.779,36.786,36.792,36.798,36.803,36.806,36.808,36.809,36.809,36.806,36.803,36.797,36.79,36.781,36.77,36.757,36.742,36.724
NaN,NaN,NaN,NaN,NaN,NaN,NaN,NaN,NaN,NaN,NaN,NaN,NaN,NaN,NaN,36.312,36.288,36.269,36.252,36.237,36.225,36.215,36.207,36.201,36.196,36.19,36.186,36.184,36.183,36.182,36.183,36.184,36.185,36.187,36.189,36.192,36.194,36.198,36.201,36.204,36.207,36.21,36.212,36.215,36.217,36.218,36.219,36.22,36.219,36.218,36.216,36.213,36.209,36.203,36.197,36.189,36.179,36.169,36.156,36.142
NaN,NaN,NaN,NaN,NaN,NaN,NaN,NaN,NaN,NaN,NaN,NaN,NaN,NaN,NaN,36.025,35.998,35.973,35.951,35.932,35.916,35.901,35.885,35.871,35.86,35.849,35.84,35.831,35.824,35.816,35.811,35.805,35.8,35.795,35.791,35.787,35.784,35.781,35.778,35.775,35.772,35.769,35.767,35.763,35.76,35.757,35.753,35.749,35.745,35.74,35.735,35.729,35.722,35.715,35.707,35.697,35.687,35.676,35.664,35.651
NaN,NaN,NaN,NaN,NaN,NaN,NaN,NaN,NaN,NaN,NaN,NaN,NaN,NaN,NaN,35.806,35.775,35.748,35.723,35.7,35.678,35.658,35.637,35.621,35.606,35.589,35.575,35.562,35.549,35.536,35.525,35.514,35.504,35.494,35.484,35.475,35.467,35.458,35.45,35.442,35.434,35.426,35.418,35.411,35.403,35.395,35.387,35.379,35.37,35.361,35.352,35.343,35.333,35.322,35.311,35.3,35.288,35.274,35.261,35.246
NaN,NaN,NaN,NaN,NaN,NaN,NaN,NaN,NaN,NaN,NaN,NaN,NaN,NaN,NaN,35.636,35.603,35.574,35.544,35.519,35.494,35.471,35.448,35.429,35.408,35.389,35.371,35.354,35.338,35.322,35.307,35.292,35.276,35.263,35.249,35.235,35.222,35.209,35.197,35.185,35.173,35.16,35.148,35.137,35.125,35.113,35.1,35.088,35.076,35.064,35.051,35.038,35.025,35.011,34.997,34.983,34.968,34.953,34.937,34.92
NaN,NaN,NaN,NaN,NaN,NaN,NaN,NaN,NaN,NaN,NaN,NaN,NaN,NaN,NaN,35.505,35.469,35.438,35.406,35.379,35.352,35.327,35.303,35.279,35.256,35.235,35.214,35.194,35.175,35.156,35.137,35.119,35.101,35.084,35.067,35.05,35.034,35.018,35.002,34.986,34.97,34.955,34.939,34.924,34.908,34.893,34.877,34.862,34.847,34.831,34.815,34.799,34.783,34.767,34.75,34.733,34.715,34.698,34.68,34.661
NaN,NaN,NaN,NaN,NaN,NaN,NaN,NaN,NaN,NaN,NaN,NaN,NaN,NaN,NaN,NaN,35.363,35.331,35.299,35.269,35.241,35.214,35.188,35.163,35.139,35.114,35.092,35.07,35.048,35.027,35.006,34.985,34.965,34.945,34.925,34.906,34.887,34.868,34.85,34.831,34.813,34.794,34.776,34.758,34.74,34.722,34.704,34.686,34.667,34.649,34.631,34.612,34.594,34.575,34.556,34.536,34.517,34.497,34.477,34.456
NaN,NaN,NaN,NaN,NaN,NaN,NaN,NaN,NaN,NaN,NaN,NaN,NaN,NaN,NaN,NaN,35.279,35.246,35.214,35.183,35.154,35.125,35.098,35.072,35.046,35.021,34.997,34.973,34.949,34.926,34.903,34.881,34.859,34.837,34.815,34.794,34.773,34.752,34.731,34.711,34.69,34.67,34.65,34.629,34.609,34.589,34.568,34.548,34.528,34.507,34.487,34.466,34.445,34.424,34.403,34.382,34.36,34.338,34.316,34.294
NaN,NaN,NaN,NaN,NaN,NaN,NaN,NaN,NaN,NaN,NaN,NaN,NaN,NaN,NaN,NaN,35.211,35.176,35.144,35.113,35.083,35.054,35.026,34.999,34.972,34.947,34.921,34.895,34.871,34.847,34.823,34.799,34.775,34.752,34.729,34.706,34.684,34.661,34.639,34.617,34.594,34.572,34.55,34.528,34.506,34.484,34.462,34.44,34.418,34.396,34.374,34.351,34.329,34.306,34.283,34.26,34.237,34.214,34.19,34.166
NaN,NaN,NaN,NaN,NaN,NaN,NaN,NaN,NaN,NaN,NaN,NaN,NaN,NaN,NaN,NaN,NaN,35.117,35.084,35.053,35.025,34.995,34.967,34.941,34.913,34.886,34.86,34.834,34.809,34.784,34.759,34.735,34.71,34.686,34.662,34.638,34.614,34.59,34.566,34.543,34.52,34.496,34.473,34.449,34.426,34.403,34.379,34.356,34.332,34.309,34.285,34.261,34.237,34.213,34.189,34.165,34.141,34.116,34.091,34.066
NaN,NaN,NaN,NaN,NaN,NaN,NaN,NaN,NaN,NaN,NaN,NaN,NaN,NaN,NaN,NaN,NaN,35.064,35.033,35.003,34.973,34.946,34.918,34.891,34.864,34.837,34.812,34.785,34.76,34.734,34.709,34.684,34.659,34.634,34.609,34.584,34.559,34.535,34.51,34.486,34.461,34.437,34.413,34.388,34.364,34.339,34.315,34.29,34.266,34.241,34.216,34.191,34.166,34.141,34.116,34.09,34.065,34.039,34.013,33.987
NaN,NaN,NaN,NaN,NaN,NaN,NaN,NaN,NaN,NaN,NaN,NaN,NaN,NaN,NaN,NaN,NaN,NaN,34.986,34.956,34.927,34.9,34.873,34.846,34.821,34.795,34.77,34.744,34.718,34.693,34.668,34.643,34.618,34.593,34.568,34.542,34.517,34.492,34.467,34.442,34.416,34.391,34.366,34.34,34.315,34.29,34.265,34.239,34.214,34.188,34.163,34.137,34.111,34.085,34.059,34.033,34.006,33.98,33.953,33.926
NaN,NaN,NaN,NaN,NaN,NaN,NaN,NaN,NaN,NaN,NaN,NaN,NaN,NaN,NaN,NaN,NaN,NaN,34.944,34.913,34.886,34.859,34.832,34.807,34.782,34.756,34.732,34.706,34.682,34.657,34.633,34.608,34.583,34.558,34.533,34.508,34.484,34.458,34.433,34.407,34.382,34.356,34.331,34.305,34.279,34.253,34.227,34.201,34.175,34.148,34.122,34.096,34.069,34.042,34.016,33.989,33.961,33.934,33.907,33.879
NaN,NaN,NaN,NaN,NaN,NaN,NaN,NaN,NaN,NaN,NaN,NaN,NaN,NaN,NaN,NaN,NaN,NaN,NaN,34.876,34.848,34.821,34.796,34.77,34.746,34.721,34.697,34.673,34.648,34.625,34.601,34.577,34.553,34.529,34.505,34.48,34.456,34.431,34.406,34.38,34.355,34.33,34.304,34.278,34.252,34.226,34.199,34.173,34.146,34.119,34.092,34.065,34.038,34.011,33.984,33.956,33.928,33.9,33.872,33.844
NaN,NaN,NaN,NaN,NaN,NaN,NaN,NaN,NaN,NaN,NaN,NaN,NaN,NaN,NaN,NaN,NaN,NaN,NaN,34.842,34.813,34.787,34.761,34.737,34.713,34.688,34.664,34.641,34.618,34.595,34.572,34.548,34.526,34.502,34.478,34.455,34.431,34.407,34.382,34.358,34.333,34.308,34.283,34.257,34.231,34.205,34.179,34.153,34.126,34.099,34.072,34.044,34.017,33.989,33.961,33.933,33.905,33.876,33.848,33.819
NaN,NaN,NaN,NaN,NaN,NaN,NaN,NaN,NaN,NaN,NaN,NaN,NaN,NaN,NaN,NaN,NaN,NaN,NaN,NaN,34.785,34.758,34.732,34.708,34.684,34.66,34.636,34.614,34.59,34.568,34.545,34.522,34.499,34.477,34.454,34.431,34.408,34.385,34.361,34.337,34.313,34.289,34.265,34.24,34.215,34.189,34.163,34.137,34.111,34.084,34.057,34.03,34.003,33.975,33.947,33.919,33.89,33.861,33.833,33.803
NaN,NaN,NaN,NaN,NaN,NaN,NaN,NaN,NaN,NaN,NaN,NaN,NaN,NaN,NaN,NaN,NaN,NaN,NaN,NaN,34.763,34.736,34.709,34.684,34.659,34.636,34.612,34.589,34.566,34.544,34.522,34.499,34.477,34.455,34.432,34.41,34.388,34.365,34.342,34.319,34.296,34.272,34.248,34.224,34.2,34.175,34.15,34.125,34.1,34.074,34.047,34.021,33.994,33.966,33.939,33.911,33.882,33.854,33.825,33.796
NaN,NaN,NaN,NaN,NaN,NaN,NaN,NaN,NaN,NaN,NaN,NaN,NaN,NaN,NaN,NaN,NaN,NaN,NaN,NaN,NaN,34.72,34.694,34.667,34.642,34.618,34.594,34.57,34.547,34.525,34.502,34.48,34.458,34.436,34.414,34.392,34.37,34.347,34.325,34.303,34.28,34.257,34.235,34.211,34.187,34.163,34.139,34.115,34.09,34.065,34.039,34.014,33.987,33.961,33.934,33.906,33.879,33.851,33.822,33.793
NaN,NaN,NaN,NaN,NaN,NaN,NaN,NaN,NaN,NaN,NaN,NaN,NaN,NaN,NaN,NaN,NaN,NaN,NaN,NaN,NaN,34.717,34.689,34.66,34.635,34.609,34.584,34.559,34.536,34.513,34.49,34.468,34.445,34.423,34.401,34.379,34.356,34.334,34.312,34.29,34.268,34.246,34.223,34.2,34.177,34.154,34.13,34.106,34.082,34.058,34.033,34.008,33.983,33.957,33.931,33.904,33.877,33.85,33.823,33.794
NaN,NaN,NaN,NaN,NaN,NaN,NaN,NaN,NaN,NaN,NaN,NaN,NaN,NaN,NaN,NaN,NaN,NaN,NaN,NaN,NaN,NaN,34.698,34.67,34.64,34.613,34.587,34.561,34.536,34.512,34.487,34.464,34.441,34.418,34.395,34.372,34.35,34.327,34.305,34.283,34.261,34.238,34.216,34.193,34.17,34.148,34.124,34.101,34.078,34.054,34.029,34.005,33.98,33.956,33.93,33.904,33.879,33.852,33.825,33.798
NaN,NaN,NaN,NaN,NaN,NaN,NaN,NaN,NaN,NaN,NaN,NaN,NaN,NaN,NaN,NaN,NaN,NaN,NaN,NaN,NaN,NaN,34.735,34.7,34.667,34.637,34.607,34.579,34.551,34.525,34.499,34.474,34.449,34.425,34.401,34.377,34.354,34.331,34.308,34.285,34.262,34.239,34.216,34.194,34.17,34.148,34.125,34.101,34.078,34.054,34.031,34.007,33.982,33.958,33.933,33.908,33.883,33.857,33.831,33.805
NaN,NaN,NaN,NaN,NaN,NaN,NaN,NaN,NaN,NaN,NaN,NaN,NaN,NaN,NaN,NaN,NaN,NaN,NaN,NaN,NaN,NaN,34.834,34.785,34.741,34.701,34.664,34.629,34.596,34.565,34.535,34.506,34.478,34.452,34.425,34.399,34.373,34.349,34.324,34.3,34.276,34.252,34.228,34.205,34.181,34.157,34.134,34.111,34.087,34.063,34.039,34.016,33.991,33.967,33.943,33.918,33.893,33.868,33.842,33.817
NaN,NaN,NaN,NaN,NaN,NaN,NaN,NaN,NaN,NaN,NaN,NaN,NaN,NaN,NaN,NaN,NaN,NaN,NaN,NaN,NaN,NaN,NaN,35.785,35.662,35.581,35.516,35.461,35.413,34.667,34.624,34.586,34.549,34.515,34.483,34.453,34.423,34.394,34.367,34.339,34.312,34.286,34.26,34.235,34.21,34.185,34.16,34.136,34.111,34.086,34.062,34.038,34.013,33.988,33.964,33.939,33.914,33.889,33.864,33.838
NaN,NaN,NaN,NaN,NaN,NaN,NaN,NaN,NaN,NaN,NaN,NaN,NaN,NaN,NaN,NaN,NaN,NaN,NaN,NaN,NaN,NaN,NaN,37.249,37.204,37.161,37.121,37.081,37.044,37.012,36.975,36.945,35.434,35.35,35.288,35.237,35.192,35.152,35.114,34.431,34.397,34.365,34.334,34.303,34.274,34.246,34.218,34.839,34.81,34.782,34.11,34.724,34.695,34.032,34.636,34.606,33.956,33.93,33.904,33.879
NaN,NaN,NaN,NaN,NaN,NaN,NaN,NaN,NaN,NaN,NaN,NaN,NaN,NaN,NaN,NaN,NaN,NaN,NaN,NaN,NaN,NaN,36.965,36.914,36.869,36.829,36.791,36.751,36.715,36.682,36.647,36.614,36.58,36.551,36.519,36.486,36.456,36.428,36.401,36.369,36.339,36.308,35.166,35.081,35.023,34.976,34.934,34.895,34.858,34.824,34.79,34.757,34.725,34.693,34.662,34.63,34.599,34.567,34.536,34.504
NaN,NaN,NaN,NaN,NaN,NaN,NaN,NaN,NaN,NaN,NaN,NaN,NaN,NaN,NaN,NaN,NaN,NaN,NaN,NaN,NaN,NaN,36.647,36.605,36.555,36.515,36.478,36.438,36.4,36.366,36.334,36.301,36.27,36.238,36.209,36.18,36.149,36.12,36.093,36.063,36.036,36.005,35.978,35.947,35.919,35.889,35.86,35.828,35.797,35.766,35.733,35.701,35.667,35.632,35.596,35.56,35.524,35.485,35.446,35.406
NaN,NaN,NaN,NaN,NaN,NaN,NaN,NaN,NaN,NaN,NaN,NaN,NaN,NaN,NaN,NaN,NaN,NaN,NaN,NaN,NaN,NaN,36.351,36.308,36.266,36.218,36.177,36.142,36.106,36.071,36.035,36.004,35.975,35.942,35.914,35.885,35.856,35.829,35.798,35.77,35.745,35.716,35.689,35.661,35.633,35.605,35.576,35.548,35.518,35.489,35.458,35.428,35.396,35.363,35.33,35.296,35.261,35.226,35.189,35.152
NaN,NaN,NaN,NaN,NaN,NaN,NaN,NaN,NaN,NaN,NaN,NaN,NaN,NaN,NaN,NaN,NaN,NaN,NaN,NaN,NaN,36.122,36.076,36.026,35.982,35.938,35.9,35.864,35.827,35.79,35.758,35.721,35.692,35.662,35.632,35.606,35.577,35.549,35.524,35.495,35.468,35.441,35.415,35.389,35.361,35.336,35.308,35.281,35.253,35.225,35.196,35.166,35.137,35.106,35.075,35.043,35.01,34.977,34.943,34.908
NaN,NaN,NaN,NaN,NaN,NaN,NaN,NaN,NaN,NaN,NaN,NaN,NaN,NaN,NaN,NaN,NaN,NaN,NaN,NaN,NaN,35.864,35.819,35.759,35.712,35.671,35.631,35.596,35.561,35.52,35.488,35.457,35.426,35.395,35.37,35.339,35.314,35.286,35.259,35.233,35.207,35.182,35.155,35.129,35.103,35.08,35.053,35.025,34.999,34.973,34.945,34.917,34.889,34.861,34.831,34.801,34.77,34.739,34.707,34.673
NaN,NaN,NaN,NaN,NaN,NaN,NaN,NaN,NaN,NaN,NaN,NaN,NaN,NaN,NaN,NaN,NaN,NaN,NaN,NaN,NaN,35.614,35.565,35.508,35.462,35.421,35.381,35.345,35.306,35.272,35.241,35.208,35.176,35.145,35.118,35.089,35.061,35.035,35.009,34.984,34.959,34.936,34.908,34.883,34.858,34.835,34.809,34.785,34.759,34.733,34.708,34.681,34.654,34.627,34.599,34.57,34.541,34.511,34.481,34.45
NaN,NaN,NaN,NaN,NaN,NaN,NaN,NaN,NaN,NaN,NaN,NaN,NaN,NaN,NaN,NaN,NaN,NaN,NaN,NaN,35.438,35.382,35.324,35.276,35.227,35.188,35.15,35.108,35.067,35.033,35.001,34.971,34.94,34.908,34.879,34.852,34.827,34.799,34.774,34.75,34.726,34.699,34.674,34.651,34.628,34.603,34.579,34.554,34.53,34.506,34.482,34.456,34.43,34.405,34.377,34.351,34.323,34.295,34.266,34.236
NaN,NaN,NaN,NaN,NaN,NaN,NaN,NaN,NaN,NaN,NaN,NaN,NaN,NaN,NaN,NaN,NaN,NaN,NaN,NaN,35.217,35.156,35.101,35.057,35.005,34.965,34.916,34.881,34.844,34.813,34.775,34.743,34.716,34.687,34.659,34.629,34.605,34.578,34.549,34.526,34.501,34.477,34.455,34.43,34.407,34.383,34.361,34.337,34.315,34.291,34.266,34.242,34.217,34.194,34.167,34.142,34.115,34.089,34.061,34.033
NaN,NaN,NaN,NaN,NaN,NaN,NaN,NaN,NaN,NaN,NaN,NaN,NaN,NaN,NaN,NaN,NaN,NaN,NaN,NaN,35,34.943,34.895,34.841,34.79,34.751,34.709,34.674,34.636,34.597,34.566,34.529,34.504,34.474,34.443,34.417,34.392,34.364,34.339,34.315,34.293,34.269,34.244,34.22,34.198,34.175,34.152,34.131,34.108,34.084,34.061,34.039,34.015,33.991,33.967,33.942,33.918,33.892,33.866,33.84
NaN,NaN,NaN,NaN,NaN,NaN,NaN,NaN,NaN,NaN,NaN,NaN,NaN,NaN,NaN,NaN,NaN,NaN,NaN,NaN,34.808,34.742,34.695,34.64,34.59,34.552,34.514,34.468,34.429,34.4,34.364,34.334,34.303,34.273,34.245,34.218,34.192,34.166,34.142,34.118,34.092,34.069,34.046,34.024,34.002,33.98,33.957,33.935,33.914,33.891,33.868,33.846,33.823,33.8,33.777,33.754,33.73,33.706,33.681,33.656
NaN,NaN,NaN,NaN,NaN,NaN,NaN,NaN,NaN,NaN,NaN,NaN,NaN,NaN,NaN,NaN,NaN,NaN,NaN,34.679,34.613,34.554,34.505,34.454,34.406,34.366,34.317,34.281,34.242,34.208,34.173,34.145,34.114,34.082,34.056,34.026,34.002,33.977,33.952,33.928,33.906,33.882,33.859,33.837,33.815,33.793,33.772,33.749,33.729,33.707,33.685,33.664,33.642,33.62,33.598,33.575,33.552,33.528,33.505,33.481
NaN,NaN,NaN,NaN,NaN,NaN,NaN,NaN,NaN,NaN,NaN,NaN,NaN,NaN,NaN,NaN,NaN,NaN,NaN,34.498,34.435,34.383,34.323,34.271,34.229,34.184,34.145,34.106,34.064,34.032,33.995,33.962,33.932,33.904,33.878,33.849,33.824,33.798,33.773,33.752,33.727,33.705,33.681,33.659,33.639,33.618,33.596,33.575,33.554,33.533,33.512,33.491,33.47,33.448,33.427,33.405,33.383,33.36,33.338,33.315
NaN,NaN,NaN,NaN,NaN,NaN,NaN,NaN,NaN,NaN,NaN,NaN,NaN,NaN,NaN,NaN,NaN,NaN,NaN,34.334,34.27,34.211,34.158,34.108,34.058,34.014,33.971,33.933,33.895,33.862,33.83,33.798,33.766,33.734,33.708,33.683,33.656,33.629,33.607,33.583,33.559,33.537,33.514,33.492,33.472,33.452,33.431,33.408,33.389,33.368,33.348,33.327,33.307,33.288,33.266,33.244,33.224,33.202,33.179,33.157
NaN,NaN,NaN,NaN,NaN,NaN,NaN,NaN,NaN,NaN,NaN,NaN,NaN,NaN,NaN,NaN,NaN,NaN,NaN,34.166,34.103,34.05,33.993,33.946,33.899,33.857,33.812,33.774,33.734,33.703,33.67,33.637,33.606,33.575,33.55,33.521,33.497,33.471,33.448,33.423,33.402,33.377,33.357,33.335,33.314,33.293,33.273,33.254,33.233,33.214,33.193,33.173,33.153,33.133,33.113,33.092,33.072,33.051,33.029,33.008
NaN,NaN,NaN,NaN,NaN,NaN,NaN,NaN,NaN,NaN,NaN,NaN,NaN,NaN,NaN,NaN,NaN,NaN,NaN,34.019,33.957,33.9,33.846,33.795,33.747,33.704,33.663,33.622,33.584,33.55,33.518,33.487,33.457,33.426,33.398,33.373,33.348,33.321,33.296,33.275,33.25,33.229,33.207,33.186,33.164,33.145,33.127,33.105,33.085,33.066,33.046,33.027,33.007,32.987,32.967,32.948,32.928,32.907,32.887,32.866
NaN,NaN,NaN,NaN,NaN,NaN,NaN,NaN,NaN,NaN,NaN,NaN,NaN,NaN,NaN,NaN,NaN,NaN,NaN,33.872,33.815,33.762,33.7,33.653,33.605,33.562,33.517,33.479,33.443,33.407,33.373,33.34,33.311,33.284,33.255,33.231,33.202,33.176,33.155,33.132,33.11,33.087,33.067,33.046,33.023,33.005,32.984,32.965,32.946,32.927,32.908,32.888,32.869,32.85,32.831,32.812,32.792,32.772,32.752,32.732
NaN,NaN,NaN,NaN,NaN,NaN,NaN,NaN,NaN,NaN,NaN,NaN,NaN,NaN,NaN,NaN,NaN,NaN,33.804,33.746,33.676,33.621,33.573,33.518,33.47,33.426,33.384,33.344,33.308,33.272,33.24,33.209,33.175,33.147,33.119,33.095,33.07,33.045,33.02,32.999,32.977,32.953,32.931,32.911,32.891,32.872,32.851,32.833,32.813,32.794,32.776,32.757,32.738,32.72,32.701,32.682,32.663,32.644,32.624,32.605
NaN,NaN,NaN,NaN,NaN,NaN,NaN,NaN,NaN,NaN,NaN,NaN,NaN,NaN,NaN,NaN,NaN,NaN,628.03,627.74,628.03,627.98,627.55,627.78,627.64,627.47,626.91,627.05,626.82,626.57,626.31,626.04,625.76,625.48,625.2,624.91,624.63,624.34,624.05,623.76,623.47,623.18,622.89,622.59,622.29,621.99,621.69,621.38,621.08,620.76,620.45,620.13,619.81,619.49,619.16,618.83,618.49,618.15,617.8,617.45
NaN,NaN,NaN,NaN,NaN,NaN,NaN,NaN,NaN,NaN,NaN,NaN,NaN,NaN,NaN,NaN,NaN,574.15,573.99,573.83,573.66,573.48,573.3,573.12,572.93,572.75,572.57,572.39,572.21,572.03,571.85,571.66,571.48,571.3,571.12,570.93,570.75,570.56,570.38,570.19,570,569.81,569.63,569.44,569.24,569.05,568.86,568.67,568.47,568.28,568.08,567.89,567.69,567.49,567.29,567.09,566.89,566.69,566.98,566.76
NaN,NaN,NaN,NaN,NaN,NaN,NaN,NaN,NaN,NaN,NaN,NaN,NaN,NaN,520.71,520.59,520.47,558.08,558.9,559.44,559.85,560.17,560.43,560.63,560.78,560.9,560.98,561.02,561.03,561.02,560.97,560.9,560.81,560.69,560.55,560.39,560.21,560.01,559.79,559.57,559.32,559.07,558.81,558.54,558.26,557.98,557.69,557.4,557.09,556.79,556.47,556.15,555.83,555.49,555.14,554.77,554.39,553.99,553.55,553.05
NaN,NaN,NaN,NaN,NaN,NaN,NaN,NaN,NaN,NaN,NaN,NaN,NaN,NaN,NaN,NaN,514.88,514.75,514.62,514.49,514.36,514.23,514.1,513.97,513.83,513.7,513.57,513.45,513.32,513.19,513.06,512.93,512.8,512.67,512.53,512.4,512.27,512.14,512.01,511.88,511.74,511.61,511.48,511.34,511.21,511.07,510.94,510.8,510.67,510.53,510.4,510.26,510.12,509.99,509.85,509.71,509.57,509.43,509.29,509.15
NaN,NaN,NaN,NaN,NaN,NaN,NaN,NaN,NaN,NaN,NaN,NaN,NaN,NaN,NaN,508.61,508.64,508.65,508.65,508.63,508.59,508.54,508.47,508.39,508.29,508.19,508.07,507.95,507.82,507.69,507.55,507.41,507.27,507.12,506.98,506.83,506.69,506.54,506.39,506.25,506.1,505.95,505.81,505.66,505.52,505.37,505.22,505.07,504.93,504.78,504.63,504.48,504.32,504.17,504.02,503.87,503.71,503.56,503.4,503.24
NaN,NaN,NaN,NaN,NaN,NaN,NaN,NaN,NaN,NaN,NaN,NaN,NaN,NaN,497.45,498.11,498.63,499.06,499.43,499.74,500.01,500.24,500.44,500.6,500.94,500.86,501.09,501.14,501.06,501.18,501.17,501.15,501.04,500.99,500.92,500.91,500.75,500.63,500.51,500.46,500.23,500.07,499.91,499.73,499.55,499.36,499.17,498.96,498.76,498.55,498.34,498.12,497.91,497.68,497.46,497.23,497.01,496.77,496.54,496.3
NaN,NaN,NaN,NaN,NaN,NaN,NaN,NaN,NaN,NaN,NaN,NaN,NaN,NaN,NaN,NaN,456.06,455.98,455.9,455.82,455.73,455.65,455.57,455.49,455.4,455.32,455.24,455.15,455.07,454.99,454.91,454.82,454.74,454.66,454.57,454.49,454.41,454.32,454.24,454.16,454.07,453.99,453.9,453.82,453.73,453.65,453.57,453.48,453.4,453.31,453.23,453.14,453.06,452.97,452.89,452.8,452.71,452.63,452.54,452.46
NaN,NaN,NaN,NaN,NaN,NaN,NaN,NaN,NaN,NaN,NaN,NaN,NaN,NaN,NaN,453.55,453.47,453.38,453.29,453.2,453.11,453.02,452.93,452.85,452.76,452.67,452.58,452.5,452.41,452.33,452.24,452.15,452.07,451.98,451.9,451.81,451.72,451.64,451.55,451.46,451.38,451.29,451.2,451.11,451.03,450.94,450.85,450.76,450.68,450.59,450.5,450.41,450.32,450.23,450.14,450.06,449.97,449.88,449.79,449.7
NaN,NaN,NaN,NaN,NaN,NaN,NaN,NaN,NaN,NaN,NaN,NaN,NaN,NaN,NaN,450.94,450.88,450.81,450.74,450.66,450.58,450.5,450.41,450.33,450.24,450.14,450.05,449.96,449.87,449.77,449.68,449.59,449.49,449.4,449.31,449.22,449.13,449.04,448.95,448.86,448.76,448.67,448.58,448.49,448.4,448.31,448.22,448.13,448.04,447.94,447.85,447.76,447.67,447.58,447.48,447.39,447.3,447.2,447.11,447.01
NaN,NaN,NaN,NaN,NaN,NaN,NaN,NaN,NaN,NaN,NaN,NaN,NaN,NaN,448.03,448.04,448.04,448.03,448,447.97,447.93,447.88,447.82,447.76,447.69,447.62,447.54,447.46,447.38,447.29,447.2,447.11,447.02,446.92,446.82,446.73,446.63,446.53,446.43,446.33,446.23,446.14,446.04,445.94,445.84,445.75,445.65,445.55,445.46,445.36,445.26,445.17,445.07,444.97,444.88,444.78,444.68,444.58,444.48,444.38
NaN,NaN,NaN,NaN,NaN,NaN,NaN,NaN,NaN,NaN,NaN,NaN,NaN,NaN,444.54,444.63,444.7,444.77,444.82,444.86,444.89,444.9,444.91,444.91,444.9,444.87,444.84,444.8,444.75,444.7,444.63,444.57,444.49,444.41,444.33,444.24,444.15,444.06,443.97,443.87,443.77,443.67,443.56,443.46,443.35,443.25,443.14,443.04,442.93,442.82,442.72,442.61,442.51,442.4,442.3,442.19,442.09,441.98,441.88,441.77
NaN,NaN,NaN,NaN,NaN,NaN,NaN,NaN,NaN,NaN,NaN,NaN,NaN,NaN,NaN,440.67,440.82,440.96,441.09,441.2,441.3,441.39,441.47,441.54,441.59,441.64,441.68,441.7,441.72,441.72,441.72,441.71,441.68,441.65,441.61,441.56,441.51,441.45,441.38,441.3,441.22,441.13,441.04,440.95,440.85,440.75,440.64,440.54,440.43,440.32,440.2,440.09,439.98,439.86,439.74,439.63,439.51,439.39,439.27,439.15
NaN,NaN,NaN,NaN,NaN,NaN,NaN,NaN,NaN,NaN,NaN,NaN,NaN,NaN,NaN,NaN,435.27,436.31,436.56,436.8,437.01,437.2,437.37,437.52,437.67,437.79,437.9,438,438.09,438.17,438.23,438.29,438.33,438.36,438.38,438.39,438.4,438.39,438.37,438.35,438.31,438.27,438.22,438.16,438.09,438.02,437.94,437.86,437.76,437.67,437.56,437.45,437.34,437.23,437.11,436.99,436.86,436.73,436.6,436.47
NaN,NaN,NaN,NaN,NaN,NaN,NaN,NaN,NaN,NaN,NaN,NaN,NaN,NaN,NaN,NaN,NaN,NaN,393.87,393.83,393.78,393.73,393.69,428.85,430.09,430.79,431.32,431.74,432.1,432.41,432.68,432.91,433.11,433.29,433.44,433.57,433.68,434.57,434.63,433.91,434.71,434.73,434.01,434.73,434.72,434.7,434.66,433.9,433.85,433.78,433.7,433.62,433.52,433.41,433.3,433.17,433.04,432.9,432.75,432.59
NaN,NaN,NaN,NaN,NaN,NaN,NaN,NaN,NaN,NaN,NaN,NaN,NaN,NaN,NaN,NaN,NaN,NaN,392.97,392.92,392.88,392.83,392.78,392.73,392.69,392.64,392.59,392.55,392.5,392.45,392.41,392.36,392.31,392.27,392.22,392.17,392.12,392.08,392.03,391.98,391.94,391.89,391.84,391.8,426.88,427.33,427.58,427.75,427.85,427.92,427.94,427.93,427.89,427.81,427.71,427.57,427.39,427.15,426.84,426.36
NaN,NaN,NaN,NaN,NaN,NaN,NaN,NaN,NaN,NaN,NaN,NaN,NaN,NaN,NaN,NaN,NaN,392.14,392.09,392.04,392,391.95,391.9,391.85,391.81,391.76,391.71,391.66,391.62,391.57,391.52,391.47,391.43,391.38,391.33,391.28,391.24,391.19,391.14,391.09,391.04,391,390.95,390.9,390.85,390.81,390.76,390.71,390.66,390.62,390.57,390.52,390.47,390.42,390.38,390.33,390.28,390.23,390.18,390.14
NaN,NaN,NaN,NaN,NaN,NaN,NaN,NaN,NaN,NaN,NaN,NaN,NaN,NaN,NaN,NaN,NaN,391.3,391.25,391.2,391.15,391.1,391.05,391,390.95,390.9,390.85,390.8,390.76,390.71,390.66,390.61,390.56,390.52,390.47,390.42,390.37,390.32,390.27,390.23,390.18,390.13,390.08,390.03,389.98,389.94,389.89,389.84,389.79,389.74,389.69,389.64,389.6,389.55,389.5,389.45,389.4,389.35,389.3,389.25
NaN,NaN,NaN,NaN,NaN,NaN,NaN,NaN,NaN,NaN,NaN,NaN,NaN,NaN,NaN,NaN,390.54,390.49,390.43,390.38,390.33,390.28,390.22,390.17,390.12,390.07,390.02,389.97,389.92,389.87,389.82,389.77,389.72,389.67,389.63,389.58,389.53,389.48,389.43,389.38,389.33,389.28,389.23,389.19,389.14,389.09,389.04,388.99,388.94,388.89,388.84,388.79,388.74,388.69,388.64,388.59,388.54,388.49,388.45,388.4
NaN,NaN,NaN,NaN,NaN,NaN,NaN,NaN,NaN,NaN,NaN,NaN,NaN,NaN,NaN,NaN,389.75,389.7,389.64,389.59,389.54,389.48,389.43,389.38,389.32,389.27,389.22,389.16,389.11,389.06,389.01,388.96,388.91,388.86,388.81,388.76,388.71,388.66,388.61,388.56,388.51,388.46,388.41,388.36,388.31,388.26,388.21,388.16,388.11,388.06,388.01,387.96,387.91,387.86,387.81,387.76,387.71,387.66,387.61,387.56
NaN,NaN,NaN,NaN,NaN,NaN,NaN,NaN,NaN,NaN,NaN,NaN,NaN,NaN,NaN,NaN,388.97,388.92,388.87,388.82,388.76,388.71,388.66,388.6,388.55,388.49,388.44,388.39,388.33,388.28,388.22,388.17,388.12,388.06,388.01,387.96,387.91,387.86,387.81,387.75,387.7,387.65,387.6,387.55,387.5,387.45,387.4,387.35,387.3,387.25,387.2,387.15,387.1,387.04,386.99,386.94,386.89,386.84,386.79,386.74
NaN,NaN,NaN,NaN,NaN,NaN,NaN,NaN,NaN,NaN,NaN,NaN,NaN,NaN,NaN,388.24,388.2,388.15,388.1,388.05,388,387.95,387.9,387.85,387.79,387.74,387.68,387.63,387.57,387.52,387.46,387.41,387.35,387.3,387.24,387.19,387.13,387.08,387.03,386.97,386.92,386.87,386.82,386.76,386.71,386.66,386.61,386.56,386.51,386.45,386.4,386.35,386.3,386.25,386.2,386.14,386.09,386.04,385.99,385.94
NaN,NaN,NaN,NaN,NaN,NaN,NaN,NaN,NaN,NaN,NaN,NaN,NaN,NaN,NaN,387.45,387.41,387.37,387.33,387.29,387.24,387.19,387.15,387.1,387.04,386.99,386.94,386.89,386.83,386.78,386.72,386.66,386.61,386.55,386.5,386.44,386.38,386.33,386.27,386.22,386.16,386.11,386.05,386,385.94,385.89,385.84,385.78,385.73,385.68,385.62,385.57,385.52,385.47,385.41,385.36,385.31,385.26,385.2,385.15
NaN,NaN,NaN,NaN,NaN,NaN,NaN,NaN,NaN,NaN,NaN,NaN,NaN,NaN,NaN,386.65,386.62,386.59,386.55,386.51,386.47,386.43,386.39,386.34,386.3,386.25,386.2,386.15,386.1,386.04,385.99,385.93,385.88,385.82,385.77,385.71,385.65,385.6,385.54,385.48,385.43,385.37,385.31,385.26,385.2,385.14,385.09,385.03,384.98,384.92,384.87,384.81,384.76,384.7,384.65,384.6,384.54,384.49,384.44,384.38
NaN,NaN,NaN,NaN,NaN,NaN,NaN,NaN,NaN,NaN,NaN,NaN,NaN,NaN,NaN,385.83,385.81,385.78,385.76,385.73,385.69,385.66,385.62,385.58,385.54,385.5,385.46,385.41,385.36,385.31,385.26,385.21,385.16,385.1,385.05,384.99,384.93,384.88,384.82,384.76,384.71,384.65,384.59,384.53,384.47,384.42,384.36,384.3,384.24,384.19,384.13,384.07,384.01,383.96,383.9,383.85,383.79,383.74,383.68,383.63
NaN,NaN,NaN,NaN,NaN,NaN,NaN,NaN,NaN,NaN,NaN,NaN,NaN,NaN,NaN,385,384.98,384.97,384.95,384.93,384.9,384.88,384.85,384.81,384.78,384.74,384.7,384.66,384.62,384.58,384.53,384.48,384.43,384.38,384.33,384.28,384.22,384.17,384.11,384.05,384,383.94,383.88,383.82,383.76,383.7,383.65,383.59,383.53,383.47,383.41,383.35,383.29,383.23,383.17,383.12,383.06,383,382.94,382.89
NaN,NaN,NaN,NaN,NaN,NaN,NaN,NaN,NaN,NaN,NaN,NaN,NaN,NaN,NaN,NaN,384.14,384.14,384.13,384.11,384.1,384.08,384.06,384.03,384,383.97,383.94,383.91,383.87,383.83,383.79,383.75,383.7,383.66,383.61,383.56,383.51,383.46,383.4,383.35,383.29,383.24,383.18,383.12,383.06,383.01,382.95,382.89,382.83,382.77,382.71,382.65,382.58,382.52,382.46,382.4,382.34,382.28,382.22,382.16
NaN,NaN,NaN,NaN,NaN,NaN,NaN,NaN,NaN,NaN,NaN,NaN,NaN,NaN,NaN,NaN,383.28,383.29,383.29,383.28,383.27,383.26,383.25,383.23,383.21,383.19,383.17,383.14,383.11,383.08,383.04,383.01,382.97,382.93,382.88,382.84,382.79,382.74,382.69,382.64,382.59,382.54,382.48,382.43,382.37,382.31,382.25,382.19,382.13,382.07,382.01,381.95,381.89,381.83,381.77,381.7,381.64,381.58,381.52,381.46
NaN,NaN,NaN,NaN,NaN,NaN,NaN,NaN,NaN,NaN,NaN,NaN,NaN,NaN,NaN,NaN,382.39,382.41,382.42,382.43,382.43,382.43,382.43,382.42,382.41,382.39,382.38,382.36,382.33,382.31,382.28,382.25,382.22,382.18,382.15,382.11,382.06,382.02,381.98,381.93,381.88,381.83,381.78,381.73,381.67,381.62,381.56,381.5,381.44,381.39,381.33,381.26,381.2,381.14,381.08,381.02,380.95,380.89,380.83,380.76
NaN,NaN,NaN,NaN,NaN,NaN,NaN,NaN,NaN,NaN,NaN,NaN,NaN,NaN,NaN,NaN,NaN,381.5,381.52,381.54,381.56,381.57,381.58,381.59,381.58,381.58,381.57,381.56,381.54,381.53,381.51,381.48,381.45,381.43,381.4,381.36,381.33,381.29,381.25,381.21,381.16,381.12,381.07,381.02,380.97,380.92,380.86,380.81,380.75,380.7,380.64,380.58,380.52,380.46,380.39,380.33,380.27,380.21,380.14,380.08
NaN,NaN,NaN,NaN,NaN,NaN,NaN,NaN,NaN,NaN,NaN,NaN,NaN,NaN,NaN,NaN,NaN,380.55,380.59,380.63,380.66,380.68,380.7,380.72,380.73,380.74,380.74,380.74,380.73,380.73,380.71,380.7,380.68,380.66,380.63,380.6,380.57,380.54,380.51,380.47,380.43,380.39,380.35,380.31,380.26,380.21,380.16,380.11,380.06,380,379.95,379.89,379.83,379.77,379.71,379.65,379.59,379.52,379.46,379.39
NaN,NaN,NaN,NaN,NaN,NaN,NaN,NaN,NaN,NaN,NaN,NaN,NaN,NaN,NaN,NaN,NaN,NaN,379.63,379.67,379.72,379.75,379.79,379.81,379.84,379.86,379.88,379.89,379.89,379.9,379.89,379.89,379.88,379.87,379.85,379.83,379.81,379.78,379.75,379.72,379.69,379.65,379.62,379.58,379.54,379.49,379.45,379.4,379.35,379.3,379.25,379.19,379.14,379.08,379.02,378.96,378.9,378.84,378.78,378.71
NaN,NaN,NaN,NaN,NaN,NaN,NaN,NaN,NaN,NaN,NaN,NaN,NaN,NaN,NaN,NaN,NaN,NaN,378.64,378.69,378.75,378.79,378.84,378.88,378.91,378.95,378.97,379,379.02,379.03,379.04,379.05,379.05,379.05,379.04,379.03,379.02,379,378.98,378.96,378.93,378.9,378.87,378.84,378.8,378.76,378.72,378.68,378.63,378.59,378.54,378.49,378.43,378.38,378.33,378.27,378.21,378.15,378.09,378.03
NaN,NaN,NaN,NaN,NaN,NaN,NaN,NaN,NaN,NaN,NaN,NaN,NaN,NaN,NaN,NaN,NaN,NaN,NaN,377.69,377.75,377.81,377.86,377.91,377.96,378,378.04,378.07,378.1,378.13,378.15,378.17,378.18,378.19,378.2,378.2,378.2,378.19,378.18,378.17,378.15,378.13,378.11,378.08,378.05,378.02,377.98,377.94,377.9,377.86,377.81,377.77,377.72,377.67,377.62,377.56,377.51,377.45,377.39,377.33
NaN,NaN,NaN,NaN,NaN,NaN,NaN,NaN,NaN,NaN,NaN,NaN,NaN,NaN,NaN,NaN,NaN,NaN,NaN,376.67,376.73,376.8,376.86,376.92,376.97,377.02,377.07,377.11,377.16,377.19,377.22,377.25,377.28,377.3,377.32,377.33,377.34,377.34,377.35,377.34,377.34,377.32,377.31,377.29,377.27,377.25,377.22,377.19,377.15,377.12,377.08,377.03,376.99,376.94,376.9,376.84,376.79,376.74,376.68,376.62
NaN,NaN,NaN,NaN,NaN,NaN,NaN,NaN,NaN,NaN,NaN,NaN,NaN,NaN,NaN,NaN,NaN,NaN,NaN,NaN,375.7,375.77,375.83,375.9,375.96,376.02,376.07,376.13,376.18,376.22,376.26,376.3,376.34,376.37,376.4,376.42,376.44,376.45,376.47,376.47,376.48,376.48,376.48,376.47,376.46,376.44,376.42,376.4,376.37,376.35,376.31,376.28,376.24,376.2,376.16,376.11,376.06,376.01,375.96,375.9
NaN,NaN,NaN,NaN,NaN,NaN,NaN,NaN,NaN,NaN,NaN,NaN,NaN,NaN,NaN,NaN,NaN,NaN,NaN,NaN,374.64,374.71,374.78,374.86,374.92,374.99,375.05,375.11,375.16,375.22,375.27,375.32,375.36,375.4,375.44,375.47,375.5,375.53,375.55,375.57,375.58,375.59,375.6,375.6,375.6,375.59,375.59,375.57,375.56,375.54,375.51,375.49,375.46,375.42,375.39,375.35,375.31,375.26,375.21,375.16
NaN,NaN,NaN,NaN,NaN,NaN,NaN,NaN,NaN,NaN,NaN,NaN,NaN,NaN,NaN,NaN,NaN,NaN,NaN,NaN,NaN,373.62,373.7,373.78,373.85,373.93,374,374.06,374.12,374.19,374.24,374.3,374.35,374.4,374.44,374.48,374.52,374.56,374.59,374.62,374.64,374.66,374.68,374.69,374.7,374.7,374.7,374.7,374.7,374.69,374.67,374.65,374.63,374.61,374.58,374.55,374.51,374.47,374.43,374.39
NaN,NaN,NaN,NaN,NaN,NaN,NaN,NaN,NaN,NaN,NaN,NaN,NaN,NaN,NaN,NaN,NaN,NaN,NaN,NaN,NaN,372.49,372.59,372.66,372.75,372.82,372.9,372.97,373.04,373.11,373.18,373.24,373.3,373.35,373.41,373.46,373.5,373.54,373.58,373.62,373.65,373.68,373.71,373.73,373.75,373.76,373.77,373.78,373.78,373.78,373.78,373.77,373.76,373.74,373.72,373.7,373.67,373.64,373.61,373.57
NaN,NaN,NaN,NaN,NaN,NaN,NaN,NaN,NaN,NaN,NaN,NaN,NaN,NaN,NaN,NaN,NaN,NaN,NaN,NaN,NaN,NaN,371.4,371.51,371.58,371.68,371.76,371.84,371.92,372,372.06,372.13,372.2,372.27,372.33,372.38,372.43,372.48,372.54,372.58,372.62,372.66,372.69,372.72,372.75,372.77,372.79,372.81,372.82,372.83,372.83,372.83,372.83,372.82,372.81,372.8,372.78,372.76,372.73,372.7
NaN,NaN,NaN,NaN,NaN,NaN,NaN,NaN,NaN,NaN,NaN,NaN,NaN,NaN,NaN,NaN,NaN,NaN,NaN,NaN,NaN,NaN,370.12,370.24,370.33,370.43,370.53,370.63,370.71,370.8,370.88,370.96,371.04,371.11,371.18,371.25,371.31,371.37,371.43,371.48,371.53,371.57,371.62,371.66,371.69,371.72,371.75,371.77,371.8,371.81,371.83,371.83,371.84,371.84,371.84,371.83,371.82,371.81,371.79,371.77
NaN,NaN,NaN,NaN,NaN,NaN,NaN,NaN,NaN,NaN,NaN,NaN,NaN,NaN,NaN,NaN,NaN,NaN,NaN,NaN,NaN,NaN,368.64,368.78,368.91,369.06,369.18,369.28,369.4,369.49,369.59,369.69,369.78,369.87,369.94,370.03,370.09,370.17,370.24,370.3,370.36,370.41,370.47,370.51,370.56,370.6,370.64,370.67,370.7,370.72,370.75,370.76,370.78,370.79,370.79,370.79,370.79,370.79,370.77,370.76
NaN,NaN,NaN,NaN,NaN,NaN,NaN,NaN,NaN,NaN,NaN,NaN,NaN,NaN,NaN,NaN,NaN,NaN,NaN,NaN,NaN,NaN,NaN,363.93,364.58,364.99,365.27,365.56,365.79,367.94,368.08,368.22,368.32,368.44,368.54,368.65,368.74,368.83,368.91,368.99,369.06,369.13,369.2,369.26,369.32,369.37,369.42,369.46,369.5,369.53,369.56,369.59,369.61,369.63,369.65,369.66,369.66,369.66,369.66,369.65
NaN,NaN,NaN,NaN,NaN,NaN,NaN,NaN,NaN,NaN,NaN,NaN,NaN,NaN,NaN,NaN,NaN,NaN,NaN,NaN,NaN,NaN,NaN,329.42,329.4,329.38,329.36,329.34,329.32,329.29,329.27,329.25,363.38,363.9,364.22,364.5,364.74,364.95,365.13,367.41,367.52,367.62,367.71,367.8,367.87,367.95,368.01,366.18,366.25,366.32,368.22,366.43,366.47,368.32,366.55,366.58,368.38,368.39,368.39,368.39
NaN,NaN,NaN,NaN,NaN,NaN,NaN,NaN,NaN,NaN,NaN,NaN,NaN,NaN,NaN,NaN,NaN,NaN,NaN,NaN,NaN,NaN,329.38,329.36,329.33,329.31,329.29,329.27,329.25,329.23,329.21,329.18,329.16,329.14,329.12,329.1,329.08,329.06,329.04,329.01,328.99,328.97,362.14,362.71,363.04,363.31,363.51,363.68,363.84,363.97,364.08,364.18,364.27,364.34,364.41,364.46,364.5,364.54,364.56,364.58
NaN,NaN,NaN,NaN,NaN,NaN,NaN,NaN,NaN,NaN,NaN,NaN,NaN,NaN,NaN,NaN,NaN,NaN,NaN,NaN,NaN,NaN,329.31,329.29,329.27,329.25,329.22,329.2,329.18,329.16,329.14,329.12,329.1,329.07,329.05,329.03,329.01,328.99,328.97,328.95,328.93,328.91,328.89,328.86,328.84,328.82,328.8,328.78,328.76,328.74,328.72,328.7,328.68,328.66,328.64,328.62,328.6,328.58,328.56,328.54
NaN,NaN,NaN,NaN,NaN,NaN,NaN,NaN,NaN,NaN,NaN,NaN,NaN,NaN,NaN,NaN,NaN,NaN,NaN,NaN,NaN,NaN,329.24,329.22,329.2,329.18,329.16,329.14,329.11,329.09,329.07,329.05,329.03,329.01,328.99,328.97,328.94,328.92,328.9,328.88,328.86,328.84,328.82,328.8,328.78,328.76,328.74,328.72,328.7,328.68,328.65,328.63,328.61,328.59,328.57,328.55,328.53,328.51,328.49,328.47
NaN,NaN,NaN,NaN,NaN,NaN,NaN,NaN,NaN,NaN,NaN,NaN,NaN,NaN,NaN,NaN,NaN,NaN,NaN,NaN,NaN,329.2,329.18,329.16,329.13,329.11,329.09,329.07,329.05,329.03,329.01,328.98,328.96,328.94,328.92,328.9,328.88,328.86,328.84,328.82,328.8,328.77,328.75,328.73,328.71,328.69,328.67,328.65,328.63,328.61,328.59,328.57,328.55,328.53,328.51,328.49,328.47,328.45,328.43,328.41
NaN,NaN,NaN,NaN,NaN,NaN,NaN,NaN,NaN,NaN,NaN,NaN,NaN,NaN,NaN,NaN,NaN,NaN,NaN,NaN,NaN,329.13,329.11,329.09,329.07,329.05,329.03,329,328.98,328.96,328.94,328.92,328.9,328.88,328.86,328.84,328.81,328.79,328.77,328.75,328.73,328.71,328.69,328.67,328.65,328.63,328.61,328.59,328.57,328.55,328.53,328.5,328.48,328.46,328.44,328.42,328.4,328.38,328.36,328.34
NaN,NaN,NaN,NaN,NaN,NaN,NaN,NaN,NaN,NaN,NaN,NaN,NaN,NaN,NaN,NaN,NaN,NaN,NaN,NaN,NaN,329.07,329.05,329.03,329,328.98,328.96,328.94,328.92,328.9,328.88,328.86,328.83,328.81,328.79,328.77,328.75,328.73,328.71,328.69,328.67,328.65,328.63,328.61,328.58,328.56,328.54,328.52,328.5,328.48,328.46,328.44,328.42,328.4,328.38,328.36,328.34,328.32,328.3,328.28
NaN,NaN,NaN,NaN,NaN,NaN,NaN,NaN,NaN,NaN,NaN,NaN,NaN,NaN,NaN,NaN,NaN,NaN,NaN,NaN,329.03,329.01,328.98,328.96,328.94,328.92,328.9,328.88,328.86,328.83,328.81,328.79,328.77,328.75,328.73,328.71,328.69,328.67,328.65,328.62,328.6,328.58,328.56,328.54,328.52,328.5,328.48,328.46,328.44,328.42,328.4,328.38,328.36,328.34,328.32,328.3,328.28,328.26,328.24,328.22
NaN,NaN,NaN,NaN,NaN,NaN,NaN,NaN,NaN,NaN,NaN,NaN,NaN,NaN,NaN,NaN,NaN,NaN,NaN,NaN,328.96,328.94,328.92,328.9,328.88,328.86,328.84,328.81,328.79,328.77,328.75,328.73,328.71,328.69,328.67,328.65,328.62,328.6,328.58,328.56,328.54,328.52,328.5,328.48,328.46,328.44,328.42,328.4,328.38,328.36,328.34,328.32,328.3,328.28,328.26,328.24,328.22,328.2,328.18,328.16
NaN,NaN,NaN,NaN,NaN,NaN,NaN,NaN,NaN,NaN,NaN,NaN,NaN,NaN,NaN,NaN,NaN,NaN,NaN,NaN,328.9,328.88,328.86,328.84,328.82,328.79,328.77,328.75,328.73,328.71,328.69,328.67,328.65,328.63,328.6,328.58,328.56,328.54,328.52,328.5,328.48,328.46,328.44,328.42,328.4,328.38,328.36,328.34,328.32,328.3,328.27,328.25,328.23,328.21,328.19,328.17,328.15,328.13,328.11,328.09
NaN,NaN,NaN,NaN,NaN,NaN,NaN,NaN,NaN,NaN,NaN,NaN,NaN,NaN,NaN,NaN,NaN,NaN,NaN,NaN,328.84,328.82,328.8,328.77,328.75,328.73,328.71,328.69,328.67,328.65,328.63,328.61,328.58,328.56,328.54,328.52,328.5,328.48,328.46,328.44,328.42,328.4,328.38,328.36,328.34,328.32,328.3,328.27,328.25,328.23,328.21,328.19,328.17,328.15,328.13,328.11,328.09,328.07,328.05,328.03
NaN,NaN,NaN,NaN,NaN,NaN,NaN,NaN,NaN,NaN,NaN,NaN,NaN,NaN,NaN,NaN,NaN,NaN,NaN,328.8,328.78,328.76,328.73,328.71,328.69,328.67,328.65,328.63,328.61,328.59,328.57,328.54,328.52,328.5,328.48,328.46,328.44,328.42,328.4,328.38,328.36,328.34,328.32,328.3,328.28,328.25,328.23,328.21,328.19,328.17,328.15,328.13,328.11,328.09,328.07,328.05,328.03,328.01,327.99,327.97
NaN,NaN,NaN,NaN,NaN,NaN,NaN,NaN,NaN,NaN,NaN,NaN,NaN,NaN,NaN,NaN,NaN,NaN,NaN,328.74,328.72,328.7,328.67,328.65,328.63,328.61,328.59,328.57,328.55,328.53,328.51,328.48,328.46,328.44,328.42,328.4,328.38,328.36,328.34,328.32,328.3,328.28,328.26,328.24,328.22,328.2,328.17,328.15,328.13,328.11,328.09,328.07,328.05,328.03,328.01,327.99,327.97,327.95,327.93,327.91
NaN,NaN,NaN,NaN,NaN,NaN,NaN,NaN,NaN,NaN,NaN,NaN,NaN,NaN,NaN,NaN,NaN,NaN,NaN,328.68,328.66,328.63,328.61,328.59,328.57,328.55,328.53,328.51,328.49,328.47,328.45,328.42,328.4,328.38,328.36,328.34,328.32,328.3,328.28,328.26,328.24,328.22,328.2,328.18,328.16,328.14,328.12,328.1,328.08,328.05,328.03,328.01,327.99,327.97,327.95,327.93,327.91,327.89,327.87,327.85
NaN,NaN,NaN,NaN,NaN,NaN,NaN,NaN,NaN,NaN,NaN,NaN,NaN,NaN,NaN,NaN,NaN,NaN,NaN,328.62,328.6,328.58,328.55,328.53,328.51,328.49,328.47,328.45,328.43,328.41,328.39,328.37,328.34,328.32,328.3,328.28,328.26,328.24,328.22,328.2,328.18,328.16,328.14,328.12,328.1,328.08,328.06,328.04,328.02,328,327.98,327.96,327.94,327.92,327.9,327.88,327.86,327.84,327.82,327.8
NaN,NaN,NaN,NaN,NaN,NaN,NaN,NaN,NaN,NaN,NaN,NaN,NaN,NaN,NaN,NaN,NaN,NaN,NaN,328.56,328.54,328.52,328.5,328.47,328.45,328.43,328.41,328.39,328.37,328.35,328.33,328.31,328.29,328.27,328.24,328.22,328.2,328.18,328.16,328.14,328.12,328.1,328.08,328.06,328.04,328.02,328,327.98,327.96,327.94,327.92,327.9,327.88,327.86,327.84,327.82,327.8,327.78,327.76,327.74
NaN,NaN,NaN,NaN,NaN,NaN,NaN,NaN,NaN,NaN,NaN,NaN,NaN,NaN,NaN,NaN,NaN,NaN,NaN,328.5,328.48,328.46,328.44,328.42,328.39,328.37,328.35,328.33,328.31,328.29,328.27,328.25,328.23,328.21,328.19,328.17,328.15,328.12,328.1,328.08,328.06,328.04,328.02,328,327.98,327.96,327.94,327.92,327.9,327.88,327.86,327.84,327.82,327.8,327.78,327.76,327.74,327.72,327.7,327.68
NaN,NaN,NaN,NaN,NaN,NaN,NaN,NaN,NaN,NaN,NaN,NaN,NaN,NaN,NaN,NaN,NaN,NaN,328.46,328.44,328.42,328.4,328.38,328.36,328.34,328.32,328.29,328.27,328.25,328.23,328.21,328.19,328.17,328.15,328.13,328.11,328.09,328.07,328.05,328.03,328.01,327.99,327.97,327.95,327.92,327.9,327.88,327.86,327.84,327.82,327.8,327.78,327.76,327.74,327.72,327.7,327.68,327.66,327.65,327.63
