105,123.73,142.46,161.19,179.92,198.64,217.37,236.1,254.83,273.56,292.29,311.02,329.75,348.47,367.2,385.93,404.66,423.39,442.12,460.85,479.58,498.31,517.03,535.76,554.49,573.22,591.95,610.68,629.41,648.14,666.86,685.59,704.32,723.05,741.78,760.51,779.24,797.97,816.69,835.42,854.15,872.88,891.61,910.34,929.07,947.8,966.53,985.25,1004,1022.7,1041.4,1060.2,1078.9,1097.6,1116.4,1135.1,1153.8,1172.5,1191.3,1210
0.6,0.60593,0.61186,0.6178,0.62373,0.62966,0.63559,0.64153,0.64746,0.65339,0.65932,0.66525,0.67119,0.67712,0.68305,0.68898,0.69492,0.70085,0.70678,0.71271,0.71864,0.72458,0.73051,0.73644,0.74237,0.74831,0.75424,0.76017,0.7661,0.77203,0.77797,0.7839,0.78983,0.79576,0.80169,0.80763,0.81356,0.81949,0.82542,0.83136,0.83729,0.84322,0.84915,0.85508,0.86102,0.86695,0.87288,0.87881,0.88475,0.89068,0.89661,0.90254,0.90847,0.91441,0.92034,0.92627,0.9322,0.93814,0.94407,0.95
10.386,10.541,10.725,10.945,11.208,11.523,10.734,10.679,10.654,10.471,10.449,10.435,10.425,10.42,10.419,10.42,10.423,10.428,10.436,10.445,10.456,10.468,10.482,10.498,10.515,10.533,10.553,10.575,10.598,10.623,10.649,10.678,10.71,10.746,10.786,10.831,10.884,10.944,11.015,11.099,11.197,11.314,11.454,11.62,11.819,12.059,11.55,11.513,11.498,11.356,11.342,11.332,11.327,11.325,11.324,11.326,11.33,11.335,11.341,11.349
9.1426,9.1562,9.1709,9.1864,9.2028,9.22,9.238,9.2568,9.2765,9.2971,9.3188,9.3422,9.3675,9.3952,9.4258,9.46,9.4985,9.542,9.5916,9.6484,9.7137,9.7892,9.8767,9.9784,10.097,10.236,10.398,10.587,10.81,10.323,10.281,10.264,10.109,10.092,10.081,10.074,10.07,10.068,10.068,10.07,10.074,10.078,10.084,10.091,10.098,10.107,10.116,10.126,10.136,10.147,10.159,10.171,10.184,10.196,10.21,10.223,10.238,10.252,10.269,10.286
8.9354,8.9093,8.8913,8.8788,8.8703,8.8649,8.8621,8.8613,8.8622,8.8647,8.8684,8.8733,8.8792,8.886,8.8936,8.902,8.9111,8.9209,8.9312,8.9419,8.953,8.9644,8.9761,8.9879,8.9998,9.0118,9.024,9.0363,9.049,9.0623,9.0763,9.0911,9.1071,9.1245,9.1434,9.1643,9.1874,9.2132,9.2422,9.2747,9.3116,9.3534,9.4009,9.4551,9.517,9.5879,9.6691,9.7623,9.8691,9.9918,10.133,10.294,9.9382,9.9126,9.9035,9.7728,9.7611,9.7534,9.7486,9.746
8.1919,8.237,8.2876,8.3449,8.4094,8.4823,8.5646,8.6578,8.7633,8.8826,9.0177,9.1706,9.3436,8.9824,8.9153,8.8911,8.8812,8.7088,8.6946,8.6849,8.6784,8.6744,8.6724,8.672,8.673,8.6751,8.6782,8.6821,8.6869,8.6923,8.6983,8.7049,8.7119,8.7194,8.7273,8.7354,8.7437,8.7522,8.7607,8.7692,8.7776,8.786,8.7941,8.8022,8.8101,8.8181,8.8262,8.8344,8.8429,8.8517,8.861,8.8708,8.8813,8.8926,8.9049,8.9183,8.9329,8.9491,8.967,8.9869
7.7353,7.7453,7.7559,7.7671,7.7792,7.7922,7.8063,7.8216,7.8382,7.8564,7.8764,7.8984,7.9226,7.9494,7.979,8.012,8.0486,8.0893,8.1347,8.1853,8.2418,8.3048,8.3752,8.4538,8.5416,8.6397,8.7491,8.8712,9.0073,8.7476,8.6988,8.6821,8.5397,8.5234,8.5123,8.5048,8.4999,8.497,8.4957,8.4956,8.4966,8.4985,8.5012,8.5045,8.5085,8.513,8.5179,8.5233,8.5289,8.535,8.5412,8.5477,8.5542,8.5609,8.5676,8.5742,8.5807,8.587,8.5932,8.5991
7.5323,7.5394,7.5463,7.5531,7.5598,7.5664,7.573,7.5796,7.5863,7.593,7.5999,7.6069,7.6142,7.6217,7.6296,7.6378,7.6465,7.6557,7.6656,7.6761,7.6874,7.6996,7.7128,7.7271,7.7427,7.7598,7.7784,7.7988,7.8213,7.846,7.8731,7.9031,7.9361,7.9725,8.0128,8.0572,8.1063,8.1605,8.2204,8.2865,8.3594,8.4398,8.5284,8.626,8.7335,8.5309,8.4968,8.4858,8.3612,8.3485,8.34,8.3343,8.3307,8.3286,8.3278,8.328,8.3291,8.3308,8.3332,8.3362
7.369,7.3751,7.3815,7.3881,7.3948,7.4016,7.4084,7.4152,7.4219,7.4285,7.4349,7.4411,7.447,7.4528,7.4585,7.464,7.4694,7.4748,7.4801,7.4853,7.4906,7.4958,7.5012,7.5066,7.5121,7.5178,7.5237,7.5298,7.5362,7.5429,7.5499,7.5574,7.5654,7.5738,7.5829,7.5927,7.6032,7.6146,7.6269,7.6402,7.6548,7.6706,7.6878,7.7066,7.7272,7.7496,7.7742,7.8011,7.8305,7.8627,7.8979,7.9364,7.9785,8.0245,8.0748,8.1298,8.1897,8.2551,8.3264,8.404
7.2476,7.2493,7.2516,7.2546,7.2582,7.2622,7.2666,7.2714,7.2766,7.2821,7.2878,7.2938,7.2998,7.306,7.3122,7.3184,7.3246,7.3306,7.3366,7.3424,7.348,7.3533,7.3585,7.3634,7.3682,7.3729,7.3774,7.3819,7.3862,7.3904,7.3946,7.3988,7.4029,7.407,7.4112,7.4154,7.4196,7.424,7.4284,7.433,7.4378,7.4427,7.4479,7.4533,7.4591,7.4651,7.4715,7.4784,7.4857,7.4935,7.502,7.511,7.5208,7.5313,7.5427,7.555,7.5684,7.5829,7.5986,7.6156
7.2013,7.1903,7.1822,7.1764,7.1723,7.1697,7.1683,7.1678,7.1683,7.1695,7.1714,7.1738,7.1768,7.1802,7.184,7.1882,7.1927,7.1974,7.2024,7.2076,7.213,7.2185,7.2241,7.2297,7.2354,7.241,7.2465,7.2519,7.2571,7.2622,7.2671,7.2717,7.2762,7.2805,7.2847,7.2886,7.2925,7.2962,7.2999,7.3034,7.3068,7.3102,7.3135,7.3168,7.3201,7.3233,7.3266,7.3298,7.3331,7.3365,7.3399,7.3433,7.3469,7.3506,7.3545,7.3585,7.3627,7.3671,7.3717,7.3766
7.6059,7.688,7.7743,7.8678,7.3823,7.331,7.3116,7.3032,7.1354,7.1225,7.1131,7.1063,7.1014,7.0981,7.096,7.095,7.0949,7.0955,7.0968,7.0986,7.101,7.1038,7.107,7.1105,7.1144,7.1185,7.1228,7.1273,7.132,7.1369,7.1419,7.147,7.1521,7.1572,7.1622,7.1673,7.1722,7.177,7.1816,7.1861,7.1903,7.1944,7.1983,7.2021,7.2057,7.2091,7.2125,7.2157,7.2188,7.2218,7.2247,7.2275,7.2302,7.2329,7.2356,7.2382,7.2407,7.2433,7.2458,7.2483
6.9074,6.9454,6.9859,7.0307,7.0782,7.129,7.1837,7.2423,7.305,7.3717,7.4432,7.519,7.5994,7.2875,7.238,7.2216,7.0767,7.0605,7.0491,7.0409,7.035,7.0308,7.028,7.0263,7.0255,7.0256,7.0263,7.0275,7.0293,7.0315,7.0341,7.0371,7.0403,7.0438,7.0476,7.0515,7.0556,7.0599,7.0643,7.0688,7.0734,7.078,7.0826,7.0872,7.0918,7.0963,7.1007,7.1049,7.109,7.113,7.1167,7.1203,7.1237,7.127,7.1302,7.1332,7.1361,7.1389,7.1416,7.1441
6.5574,6.576,6.5967,6.6187,6.6425,6.6681,6.6951,6.725,6.7559,6.7898,6.8257,6.8636,6.9045,6.9481,6.9939,7.0432,7.0954,7.1505,7.2089,7.271,7.3366,7.4061,7.2038,7.1513,7.1368,7.1315,6.9897,6.9795,6.9721,6.9669,6.9632,6.9608,6.9594,6.9588,6.9589,6.9596,6.9609,6.9625,6.9646,6.967,6.9697,6.9727,6.9759,6.9793,6.9829,6.9866,6.9905,6.9945,6.9985,7.0027,7.0069,7.0111,7.0153,7.0194,7.0235,7.0275,7.0314,7.0352,7.0388,7.0423
6.3645,6.3743,6.3847,6.3963,6.4086,6.4221,6.4364,6.452,6.4686,6.4863,6.5053,6.5254,6.547,6.57,6.5943,6.6201,6.6478,6.677,6.7082,6.7409,6.7758,6.8126,6.8516,6.8927,6.9362,6.9821,7.0306,7.0816,7.1354,7.1921,7.252,7.315,7.0692,7.0559,7.0514,6.9218,6.9125,6.906,6.9013,6.8981,6.8959,6.8947,6.8943,6.8944,6.8951,6.8963,6.8978,6.8997,6.902,6.9044,6.9072,6.9101,6.9132,6.9165,6.9199,6.9234,6.927,6.9307,6.9344,6.9382
6.2474,6.2527,6.2582,6.2644,6.2711,6.2784,6.2863,6.2948,6.3039,6.3138,6.3242,6.3353,6.3472,6.3599,6.3734,6.3877,6.4029,6.4191,6.4363,6.4545,6.4736,6.4941,6.5156,6.5384,6.5623,6.5877,6.6146,6.6428,6.6725,6.7039,6.737,6.7717,6.8083,6.8466,6.887,6.9293,6.9738,7.0204,7.0695,7.121,7.1751,6.9907,6.9782,6.9743,6.8562,6.8478,6.8419,6.8377,6.8348,6.8329,6.8319,6.8315,6.8317,6.8324,6.8335,6.8349,6.8367,6.8387,6.841,6.8435
6.1695,6.1721,6.1753,6.1787,6.1826,6.1865,6.191,6.1959,6.201,6.2067,6.2127,6.219,6.2259,6.2332,6.2409,6.2492,6.258,6.2673,6.2771,6.2876,6.2986,6.3103,6.3227,6.3358,6.3496,6.3642,6.3795,6.3957,6.4129,6.4309,6.4498,6.4698,6.4907,6.5128,6.5359,6.5603,6.5858,6.6126,6.6407,6.6701,6.7009,6.7332,6.767,6.8023,6.8393,6.8781,6.9186,6.961,7.0054,7.0519,6.9154,6.9031,6.8996,6.8999,6.785,6.7796,6.7758,6.7732,6.7716,6.7707
6.1127,6.1141,6.1158,6.1177,6.1199,6.1223,6.125,6.1279,6.1309,6.1342,6.1378,6.1417,6.1458,6.1502,6.1548,6.1596,6.1649,6.1704,6.1763,6.1826,6.1892,6.1961,6.2035,6.2113,6.2195,6.2282,6.2374,6.247,6.2571,6.2679,6.2791,6.2909,6.3034,6.3165,6.3302,6.3446,6.3598,6.3757,6.3924,6.4098,6.4281,6.4473,6.4674,6.4884,6.5103,6.5333,6.5572,6.5822,6.6083,6.6356,6.664,6.6937,6.7246,6.7569,6.7906,6.8258,6.8625,6.9007,6.9406,6.8431
6.0683,6.069,6.07,6.071,6.0724,6.0737,6.0755,6.0772,6.0791,6.0812,6.0834,6.0858,6.0883,6.091,6.0939,6.097,6.1003,6.1038,6.1074,6.1112,6.1154,6.1196,6.1242,6.129,6.1341,6.1394,6.145,6.1509,6.1572,6.1637,6.1706,6.1779,6.1855,6.1935,6.2019,6.2107,6.22,6.2297,6.2399,6.2505,6.2617,6.2735,6.2857,6.2985,6.312,6.326,6.3406,6.3559,6.3719,6.3886,6.406,6.4241,6.443,6.4627,6.4831,6.5045,6.5266,6.5497,6.5737,6.5987
6.0312,6.0316,6.0322,6.0329,6.0337,6.0346,6.0356,6.0367,6.038,6.0393,6.0408,6.0424,6.044,6.0458,6.0477,6.0497,6.0518,6.0541,6.0564,6.0589,6.0616,6.0644,6.0673,6.0704,6.0737,6.0771,6.0806,6.0844,6.0884,6.0925,6.0969,6.1015,6.1063,6.1113,6.1166,6.1222,6.128,6.1341,6.1405,6.1472,6.1542,6.1615,6.1692,6.1773,6.1857,6.1944,6.2036,6.2132,6.2232,6.2337,6.2446,6.256,6.2678,6.2802,6.293,6.3064,6.3204,6.3349,6.35,6.3656
5.9987,5.999,5.9994,5.9999,6.0005,6.0011,6.0018,6.0027,6.0035,6.0044,6.0054,6.0065,6.0076,6.0089,6.0102,6.0116,6.0131,6.0146,6.0162,6.018,6.0197,6.0216,6.0236,6.0257,6.0278,6.0301,6.0325,6.035,6.0376,6.0403,6.0432,6.0462,6.0493,6.0526,6.056,6.0597,6.0634,6.0674,6.0715,6.0758,6.0803,6.0851,6.09,6.0952,6.1006,6.1062,6.1121,6.1182,6.1247,6.1314,6.1384,6.1457,6.1533,6.1612,6.1694,6.178,6.187,6.1963,6.206,6.216
5.9695,5.9695,5.97,5.9703,5.9708,5.9713,5.9719,5.9725,5.9732,5.9739,5.9747,5.9755,5.9764,5.9773,5.9783,5.9793,5.9804,5.9815,5.9827,5.9839,5.9852,5.9865,5.9879,5.9894,5.9909,5.9925,5.9942,5.9959,5.9977,5.9996,6.0016,6.0036,6.0057,6.008,6.0103,6.0127,6.0152,6.0179,6.0206,6.0235,6.0264,6.0296,6.0328,6.0362,6.0398,6.0435,6.0474,6.0514,6.0556,6.06,6.0646,6.0694,6.0743,6.0795,6.0849,6.0905,6.0964,6.1025,6.1088,6.1154
5.9421,5.9424,5.9427,5.943,5.9434,5.9439,5.9445,5.9451,5.9457,5.9463,5.9469,5.9476,5.9484,5.9491,5.9499,5.9507,5.9516,5.9525,5.9534,5.9543,5.9553,5.9564,5.9574,5.9585,5.9597,5.9608,5.962,5.9633,5.9646,5.966,5.9674,5.9688,5.9704,5.9719,5.9736,5.9753,5.977,5.9788,5.9807,5.9827,5.9848,5.9869,5.9891,5.9914,5.9939,5.9964,5.999,6.0017,6.0045,6.0074,6.0105,6.0137,6.017,6.0205,6.0241,6.0278,6.0317,6.0358,6.04,6.0444
5.9164,5.9167,5.917,5.9174,5.9179,5.9183,5.9189,5.9194,5.9199,5.9206,5.9212,5.9219,5.9226,5.9232,5.9239,5.9247,5.9254,5.9262,5.927,5.9277,5.9286,5.9294,5.9302,5.9311,5.932,5.933,5.9339,5.9349,5.9359,5.937,5.938,5.9391,5.9403,5.9414,5.9426,5.9439,5.9452,5.9465,5.9478,5.9493,5.9507,5.9523,5.9538,5.9555,5.9571,5.9589,5.9607,5.9626,5.9645,5.9666,5.9687,5.9709,5.9732,5.9755,5.978,5.9805,5.9832,5.9859,5.9888,5.9918
5.892,5.8923,5.8927,5.8931,5.8936,5.894,5.8946,5.8951,5.8957,5.8964,5.897,5.8976,5.8983,5.8989,5.8996,5.9003,5.901,5.9017,5.9024,5.9031,5.9039,5.9046,5.9054,5.9061,5.9069,5.9077,5.9085,5.9093,5.9101,5.911,5.9118,5.9127,5.9136,5.9145,5.9155,5.9164,5.9174,5.9185,5.9195,5.9206,5.9217,5.9228,5.924,5.9251,5.9264,5.9277,5.929,5.9303,5.9317,5.9332,5.9347,5.9362,5.9378,5.9395,5.9412,5.943,5.9448,5.9467,5.9487,5.9508
5.8685,5.8688,5.8693,5.8698,5.8703,5.8708,5.8713,5.8719,5.8725,5.8732,5.8739,5.8745,5.8751,5.8758,5.8765,5.8772,5.8779,5.8786,5.8792,5.8799,5.8806,5.8813,5.882,5.8827,5.8835,5.8842,5.8849,5.8856,5.8864,5.8871,5.8878,5.8886,5.8893,5.8901,5.8909,5.8917,5.8925,5.8933,5.8942,5.895,5.8959,5.8968,5.8977,5.8986,5.8995,5.9005,5.9015,5.9025,5.9036,5.9047,5.9058,5.9069,5.9081,5.9093,5.9105,5.9118,5.9131,5.9145,5.9159,5.9174
5.8458,5.8462,5.8468,5.8473,5.8478,5.8484,5.849,5.8496,5.8502,5.8509,5.8515,5.8523,5.8529,5.8536,5.8543,5.855,5.8557,5.8564,5.8571,5.8578,5.8585,5.8592,5.8599,5.8606,5.8613,5.8619,5.8626,5.8633,5.864,5.8647,5.8654,5.8661,5.8668,5.8674,5.8681,5.8688,5.8695,5.8702,5.8709,5.8717,5.8724,5.8731,5.8739,5.8746,5.8754,5.8762,5.877,5.8778,5.8786,5.8794,5.8803,5.8812,5.882,5.883,5.8839,5.8849,5.8858,5.8869,5.8879,5.889
5.8239,5.8244,5.8248,5.8255,5.826,5.8267,5.8273,5.8279,5.8287,5.8293,5.83,5.8307,5.8314,5.8322,5.8329,5.8336,5.8343,5.8351,5.8358,5.8365,5.8372,5.8379,5.8386,5.8393,5.84,5.8407,5.8414,5.842,5.8427,5.8434,5.844,5.8447,5.8454,5.846,5.8466,5.8473,5.8479,5.8486,5.8492,5.8499,5.8505,5.8511,5.8518,5.8524,5.8531,5.8538,5.8544,5.8551,5.8558,5.8565,5.8572,5.8579,5.8586,5.8593,5.8601,5.8608,5.8616,5.8624,5.8632,5.864
5.8026,5.8031,5.8037,5.8042,5.8049,5.8055,5.8062,5.8069,5.8076,5.8084,5.8091,5.8098,5.8106,5.8114,5.8121,5.8129,5.8136,5.8144,5.8151,5.8158,5.8166,5.8173,5.818,5.8188,5.8195,5.8202,5.8208,5.8215,5.8222,5.8229,5.8235,5.8242,5.8249,5.8255,5.8261,5.8267,5.8274,5.828,5.8286,5.8292,5.8298,5.8304,5.831,5.8316,5.8322,5.8328,5.8333,5.8339,5.8345,5.8351,5.8357,5.8363,5.8369,5.8375,5.8382,5.8388,5.8394,5.84,5.8407,5.8413
5.7817,5.7823,5.783,5.7837,5.7843,5.7849,5.7857,5.7865,5.7872,5.788,5.7887,5.7895,5.7903,5.7911,5.7919,5.7927,5.7934,5.7942,5.795,5.7958,5.7966,5.7973,5.798,5.7988,5.7995,5.8002,5.801,5.8017,5.8024,5.803,5.8037,5.8044,5.805,5.8057,5.8063,5.807,5.8076,5.8082,5.8088,5.8094,5.81,5.8105,5.8111,5.8117,5.8122,5.8128,5.8134,5.8139,5.8144,5.815,5.8155,5.8161,5.8166,5.8171,5.8177,5.8182,5.8188,5.8193,5.8198,5.8204
5.7615,5.7621,5.7628,5.7634,5.7641,5.7649,5.7656,5.7664,5.7673,5.768,5.7688,5.7696,5.7705,5.7713,5.7721,5.7729,5.7737,5.7746,5.7754,5.7762,5.777,5.7778,5.7786,5.7793,5.7801,5.7808,5.7816,5.7823,5.783,5.7837,5.7844,5.7851,5.7858,5.7865,5.7871,5.7877,5.7884,5.789,5.7896,5.7902,5.7908,5.7914,5.792,5.7925,5.7931,5.7936,5.7942,5.7947,5.7952,5.7957,5.7962,5.7967,5.7973,5.7977,5.7982,5.7987,5.7992,5.7997,5.8002,5.8007
5.7417,5.7423,5.7429,5.7437,5.7445,5.7452,5.746,5.7468,5.7477,5.7485,5.7494,5.7502,5.751,5.7519,5.7527,5.7536,5.7545,5.7553,5.7562,5.757,5.7578,5.7587,5.7595,5.7603,5.7611,5.7619,5.7626,5.7634,5.7641,5.7649,5.7656,5.7663,5.767,5.7677,5.7684,5.769,5.7697,5.7703,5.771,5.7716,5.7722,5.7728,5.7734,5.7739,5.7745,5.775,5.7756,5.7761,5.7766,5.7772,5.7777,5.7782,5.7786,5.7791,5.7796,5.7801,5.7805,5.781,5.7814,5.7819
5.7225,5.7231,5.7237,5.7245,5.7252,5.726,5.7268,5.7277,5.7285,5.7294,5.7302,5.7311,5.7321,5.7329,5.7338,5.7347,5.7357,5.7365,5.7374,5.7383,5.7391,5.74,5.7408,5.7416,5.7425,5.7433,5.7441,5.7449,5.7457,5.7464,5.7472,5.7479,5.7486,5.7494,5.7501,5.7508,5.7514,5.7521,5.7527,5.7534,5.754,5.7546,5.7552,5.7558,5.7564,5.757,5.7575,5.7581,5.7586,5.7591,5.7596,5.7601,5.7606,5.7611,5.7616,5.762,5.7625,5.7629,5.7634,5.7638
5.7034,5.7041,5.7048,5.7056,5.7064,5.7072,5.708,5.7089,5.7098,5.7107,5.7116,5.7125,5.7134,5.7143,5.7153,5.7162,5.7171,5.718,5.7189,5.7198,5.7207,5.7216,5.7225,5.7234,5.7242,5.7251,5.7259,5.7267,5.7275,5.7283,5.7291,5.7299,5.7306,5.7314,5.7321,5.7328,5.7335,5.7342,5.7349,5.7356,5.7362,5.7369,5.7375,5.7381,5.7387,5.7393,5.7399,5.7404,5.741,5.7415,5.742,5.7425,5.743,5.7435,5.744,5.7445,5.745,5.7454,5.7458,5.7463
5.685,5.6856,5.6863,5.6871,5.6879,5.6888,5.6896,5.6905,5.6914,5.6923,5.6933,5.6942,5.6952,5.6961,5.6971,5.698,5.6989,5.6999,5.7009,5.7018,5.7027,5.7036,5.7045,5.7054,5.7063,5.7072,5.708,5.7089,5.7098,5.7106,5.7114,5.7122,5.713,5.7137,5.7145,5.7153,5.716,5.7167,5.7174,5.7181,5.7188,5.7195,5.7201,5.7207,5.7214,5.722,5.7226,5.7231,5.7237,5.7243,5.7248,5.7254,5.7259,5.7264,5.7269,5.7274,5.7278,5.7283,5.7288,5.7292
5.6668,5.6674,5.6682,5.6689,5.6698,5.6706,5.6715,5.6724,5.6733,5.6743,5.6753,5.6762,5.6771,5.6782,5.6791,5.6801,5.6811,5.6821,5.683,5.684,5.685,5.6859,5.6868,5.6878,5.6887,5.6896,5.6905,5.6914,5.6923,5.6931,5.6939,5.6948,5.6956,5.6964,5.6972,5.698,5.6987,5.6995,5.7002,5.7009,5.7016,5.7023,5.703,5.7037,5.7043,5.705,5.7056,5.7062,5.7068,5.7074,5.7079,5.7085,5.709,5.7096,5.7101,5.7106,5.7111,5.7116,5.712,5.7125
5.6489,5.6497,5.6504,5.6512,5.6521,5.6528,5.6538,5.6547,5.6557,5.6566,5.6576,5.6586,5.6595,5.6605,5.6616,5.6626,5.6636,5.6646,5.6655,5.6665,5.6675,5.6685,5.6695,5.6704,5.6714,5.6723,5.6732,5.6741,5.6751,5.6759,5.6768,5.6777,5.6785,5.6793,5.6802,5.681,5.6818,5.6825,5.6833,5.6841,5.6848,5.6855,5.6862,5.6869,5.6876,5.6882,5.6889,5.6895,5.6902,5.6908,5.6914,5.6919,5.6925,5.6931,5.6936,5.6941,5.6946,5.6951,5.6956,5.6961
5.6317,5.6324,5.633,5.6338,5.6346,5.6355,5.6364,5.6373,5.6383,5.6392,5.6402,5.6412,5.6422,5.6433,5.6443,5.6453,5.6463,5.6473,5.6483,5.6494,5.6504,5.6514,5.6524,5.6534,5.6543,5.6553,5.6562,5.6572,5.6581,5.659,5.6599,5.6608,5.6617,5.6626,5.6634,5.6642,5.6651,5.6659,5.6667,5.6674,5.6682,5.6689,5.6697,5.6704,5.6711,5.6718,5.6725,5.6731,5.6738,5.6744,5.675,5.6756,5.6762,5.6768,5.6774,5.6779,5.6785,5.679,5.6795,5.68
5.6148,5.6154,5.616,5.6169,5.6176,5.6185,5.6193,5.6203,5.6212,5.6222,5.6232,5.6242,5.6252,5.6262,5.6273,5.6283,5.6293,5.6304,5.6314,5.6325,5.6335,5.6345,5.6355,5.6365,5.6375,5.6385,5.6395,5.6405,5.6414,5.6424,5.6433,5.6442,5.6451,5.646,5.6469,5.6477,5.6486,5.6494,5.6502,5.6511,5.6518,5.6526,5.6534,5.6541,5.6549,5.6556,5.6563,5.657,5.6577,5.6583,5.659,5.6596,5.6602,5.6608,5.6614,5.662,5.6625,5.6631,5.6636,5.6642
5.5985,5.5988,5.5995,5.6002,5.6009,5.6018,5.6026,5.6036,5.6045,5.6054,5.6065,5.6075,5.6085,5.6095,5.6105,5.6116,5.6126,5.6137,5.6148,5.6158,5.6168,5.6179,5.619,5.62,5.621,5.622,5.623,5.624,5.625,5.6259,5.6269,5.6278,5.6288,5.6297,5.6306,5.6315,5.6324,5.6332,5.6341,5.6349,5.6357,5.6365,5.6373,5.6381,5.6388,5.6396,5.6403,5.641,5.6417,5.6424,5.6431,5.6438,5.6444,5.645,5.6457,5.6463,5.6468,5.6474,5.648,5.6485
5.5828,5.583,5.5834,5.584,5.5848,5.5855,5.5864,5.5872,5.5881,5.589,5.59,5.591,5.592,5.5931,5.5941,5.5952,5.5963,5.5973,5.5984,5.5994,5.6005,5.6016,5.6026,5.6036,5.6047,5.6057,5.6068,5.6078,5.6088,5.6098,5.6107,5.6117,5.6127,5.6136,5.6146,5.6155,5.6164,5.6172,5.6181,5.619,5.6198,5.6207,5.6215,5.6223,5.6231,5.6238,5.6246,5.6253,5.6261,5.6268,5.6275,5.6282,5.6288,5.6295,5.6301,5.6308,5.6314,5.632,5.6326,5.6331
5.5676,5.5677,5.568,5.5685,5.5691,5.5698,5.5704,5.5712,5.572,5.573,5.5739,5.5749,5.5759,5.5769,5.578,5.579,5.5801,5.5812,5.5822,5.5833,5.5844,5.5855,5.5865,5.5876,5.5886,5.5897,5.5908,5.5918,5.5928,5.5938,5.5948,5.5958,5.5968,5.5977,5.5987,5.5996,5.6006,5.6015,5.6024,5.6033,5.6041,5.605,5.6058,5.6067,5.6075,5.6083,5.6091,5.6098,5.6106,5.6113,5.612,5.6128,5.6134,5.6141,5.6148,5.6155,5.6161,5.6167,5.6173,5.6179
5.5531,5.5532,5.5533,5.5536,5.554,5.5544,5.5551,5.5558,5.5565,5.5574,5.5582,5.5591,5.5601,5.5611,5.5622,5.5631,5.5642,5.5653,5.5664,5.5674,5.5685,5.5696,5.5707,5.5717,5.5728,5.5739,5.575,5.576,5.577,5.5781,5.5791,5.5801,5.5811,5.5821,5.5831,5.584,5.585,5.5859,5.5868,5.5878,5.5886,5.5895,5.5904,5.5912,5.5921,5.5929,5.5937,5.5945,5.5953,5.5961,5.5968,5.5975,5.5983,5.599,5.5997,5.6003,5.601,5.6017,5.6023,5.6029
5.5396,5.5393,5.5393,5.5394,5.5396,5.5399,5.5403,5.5409,5.5415,5.5422,5.5429,5.5438,5.5447,5.5456,5.5466,5.5476,5.5486,5.5497,5.5508,5.5518,5.5529,5.554,5.5551,5.5562,5.5572,5.5583,5.5594,5.5605,5.5615,5.5626,5.5636,5.5646,5.5656,5.5666,5.5677,5.5686,5.5696,5.5706,5.5715,5.5724,5.5734,5.5743,5.5751,5.576,5.5769,5.5777,5.5786,5.5794,5.5802,5.581,5.5818,5.5825,5.5833,5.584,5.5847,5.5854,5.5861,5.5868,5.5874,5.5881
5.5267,5.5261,5.5259,5.5259,5.5258,5.5259,5.5262,5.5267,5.5271,5.5277,5.5283,5.529,5.5297,5.5306,5.5315,5.5324,5.5334,5.5344,5.5354,5.5365,5.5376,5.5386,5.5397,5.5408,5.5419,5.543,5.5441,5.5451,5.5462,5.5473,5.5483,5.5493,5.5504,5.5514,5.5524,5.5534,5.5544,5.5554,5.5564,5.5573,5.5583,5.5592,5.5601,5.561,5.5619,5.5627,5.5636,5.5644,5.5653,5.5661,5.5669,5.5677,5.5684,5.5692,5.5699,5.5707,5.5714,5.5721,5.5728,5.5734
5.5145,5.5139,5.5133,5.5129,5.5127,5.5127,5.5129,5.5131,5.5133,5.5136,5.5141,5.5147,5.5153,5.5161,5.5168,5.5177,5.5186,5.5195,5.5205,5.5215,5.5225,5.5236,5.5246,5.5257,5.5268,5.5279,5.5289,5.53,5.5311,5.5322,5.5332,5.5343,5.5353,5.5364,5.5374,5.5384,5.5394,5.5404,5.5414,5.5424,5.5433,5.5443,5.5452,5.5461,5.547,5.5479,5.5488,5.5497,5.5505,5.5514,5.5522,5.553,5.5538,5.5546,5.5553,5.5561,5.5568,5.5575,5.5582,5.5589
5.5032,5.5021,5.5014,5.5009,5.5003,5.5001,5.4999,5.4999,5.5001,5.5003,5.5006,5.5011,5.5015,5.5021,5.5028,5.5035,5.5043,5.5051,5.5059,5.5069,5.5078,5.5088,5.5099,5.5109,5.5119,5.513,5.5141,5.5151,5.5162,5.5173,5.5184,5.5194,5.5205,5.5215,5.5226,5.5236,5.5246,5.5256,5.5266,5.5276,5.5286,5.5296,5.5305,5.5315,5.5324,5.5333,5.5342,5.5351,5.5359,5.5368,5.5377,5.5385,5.5393,5.5401,5.5409,5.5417,5.5424,5.5432,5.5439,5.5446
5.4928,5.4914,5.4904,5.4895,5.4889,5.4883,5.4879,5.4877,5.4876,5.4876,5.4877,5.4879,5.4883,5.4887,5.4893,5.4898,5.4904,5.4911,5.4919,5.4927,5.4936,5.4945,5.4954,5.4964,5.4974,5.4984,5.4995,5.5005,5.5016,5.5026,5.5037,5.5048,5.5058,5.5069,5.5079,5.509,5.51,5.511,5.5121,5.5131,5.514,5.515,5.516,5.5169,5.5179,5.5188,5.5197,5.5207,5.5215,5.5224,5.5233,5.5241,5.525,5.5258,5.5266,5.5274,5.5282,5.5289,5.5297,5.5304
5.4834,5.4818,5.4803,5.4791,5.478,5.4772,5.4766,5.4761,5.4758,5.4756,5.4755,5.4755,5.4756,5.4759,5.4763,5.4766,5.4771,5.4778,5.4783,5.4791,5.4798,5.4806,5.4814,5.4823,5.4832,5.4842,5.4852,5.4862,5.4872,5.4882,5.4893,5.4903,5.4914,5.4924,5.4935,5.4945,5.4956,5.4966,5.4976,5.4987,5.4997,5.5007,5.5016,5.5026,5.5036,5.5045,5.5055,5.5064,5.5073,5.5082,5.5091,5.5099,5.5108,5.5116,5.5125,5.5133,5.5141,5.5149,5.5157,5.5164
5.4749,5.4728,5.4709,5.4694,5.4681,5.4669,5.4661,5.4652,5.4646,5.4642,5.4639,5.4637,5.4637,5.4637,5.4638,5.4641,5.4644,5.4648,5.4653,5.4659,5.4665,5.4672,5.4679,5.4687,5.4695,5.4704,5.4713,5.4722,5.4731,5.4741,5.4751,5.4762,5.4772,5.4782,5.4793,5.4803,5.4813,5.4824,5.4834,5.4845,5.4855,5.4865,5.4875,5.4884,5.4894,5.4904,5.4913,5.4923,5.4932,5.4941,5.495,5.4959,5.4968,5.4976,5.4985,5.4993,5.5001,5.501,5.5018,5.5025
5.4674,5.4647,5.4627,5.4608,5.459,5.4577,5.4563,5.4553,5.4543,5.4535,5.4529,5.4526,5.4523,5.4521,5.452,5.4521,5.4522,5.4525,5.4528,5.4532,5.4537,5.4542,5.4549,5.4555,5.4562,5.457,5.4578,5.4587,5.4595,5.4604,5.4613,5.4623,5.4633,5.4642,5.4653,5.4663,5.4673,5.4684,5.4694,5.4704,5.4714,5.4724,5.4735,5.4744,5.4754,5.4764,5.4774,5.4783,5.4793,5.4802,5.4811,5.482,5.4829,5.4838,5.4847,5.4855,5.4864,5.4872,5.488,5.4888
5.4609,5.4581,5.4553,5.4531,5.451,5.449,5.4475,5.4461,5.4448,5.4438,5.4428,5.4422,5.4416,5.4412,5.441,5.4408,5.4407,5.4408,5.4409,5.4411,5.4415,5.4418,5.4423,5.4429,5.4434,5.444,5.4447,5.4455,5.4463,5.4471,5.4479,5.4488,5.4497,5.4507,5.4516,5.4526,5.4536,5.4546,5.4556,5.4566,5.4576,5.4586,5.4596,5.4606,5.4616,5.4626,5.4636,5.4645,5.4655,5.4664,5.4674,5.4683,5.4692,5.4701,5.471,5.4718,5.4727,5.4735,5.4744,5.4752
5.4562,5.4525,5.4493,5.4466,5.4439,5.4416,5.4395,5.4378,5.4361,5.4349,5.4336,5.4326,5.4318,5.4311,5.4306,5.4301,5.4298,5.4297,5.4296,5.4296,5.4298,5.43,5.4303,5.4307,5.4311,5.4316,5.4321,5.4328,5.4335,5.4342,5.4349,5.4357,5.4365,5.4374,5.4383,5.4392,5.4401,5.4411,5.442,5.443,5.444,5.445,5.446,5.447,5.448,5.4489,5.4499,5.4509,5.4519,5.4528,5.4538,5.4547,5.4556,5.4565,5.4574,5.4583,5.4592,5.46,5.4609,5.4617
5.4524,5.4483,5.4446,5.4411,5.4381,5.4354,5.4328,5.4306,5.4286,5.4268,5.4252,5.4238,5.4227,5.4217,5.4209,5.4202,5.4196,5.4192,5.4189,5.4188,5.4187,5.4187,5.4188,5.419,5.4193,5.4196,5.4201,5.4205,5.4211,5.4217,5.4223,5.423,5.4238,5.4245,5.4253,5.4262,5.427,5.4279,5.4288,5.4297,5.4307,5.4316,5.4326,5.4335,5.4345,5.4355,5.4365,5.4374,5.4384,5.4394,5.4403,5.4413,5.4422,5.4431,5.444,5.4449,5.4458,5.4467,5.4475,5.4484
5.4504,5.4456,5.4411,5.4372,5.4335,5.43,5.4271,5.4245,5.4218,5.4197,5.4179,5.416,5.4145,5.4132,5.412,5.411,5.4102,5.4095,5.409,5.4086,5.4083,5.4081,5.4079,5.4079,5.408,5.4082,5.4085,5.4088,5.4092,5.4096,5.4102,5.4107,5.4114,5.4121,5.4128,5.4135,5.4143,5.4151,5.4159,5.4168,5.4177,5.4186,5.4195,5.4204,5.4213,5.4223,5.4232,5.4242,5.4251,5.4261,5.427,5.428,5.4289,5.4299,5.4308,5.4317,5.4326,5.4335,5.4343,5.4352
5.4497,5.4446,5.4394,5.4349,5.4304,5.4266,5.4229,5.4194,5.4166,5.4137,5.4114,5.4092,5.4073,5.4055,5.404,5.4027,5.4015,5.4006,5.3998,5.3991,5.3985,5.3981,5.3977,5.3975,5.3975,5.3974,5.3974,5.3976,5.3979,5.3982,5.3985,5.399,5.3995,5.4,5.4006,5.4012,5.4019,5.4026,5.4034,5.4042,5.405,5.4058,5.4067,5.4075,5.4084,5.4093,5.4102,5.4111,5.4121,5.413,5.4139,5.4149,5.4158,5.4167,5.4177,5.4186,5.4195,5.4204,5.4213,5.4221
5.451,5.4449,5.4392,5.434,5.429,5.4242,5.42,5.4161,5.4125,5.4093,5.4063,5.4036,5.4012,5.3991,5.397,5.3953,5.3938,5.3925,5.3914,5.3904,5.3895,5.3888,5.3881,5.3878,5.3874,5.3872,5.3871,5.387,5.387,5.3872,5.3874,5.3876,5.388,5.3884,5.3889,5.3894,5.39,5.3906,5.3912,5.3919,5.3926,5.3934,5.3942,5.395,5.3958,5.3966,5.3975,5.3984,5.3993,5.4002,5.4011,5.402,5.4029,5.4038,5.4047,5.4056,5.4065,5.4074,5.4083,5.4092
5.4542,5.4474,5.4405,5.4349,5.4291,5.4238,5.4187,5.4142,5.4101,5.406,5.4024,5.3992,5.3962,5.3935,5.3911,5.389,5.387,5.3853,5.3838,5.3825,5.3813,5.3803,5.3794,5.3787,5.3781,5.3776,5.3773,5.377,5.3768,5.3767,5.3768,5.3769,5.3771,5.3773,5.3776,5.378,5.3785,5.379,5.3795,5.3801,5.3807,5.3813,5.382,5.3828,5.3835,5.3843,5.3851,5.3859,5.3867,5.3876,5.3885,5.3893,5.3902,5.3911,5.392,5.3929,5.3938,5.3947,5.3956,5.3964
5.4594,5.4519,5.4445,5.4379,5.431,5.425,5.4194,5.414,5.4092,5.4046,5.4002,5.3963,5.3928,5.3895,5.3866,5.3838,5.3813,5.3791,5.3773,5.3755,5.374,5.3725,5.3714,5.3703,5.3695,5.3688,5.3681,5.3676,5.3672,5.367,5.3668,5.3667,5.3667,5.3668,5.3669,5.3671,5.3674,5.3678,5.3682,5.3686,5.3691,5.3697,5.3703,5.3709,5.3716,5.3723,5.373,5.3737,5.3745,5.3753,5.3761,5.3769,5.3778,5.3786,5.3795,5.3804,5.3812,5.3821,5.383,5.3838
5.4669,5.4587,5.4504,5.4427,5.4354,5.4286,5.4221,5.4158,5.4101,5.4047,5.3997,5.3952,5.3908,5.3868,5.3833,5.38,5.377,5.3743,5.3718,5.3696,5.3676,5.3658,5.3642,5.3629,5.3617,5.3606,5.3597,5.359,5.3583,5.3578,5.3574,5.3571,5.3569,5.3568,5.3567,5.3568,5.3569,5.3571,5.3573,5.3577,5.358,5.3584,5.3589,5.3594,5.36,5.3606,5.3612,5.3619,5.3626,5.3633,5.3641,5.3648,5.3656,5.3664,5.3672,5.368,5.3689,5.3697,5.3706,5.3714
5.4779,5.4684,5.4593,5.4505,5.4423,5.4343,5.427,5.4198,5.4133,5.407,5.4012,5.3957,5.3907,5.3861,5.3817,5.3778,5.3741,5.3707,5.3677,5.3649,5.3624,5.3601,5.3582,5.3563,5.3549,5.3534,5.3522,5.351,5.3501,5.3494,5.3487,5.3481,5.3477,5.3473,5.3471,5.3469,5.3469,5.3469,5.347,5.3472,5.3474,5.3477,5.348,5.3484,5.3489,5.3493,5.3498,5.3504,5.351,5.3517,5.3523,5.353,5.3537,5.3545,5.3552,5.356,5.3568,5.3576,5.3584,5.3592
5.6446,5.6364,5.6285,5.4618,5.4524,5.4433,5.4348,5.4268,5.4191,5.4117,5.405,5.3987,5.3927,5.3872,5.3821,5.3773,5.373,5.3687,5.3651,5.3617,5.3586,5.3558,5.3533,5.351,5.349,5.3471,5.3455,5.344,5.3428,5.3417,5.3407,5.3399,5.3392,5.3386,5.3381,5.3377,5.3375,5.3373,5.3372,5.3372,5.3373,5.3374,5.3376,5.3378,5.3381,5.3385,5.3389,5.3393,5.3398,5.3404,5.341,5.3415,5.3422,5.3428,5.3435,5.3442,5.345,5.3457,5.3465,5.3473
588.34,588.82,589.24,589.61,589.93,590.21,650.46,654.25,657.33,657.26,659.12,660.87,662.54,664.15,665.71,667.24,668.73,670.2,671.65,673.08,674.48,675.86,677.21,678.55,679.85,681.13,682.37,683.57,684.72,685.82,686.86,687.84,688.75,689.59,690.38,691.1,691.76,692.37,692.91,693.41,693.84,694.23,694.57,694.86,695.11,695.32,755.41,759.22,762.3,762.17,764.01,765.74,767.39,768.98,770.52,772.03,773.5,774.94,776.35,777.73
568.51,569.72,570.91,572.07,573.19,574.28,575.33,576.33,577.28,578.18,579.03,579.84,580.59,581.3,581.97,582.58,583.15,583.68,584.16,584.6,585,585.36,585.68,585.96,586.2,586.42,586.6,586.75,586.88,645.89,649.69,652.7,652.77,654.54,656.2,657.78,659.3,660.77,662.2,663.59,664.96,666.29,667.61,668.9,670.16,671.41,672.63,673.82,674.98,676.12,677.22,678.28,679.3,680.27,681.19,682.06,682.88,683.65,684.37,685.04
542.82,544.58,546.21,547.75,549.23,550.65,552.03,553.38,554.7,555.99,557.26,558.5,559.72,560.93,562.11,563.27,564.42,565.54,566.64,567.71,568.75,569.77,570.75,571.69,572.59,573.45,574.28,575.06,575.8,576.5,577.17,577.8,578.39,578.94,579.46,579.94,580.39,580.8,581.17,581.52,581.83,582.11,582.36,582.58,582.77,582.94,583.09,583.21,583.32,583.41,583.48,583.55,642.16,645.76,648.62,648.73,650.41,651.98,653.47,654.9
474.82,475.07,475.3,475.51,475.7,475.86,476,476.13,476.24,476.33,476.41,476.47,476.53,531.97,536.39,539.47,542.05,541.92,543.49,544.97,546.38,547.73,549.04,550.31,551.56,552.77,553.96,555.12,556.27,557.4,558.5,559.59,560.66,561.7,562.73,563.73,564.71,565.66,566.58,567.47,568.33,569.16,569.95,570.71,571.43,572.12,572.78,573.41,574.01,574.58,575.11,575.62,576.09,576.53,576.95,577.33,577.69,578.02,578.32,578.6
468.24,468.76,469.25,469.73,470.17,470.6,470.99,471.37,471.72,472.05,472.35,472.63,472.89,473.12,473.34,473.53,473.71,473.87,474.01,474.13,474.24,474.33,474.41,474.48,474.54,474.6,474.64,474.68,474.72,529.7,533.98,536.96,537.8,539.44,540.94,542.35,543.7,544.98,546.23,547.43,548.61,549.76,550.88,551.98,553.06,554.12,555.16,556.18,557.18,558.17,559.13,560.07,560.99,561.89,562.77,563.61,564.44,565.23,565.99,566.72
459.64,460.37,461.07,461.75,462.41,463.05,463.66,464.25,464.82,465.37,465.9,466.41,466.89,467.35,467.8,468.22,468.62,469,469.36,469.69,470.01,470.31,470.58,470.84,471.08,471.3,471.5,471.68,471.85,472,472.14,472.26,472.37,472.46,472.54,472.62,472.68,472.74,472.79,472.83,472.87,472.9,472.93,472.96,472.99,527.71,531.75,534.61,535.52,537.09,538.53,539.88,541.16,542.39,543.57,544.72,545.84,546.93,547.99,549.03
449.88,450.75,451.6,452.44,453.26,454.06,454.84,455.6,456.35,457.07,457.77,458.45,459.11,459.75,460.38,460.98,461.57,462.13,462.68,463.21,463.72,464.21,464.68,465.13,465.57,465.98,466.38,466.76,467.13,467.47,467.79,468.1,468.39,468.67,468.92,469.16,469.38,469.59,469.78,469.95,470.11,470.25,470.39,470.5,470.61,470.7,470.79,470.86,470.93,470.99,471.04,471.08,471.12,471.16,471.19,471.22,471.25,471.27,471.3,471.32
439.73,440.68,441.61,442.53,443.44,444.33,445.21,446.08,446.93,447.77,448.6,449.41,450.21,450.99,451.76,452.51,453.24,453.96,454.66,455.34,456,456.64,457.27,457.87,458.47,459.04,459.6,460.14,460.67,461.17,461.67,462.14,462.6,463.05,463.47,463.88,464.28,464.66,465.02,465.37,465.7,466.01,466.31,466.59,466.86,467.11,467.35,467.57,467.78,467.97,468.15,468.32,468.47,468.61,468.74,468.85,468.96,469.05,469.14,469.21
428.9,430.04,431.14,432.2,433.23,434.24,435.22,436.18,437.13,438.06,438.97,439.87,440.75,441.62,442.47,443.32,444.15,444.97,445.77,446.56,447.34,448.11,448.86,449.59,450.32,451.02,451.72,452.39,453.05,453.69,454.32,454.92,455.52,456.1,456.66,457.21,457.75,458.27,458.77,459.26,459.74,460.2,460.65,461.08,461.5,461.9,462.29,462.67,463.03,463.37,463.71,464.03,464.33,464.62,464.9,465.16,465.41,465.64,465.86,466.07
363.94,363.95,363.97,363.98,418.44,421.66,424,425.98,426.28,427.49,428.63,429.71,430.75,431.77,432.75,433.7,434.64,435.55,436.45,437.33,438.19,439.04,439.88,440.7,441.52,442.31,443.1,443.87,444.63,445.38,446.12,446.84,447.55,448.24,448.93,449.6,450.25,450.89,451.51,452.12,452.72,453.3,453.86,454.42,454.96,455.48,456,456.5,456.98,457.46,457.92,458.37,458.8,459.22,459.63,460.03,460.41,460.78,461.14,461.49
363.16,363.18,363.2,363.21,363.23,363.25,363.26,363.28,363.29,363.31,363.32,363.33,363.35,416.25,419.92,422.35,423.64,424.94,426.14,427.27,428.34,429.36,430.35,431.31,432.24,433.15,434.03,434.9,435.75,436.59,437.41,438.22,439.01,439.79,440.56,441.32,442.06,442.8,443.52,444.23,444.92,445.61,446.28,446.94,447.59,448.22,448.84,449.45,450.05,450.62,451.19,451.75,452.29,452.82,453.34,453.84,454.34,454.82,455.29,455.75
362.32,362.36,362.39,362.42,362.45,362.48,362.5,362.52,362.54,362.56,362.58,362.59,362.61,362.62,362.64,362.65,362.66,362.68,362.69,362.7,362.72,362.73,413.99,418.27,420.78,422.82,423.66,424.85,425.96,427.02,428.02,428.99,429.92,430.83,431.71,432.57,433.41,434.24,435.05,435.84,436.62,437.39,438.14,438.89,439.62,440.34,441.04,441.74,442.43,443.1,443.76,444.42,445.06,445.68,446.3,446.9,447.5,448.07,448.64,449.19
361.37,361.44,361.5,361.55,361.6,361.65,361.69,361.73,361.76,361.79,361.82,361.84,361.87,361.89,361.91,361.92,361.94,361.95,361.97,361.98,362,362.01,362.03,362.04,362.05,362.07,362.08,362.09,362.11,362.12,362.13,362.15,416.67,419.26,421.33,422.41,423.6,424.7,425.73,426.72,427.66,428.58,429.46,430.32,431.16,431.98,432.78,433.56,434.33,435.09,435.83,436.56,437.28,437.99,438.69,439.37,440.05,440.71,441.36,442.01
360.29,360.38,360.47,360.56,360.64,360.71,360.78,360.84,360.9,360.95,361,361.04,361.08,361.11,361.15,361.18,361.2,361.23,361.25,361.27,361.29,361.31,361.32,361.34,361.35,361.37,361.38,361.39,361.41,361.42,361.43,361.45,361.46,361.47,361.48,361.5,361.51,361.52,361.54,361.55,361.56,415.07,417.78,419.87,421.2,422.38,423.46,424.48,425.45,426.38,427.27,428.14,428.98,429.79,430.59,431.37,432.13,432.88,433.61,434.33
359.07,359.2,359.32,359.44,359.54,359.65,359.74,359.83,359.92,360,360.07,360.14,360.2,360.26,360.31,360.36,360.41,360.45,360.49,360.52,360.55,360.58,360.61,360.63,360.65,360.67,360.69,360.71,360.72,360.74,360.75,360.77,360.78,360.79,360.81,360.82,360.83,360.84,360.86,360.87,360.88,360.89,360.91,360.92,360.93,360.95,360.96,360.97,360.98,361,413.43,416.31,418.45,420.25,421.19,422.26,423.27,424.22,425.13,426.01
357.74,357.89,358.05,358.19,358.33,358.46,358.59,358.71,358.82,358.93,359.03,359.12,359.21,359.3,359.38,359.45,359.52,359.58,359.64,359.7,359.75,359.79,359.83,359.87,359.91,359.94,359.97,360,360.03,360.05,360.07,360.09,360.11,360.12,360.14,360.16,360.17,360.18,360.2,360.21,360.22,360.23,360.25,360.26,360.27,360.28,360.3,360.31,360.32,360.33,360.35,360.36,360.37,360.38,360.39,360.41,360.42,360.43,360.44,411.72
356.32,356.5,356.68,356.85,357.01,357.17,357.32,357.47,357.61,357.75,357.87,358,358.11,358.22,358.33,358.43,358.52,358.61,358.69,358.77,358.85,358.92,358.98,359.04,359.1,359.15,359.19,359.24,359.28,359.32,359.35,359.38,359.41,359.44,359.46,359.48,359.51,359.52,359.54,359.56,359.57,359.59,359.6,359.62,359.63,359.64,359.65,359.67,359.68,359.69,359.7,359.71,359.73,359.74,359.75,359.76,359.77,359.79,359.8,359.81
354.84,355.04,355.24,355.43,355.62,355.8,355.98,356.15,356.31,356.47,356.62,356.77,356.91,357.05,357.18,357.3,357.42,357.54,357.65,357.75,357.85,357.94,358.03,358.11,358.19,358.26,358.33,358.4,358.46,358.51,358.56,358.61,358.66,358.7,358.74,358.77,358.81,358.84,358.87,358.89,358.91,358.94,358.96,358.97,358.99,359.01,359.02,359.04,359.05,359.07,359.08,359.09,359.1,359.11,359.13,359.14,359.15,359.16,359.17,359.18
353.32,353.54,353.76,353.97,354.17,354.37,354.57,354.76,354.94,355.12,355.3,355.47,355.63,355.79,355.94,356.09,356.23,356.37,356.5,356.63,356.75,356.87,356.98,357.08,357.19,357.28,357.37,357.46,357.54,357.62,357.69,357.76,357.83,357.89,357.94,358,358.05,358.09,358.14,358.18,358.21,358.25,358.28,358.31,358.33,358.36,358.38,358.4,358.42,358.44,358.46,358.47,358.49,358.5,358.52,358.53,358.54,358.55,358.56,358.58
351.79,352.02,352.25,352.47,352.69,352.91,353.12,353.33,353.53,353.73,353.92,354.11,354.29,354.47,354.64,354.81,354.97,355.13,355.28,355.43,355.57,355.71,355.84,355.97,356.1,356.21,356.33,356.44,356.54,356.64,356.73,356.82,356.91,356.99,357.07,357.14,357.21,357.27,357.33,357.39,357.45,357.5,357.54,357.59,357.63,357.66,357.7,357.73,357.76,357.79,357.82,357.84,357.86,357.88,357.9,357.92,357.94,357.95,357.97,357.98
350.27,350.51,350.74,350.98,351.21,351.43,351.65,351.87,352.09,352.3,352.51,352.71,352.91,353.1,353.29,353.48,353.66,353.83,354,354.17,354.33,354.49,354.64,354.79,354.93,355.07,355.2,355.33,355.46,355.58,355.69,355.8,355.91,356.01,356.11,356.2,356.29,356.37,356.45,356.53,356.6,356.67,356.74,356.8,356.85,356.91,356.96,357.01,357.05,357.09,357.13,357.17,357.2,357.23,357.26,357.29,357.31,357.34,357.36,357.38
348.76,349.01,349.25,349.49,349.72,349.96,350.19,350.41,350.64,350.86,351.08,351.29,351.5,351.71,351.91,352.11,352.3,352.49,352.68,352.86,353.04,353.21,353.38,353.55,353.71,353.87,354.02,354.16,354.31,354.45,354.58,354.71,354.84,354.96,355.07,355.19,355.29,355.4,355.5,355.59,355.68,355.77,355.85,355.93,356.01,356.08,356.15,356.21,356.27,356.33,356.39,356.44,356.48,356.53,356.57,356.61,356.65,356.68,356.71,356.74
347.29,347.53,347.78,348.02,348.26,348.5,348.73,348.97,349.2,349.42,349.65,349.87,350.09,350.3,350.52,350.73,350.93,351.13,351.33,351.53,351.72,351.91,352.09,352.27,352.44,352.62,352.78,352.95,353.1,353.26,353.41,353.56,353.7,353.84,353.97,354.1,354.23,354.35,354.47,354.58,354.69,354.8,354.9,355,355.09,355.18,355.27,355.35,355.43,355.5,355.57,355.64,355.7,355.76,355.82,355.88,355.93,355.98,356.02,356.06
345.84,346.09,346.34,346.58,346.82,347.06,347.3,347.53,347.77,348,348.23,348.46,348.68,348.9,349.12,349.34,349.55,349.76,349.97,350.18,350.38,350.58,350.77,350.96,351.15,351.33,351.51,351.69,351.86,352.03,352.2,352.36,352.52,352.67,352.82,352.97,353.11,353.25,353.38,353.51,353.64,353.76,353.88,353.99,354.1,354.21,354.31,354.41,354.51,354.6,354.69,354.77,354.86,354.93,355.01,355.08,355.14,355.21,355.27,355.33
344.44,344.68,344.93,345.17,345.41,345.65,345.89,346.13,346.36,346.6,346.83,347.06,347.29,347.52,347.74,347.96,348.18,348.4,348.61,348.82,349.03,349.24,349.44,349.64,349.84,350.03,350.23,350.41,350.6,350.78,350.96,351.13,351.3,351.47,351.63,351.79,351.95,352.1,352.25,352.39,352.53,352.67,352.81,352.94,353.06,353.19,353.3,353.42,353.53,353.64,353.74,353.84,353.94,354.04,354.13,354.21,354.3,354.38,354.45,354.52
343.07,343.31,343.55,343.8,344.04,344.28,344.52,344.75,344.99,345.22,345.46,345.69,345.92,346.15,346.38,346.6,346.82,347.04,347.26,347.48,347.69,347.91,348.12,348.32,348.53,348.73,348.93,349.12,349.32,349.51,349.69,349.88,350.06,350.24,350.41,350.58,350.75,350.92,351.08,351.24,351.39,351.54,351.69,351.83,351.97,352.11,352.24,352.37,352.5,352.62,352.74,352.86,352.97,353.08,353.19,353.29,353.39,353.48,353.57,353.66
341.74,341.98,342.22,342.46,342.7,342.93,343.17,343.41,343.64,343.88,344.11,344.34,344.58,344.81,345.03,345.26,345.49,345.71,345.93,346.15,346.37,346.58,346.8,347.01,347.22,347.43,347.63,347.83,348.03,348.23,348.43,348.62,348.81,349,349.18,349.36,349.54,349.71,349.89,350.05,350.22,350.38,350.54,350.7,350.85,351,351.15,351.29,351.43,351.56,351.7,351.83,351.95,352.08,352.2,352.31,352.43,352.54,352.64,352.74
340.44,340.68,340.92,341.16,341.39,341.63,341.86,342.1,342.33,342.57,342.8,343.03,343.26,343.49,343.72,343.95,344.17,344.4,344.62,344.84,345.06,345.28,345.5,345.71,345.92,346.14,346.35,346.55,346.76,346.96,347.16,347.36,347.55,347.75,347.94,348.13,348.31,348.5,348.68,348.85,349.03,349.2,349.37,349.54,349.7,349.86,350.02,350.17,350.32,350.47,350.62,350.76,350.9,351.03,351.16,351.29,351.42,351.54,351.66,351.78
339.19,339.42,339.66,339.89,340.12,340.36,340.59,340.82,341.06,341.28,341.52,341.75,341.98,342.2,342.43,342.66,342.89,343.11,343.33,343.56,343.78,344,344.22,344.43,344.65,344.86,345.07,345.28,345.49,345.7,345.9,346.11,346.31,346.5,346.7,346.89,347.09,347.28,347.46,347.65,347.83,348.01,348.19,348.36,348.53,348.7,348.87,349.03,349.2,349.35,349.51,349.66,349.81,349.96,350.1,350.24,350.38,350.51,350.64,350.77
337.97,338.2,338.43,338.66,338.89,339.12,339.35,339.58,339.81,340.04,340.27,340.49,340.72,340.95,341.18,341.4,341.63,341.85,342.07,342.3,342.52,342.74,342.96,343.17,343.39,343.61,343.82,344.03,344.24,344.45,344.66,344.86,345.07,345.27,345.47,345.67,345.87,346.06,346.25,346.44,346.63,346.82,347,347.18,347.36,347.54,347.71,347.88,348.05,348.22,348.38,348.54,348.7,348.86,349.01,349.16,349.31,349.46,349.6,349.74
336.79,337.01,337.23,337.46,337.69,337.91,338.14,338.37,338.59,338.82,339.05,339.27,339.5,339.72,339.95,340.17,340.4,340.62,340.84,341.06,341.28,341.5,341.72,341.94,342.16,342.37,342.59,342.8,343.01,343.22,343.43,343.64,343.85,344.05,344.25,344.45,344.65,344.85,345.05,345.24,345.44,345.63,345.81,346,346.19,346.37,346.55,346.73,346.9,347.08,347.25,347.42,347.58,347.75,347.91,348.07,348.22,348.38,348.53,348.68
335.63,335.85,336.07,336.3,336.52,336.74,336.96,337.19,337.41,337.64,337.86,338.08,338.3,338.53,338.75,338.98,339.2,339.42,339.64,339.86,340.08,340.3,340.52,340.73,340.95,341.16,341.38,341.59,341.8,342.01,342.22,342.43,342.64,342.85,343.05,343.26,343.46,343.66,343.86,344.05,344.25,344.44,344.64,344.83,345.01,345.2,345.39,345.57,345.75,345.93,346.11,346.28,346.45,346.62,346.79,346.96,347.12,347.28,347.44,347.6
334.51,334.73,334.95,335.17,335.38,335.6,335.82,336.04,336.26,336.48,336.7,336.92,337.14,337.36,337.58,337.8,338.02,338.24,338.46,338.68,338.9,339.12,339.33,339.55,339.76,339.98,340.19,340.41,340.62,340.83,341.04,341.25,341.46,341.66,341.87,342.07,342.28,342.48,342.68,342.88,343.08,343.27,343.47,343.66,343.85,344.04,344.23,344.42,344.6,344.79,344.97,345.15,345.33,345.5,345.68,345.85,346.02,346.18,346.35,346.51
333.42,333.63,333.85,334.06,334.28,334.49,334.7,334.92,335.14,335.35,335.57,335.79,336.01,336.22,336.44,336.66,336.88,337.1,337.31,337.53,337.74,337.96,338.18,338.39,338.61,338.82,339.03,339.24,339.46,339.67,339.88,340.09,340.29,340.5,340.71,340.91,341.12,341.32,341.52,341.72,341.92,342.12,342.32,342.51,342.7,342.9,343.09,343.28,343.47,343.65,343.84,344.02,344.2,344.38,344.56,344.74,344.91,345.08,345.25,345.42
332.35,332.57,332.78,332.99,333.2,333.4,333.62,333.83,334.04,334.25,334.47,334.69,334.9,335.11,335.33,335.55,335.76,335.97,336.19,336.4,336.62,336.83,337.05,337.26,337.47,337.68,337.9,338.11,338.32,338.53,338.74,338.95,339.15,339.36,339.57,339.77,339.98,340.18,340.38,340.58,340.78,340.98,341.18,341.38,341.57,341.77,341.96,342.15,342.34,342.53,342.72,342.9,343.09,343.27,343.45,343.63,343.81,343.99,344.16,344.33
331.33,331.53,331.73,331.94,332.14,332.35,332.56,332.77,332.98,333.18,333.4,333.61,333.82,334.03,334.24,334.46,334.67,334.88,335.09,335.3,335.52,335.73,335.94,336.15,336.36,336.57,336.78,336.99,337.2,337.41,337.62,337.83,338.03,338.24,338.45,338.65,338.86,339.06,339.26,339.46,339.66,339.86,340.06,340.26,340.45,340.65,340.84,341.04,341.23,341.42,341.61,341.8,341.98,342.17,342.35,342.53,342.72,342.9,343.07,343.25
330.31,330.51,330.71,330.92,331.12,331.32,331.52,331.73,331.93,332.14,332.35,332.56,332.76,332.97,333.18,333.39,333.6,333.81,334.02,334.23,334.44,334.65,334.86,335.07,335.28,335.49,335.69,335.9,336.11,336.32,336.53,336.73,336.94,337.14,337.35,337.55,337.76,337.96,338.16,338.36,338.56,338.76,338.96,339.16,339.35,339.55,339.75,339.94,340.13,340.32,340.51,340.7,340.89,341.08,341.26,341.45,341.63,341.81,341.99,342.17
329.32,329.51,329.71,329.91,330.11,330.31,330.51,330.72,330.92,331.12,331.33,331.53,331.73,331.94,332.14,332.35,332.56,332.76,332.97,333.18,333.38,333.59,333.8,334.01,334.21,334.42,334.63,334.83,335.04,335.25,335.45,335.66,335.86,336.07,336.27,336.47,336.68,336.88,337.08,337.28,337.48,337.68,337.88,338.08,338.27,338.47,338.66,338.86,339.05,339.24,339.44,339.63,339.81,340,340.19,340.38,340.56,340.74,340.93,341.11
328.35,328.54,328.73,328.92,329.13,329.32,329.53,329.72,329.92,330.12,330.32,330.52,330.73,330.93,331.13,331.33,331.54,331.74,331.94,332.15,332.35,332.56,332.76,332.97,333.17,333.38,333.58,333.79,333.99,334.2,334.4,334.61,334.81,335.01,335.22,335.42,335.62,335.82,336.02,336.22,336.42,336.62,336.82,337.01,337.21,337.41,337.6,337.8,337.99,338.18,338.37,338.56,338.75,338.94,339.13,339.32,339.5,339.69,339.87,340.05
327.4,327.58,327.77,327.96,328.16,328.36,328.55,328.75,328.94,329.14,329.34,329.54,329.74,329.94,330.14,330.34,330.54,330.74,330.94,331.14,331.35,331.55,331.75,331.95,332.16,332.36,332.56,332.77,332.97,333.17,333.37,333.58,333.78,333.98,334.18,334.38,334.58,334.78,334.98,335.18,335.38,335.58,335.77,335.97,336.17,336.36,336.56,336.75,336.94,337.14,337.33,337.52,337.71,337.9,338.09,338.27,338.46,338.65,338.83,339.01
326.46,326.65,326.83,327.02,327.22,327.4,327.6,327.8,327.98,328.18,328.38,328.57,328.76,328.97,329.17,329.36,329.56,329.76,329.96,330.16,330.36,330.55,330.76,330.95,331.16,331.36,331.56,331.76,331.96,332.16,332.36,332.56,332.76,332.96,333.16,333.36,333.56,333.76,333.96,334.16,334.35,334.55,334.75,334.94,335.14,335.34,335.53,335.72,335.92,336.11,336.3,336.49,336.68,336.87,337.06,337.25,337.43,337.62,337.81,337.99
325.56,325.73,325.92,326.1,326.29,326.48,326.66,326.85,327.05,327.24,327.42,327.62,327.81,328.01,328.21,328.4,328.6,328.8,329,329.19,329.39,329.59,329.78,329.98,330.18,330.38,330.58,330.78,330.97,331.17,331.37,331.57,331.77,331.97,332.17,332.36,332.56,332.76,332.96,333.15,333.35,333.55,333.74,333.94,334.13,334.33,334.52,334.71,334.91,335.1,335.29,335.48,335.67,335.86,336.05,336.24,336.42,336.61,336.79,336.98
324.67,324.83,325.01,325.2,325.38,325.55,325.74,325.94,326.12,326.31,326.5,326.69,326.88,327.07,327.26,327.46,327.66,327.85,328.04,328.24,328.44,328.63,328.83,329.03,329.22,329.41,329.61,329.81,330.01,330.2,330.4,330.6,330.79,330.99,331.19,331.38,331.58,331.78,331.97,332.17,332.36,332.56,332.75,332.95,333.14,333.34,333.53,333.72,333.91,334.1,334.29,334.48,334.67,334.86,335.05,335.24,335.43,335.61,335.8,335.98
323.79,323.97,324.13,324.31,324.48,324.66,324.85,325.03,325.21,325.39,325.58,325.77,325.96,326.15,326.34,326.53,326.73,326.92,327.11,327.3,327.5,327.69,327.89,328.08,328.28,328.47,328.67,328.86,329.06,329.25,329.45,329.64,329.84,330.03,330.23,330.42,330.62,330.81,331.01,331.2,331.39,331.59,331.78,331.98,332.17,332.36,332.55,332.74,332.94,333.13,333.32,333.51,333.7,333.88,334.07,334.26,334.45,334.63,334.82,335
322.93,323.09,323.26,323.44,323.6,323.78,323.95,324.13,324.32,324.5,324.68,324.87,325.06,325.24,325.43,325.62,325.81,326,326.19,326.38,326.58,326.77,326.96,327.15,327.35,327.54,327.74,327.93,328.12,328.32,328.51,328.7,328.9,329.09,329.28,329.48,329.67,329.86,330.06,330.25,330.44,330.63,330.83,331.02,331.21,331.4,331.59,331.78,331.97,332.16,332.35,332.54,332.73,332.92,333.11,333.29,333.48,333.67,333.85,334.04
322.1,322.25,322.42,322.58,322.76,322.92,323.09,323.27,323.45,323.62,323.8,323.98,324.17,324.35,324.54,324.72,324.91,325.1,325.29,325.48,325.67,325.86,326.05,326.24,326.43,326.63,326.82,327.01,327.2,327.39,327.59,327.78,327.97,328.16,328.35,328.55,328.74,328.93,329.12,329.31,329.5,329.7,329.89,330.08,330.27,330.46,330.65,330.84,331.03,331.22,331.41,331.6,331.78,331.97,332.16,332.34,332.53,332.72,332.9,333.08
321.28,321.44,321.6,321.75,321.9,322.07,322.25,322.41,322.59,322.76,322.93,323.11,323.29,323.47,323.66,323.84,324.02,324.22,324.4,324.59,324.77,324.96,325.15,325.34,325.53,325.72,325.92,326.1,326.3,326.49,326.68,326.87,327.06,327.25,327.44,327.63,327.82,328.01,328.2,328.39,328.58,328.77,328.96,329.15,329.34,329.53,329.72,329.91,330.1,330.29,330.47,330.66,330.85,331.04,331.22,331.41,331.59,331.78,331.96,332.15
320.48,320.62,320.76,320.92,321.08,321.24,321.41,321.57,321.73,321.91,322.09,322.26,322.44,322.61,322.79,322.97,323.15,323.34,323.52,323.7,323.89,324.08,324.26,324.45,324.65,324.83,325.02,325.21,325.4,325.59,325.78,325.97,326.16,326.35,326.54,326.73,326.92,327.11,327.3,327.49,327.68,327.86,328.05,328.24,328.43,328.62,328.81,328.99,329.18,329.37,329.56,329.74,329.93,330.12,330.3,330.49,330.67,330.86,331.04,331.22
319.67,319.8,319.96,320.11,320.26,320.43,320.58,320.75,320.9,321.07,321.23,321.41,321.58,321.76,321.93,322.11,322.29,322.47,322.66,322.84,323.02,323.21,323.39,323.58,323.77,323.95,324.14,324.33,324.52,324.71,324.9,325.08,325.28,325.46,325.65,325.84,326.03,326.22,326.41,326.59,326.78,326.97,327.16,327.35,327.53,327.72,327.91,328.09,328.28,328.47,328.65,328.84,329.02,329.21,329.39,329.58,329.76,329.95,330.13,330.31
318.87,319.02,319.16,319.32,319.46,319.6,319.77,319.93,320.08,320.24,320.4,320.58,320.75,320.92,321.1,321.27,321.44,321.63,321.8,321.98,322.17,322.35,322.53,322.72,322.9,323.09,323.27,323.46,323.65,323.83,324.02,324.21,324.4,324.59,324.77,324.96,325.15,325.34,325.53,325.71,325.9,326.09,326.28,326.46,326.65,326.83,327.02,327.2,327.39,327.58,327.76,327.95,328.13,328.31,328.5,328.68,328.87,329.05,329.23,329.42
318.12,318.24,318.37,318.52,318.66,318.81,318.95,319.11,319.26,319.43,319.59,319.76,319.93,320.09,320.27,320.43,320.6,320.78,320.96,321.14,321.32,321.5,321.68,321.86,322.04,322.23,322.41,322.6,322.79,322.97,323.16,323.34,323.53,323.72,323.91,324.09,324.28,324.47,324.66,324.84,325.03,325.21,325.4,325.59,325.77,325.96,326.14,326.33,326.51,326.7,326.88,327.07,327.25,327.43,327.62,327.8,327.98,328.17,328.35,328.53
317.34,317.46,317.6,317.72,317.87,318.02,318.17,318.32,318.47,318.62,318.78,318.94,319.11,319.27,319.44,319.61,319.78,319.95,320.13,320.3,320.48,320.66,320.84,321.02,321.2,321.38,321.57,321.75,321.93,322.12,322.3,322.49,322.67,322.86,323.05,323.23,323.42,323.61,323.79,323.98,324.17,324.35,324.54,324.72,324.91,325.1,325.28,325.46,325.65,325.83,326.02,326.2,326.38,326.57,326.75,326.93,327.11,327.29,327.48,327.66
316.6,316.71,316.82,316.96,317.09,317.22,317.37,317.53,317.66,317.82,317.99,318.13,318.29,318.46,318.62,318.79,318.96,319.13,319.3,319.48,319.66,319.83,320,320.18,320.36,320.54,320.72,320.9,321.09,321.27,321.46,321.64,321.83,322.01,322.2,322.38,322.57,322.76,322.94,323.13,323.31,323.5,323.68,323.87,324.06,324.24,324.43,324.61,324.79,324.98,325.16,325.34,325.53,325.71,325.89,326.07,326.25,326.43,326.61,326.8
315.84,315.98,316.08,316.21,316.32,316.46,316.59,316.72,316.88,317.02,317.18,317.33,317.5,317.65,317.82,317.98,318.15,318.31,318.49,318.67,318.84,319.01,319.18,319.36,319.54,319.71,319.89,320.08,320.26,320.44,320.62,320.81,320.99,321.17,321.35,321.54,321.72,321.91,322.1,322.28,322.47,322.65,322.84,323.02,323.21,323.39,323.58,323.76,323.95,324.13,324.31,324.49,324.68,324.86,325.04,325.22,325.4,325.58,325.76,325.94
315.12,315.22,315.32,315.45,315.57,315.68,315.81,315.95,316.09,316.24,316.39,316.54,316.69,316.86,317,317.17,317.34,317.51,317.68,317.85,318.02,318.19,318.36,318.54,318.71,318.89,319.08,319.25,319.43,319.61,319.79,319.97,320.16,320.34,320.53,320.71,320.89,321.08,321.26,321.44,321.63,321.82,322,322.19,322.37,322.55,322.74,322.92,323.11,323.29,323.47,323.65,323.84,324.02,324.2,324.38,324.56,324.74,324.92,325.1
314.39,314.49,314.55,314.7,314.8,314.92,315.03,315.17,315.32,315.45,315.58,315.74,315.89,316.05,316.21,316.37,316.54,316.7,316.87,317.04,317.21,317.39,317.55,317.73,317.9,318.08,318.26,318.43,318.61,318.79,318.97,319.15,319.33,319.52,319.7,319.88,320.07,320.25,320.43,320.62,320.8,320.98,321.17,321.35,321.54,321.72,321.91,322.09,322.27,322.46,322.64,322.82,323.01,323.19,323.37,323.55,323.73,323.91,324.09,324.27
313.66,313.75,313.84,313.95,314.03,314.15,314.27,314.4,314.54,314.68,314.81,314.95,315.11,315.26,315.42,315.57,315.73,315.89,316.08,316.24,316.41,316.57,316.75,316.92,317.09,317.27,317.44,317.62,317.8,317.98,318.16,318.33,318.52,318.7,318.88,319.06,319.24,319.43,319.61,319.79,319.98,320.16,320.35,320.53,320.71,320.9,321.08,321.26,321.45,321.63,321.81,322,322.18,322.36,322.54,322.73,322.91,323.09,323.27,323.45
312.89,313,313.08,313.17,313.27,313.4,313.51,313.62,313.75,313.88,314.01,314.17,314.3,314.45,314.61,314.77,314.93,315.1,315.26,315.43,315.59,315.76,315.93,316.11,316.28,316.46,316.63,316.81,316.99,317.17,317.34,317.52,317.7,317.88,318.07,318.25,318.43,318.61,318.79,318.98,319.16,319.34,319.53,319.71,319.89,320.08,320.26,320.44,320.63,320.81,320.99,321.18,321.36,321.54,321.72,321.91,322.09,322.27,322.45,322.63
312.15,312.23,312.32,312.39,312.5,312.59,312.72,312.83,312.96,313.09,313.22,313.36,313.5,313.66,313.8,313.97,314.12,314.29,314.45,314.61,314.78,314.95,315.13,315.3,315.48,315.65,315.83,316,316.18,316.36,316.54,316.72,316.89,317.07,317.26,317.43,317.62,317.8,317.98,318.17,318.35,318.53,318.71,318.9,319.08,319.26,319.45,319.63,319.81,320,320.18,320.36,320.54,320.73,320.91,321.09,321.27,321.45,321.64,321.82
311.78,311.88,311.97,311.6,311.72,311.81,311.91,312.05,312.17,312.28,312.41,312.56,312.7,312.85,313.01,313.15,313.32,313.46,313.63,313.81,313.97,314.14,314.32,314.49,314.67,314.84,315.02,315.19,315.37,315.55,315.73,315.91,316.09,316.27,316.45,316.63,316.81,316.99,317.17,317.36,317.54,317.72,317.91,318.09,318.27,318.46,318.64,318.82,319.01,319.19,319.37,319.55,319.74,319.92,320.1,320.28,320.47,320.65,320.83,321.01
