0.6,0.59661,0.59322,0.58983,0.58644,0.58305,0.57966,0.57627,0.57288,0.56949,0.5661,0.56271,0.55932,0.55593,0.55254,0.54915,0.54576,0.54237,0.53898,0.53559,0.5322,0.52881,0.52542,0.52203,0.51864,0.51525,0.51186,0.50847,0.50508,0.50169,0.49831,0.49492,0.49153,0.48814,0.48475,0.48136,0.47797,0.47458,0.47119,0.4678,0.46441,0.46102,0.45763,0.45424,0.45085,0.44746,0.44407,0.44068,0.43729,0.4339,0.43051,0.42712,0.42373,0.42034,0.41695,0.41356,0.41017,0.40678,0.40339,0.4
12,16.068,20.136,24.203,28.271,32.339,36.407,40.475,44.542,48.61,52.678,56.746,60.814,64.881,68.949,73.017,77.085,81.153,85.22,89.288,93.356,97.424,101.49,105.56,109.63,113.69,117.76,121.83,125.9,129.97,134.03,138.1,142.17,146.24,150.31,154.37,158.44,162.51,166.58,170.64,174.71,178.78,182.85,186.92,190.98,195.05,199.12,203.19,207.25,211.32,215.39,219.46,223.53,227.59,231.66,235.73,239.8,243.86,247.93,252
333.87,344,351.66,357.9,363.36,368.43,371.63,374.94,377.97,380.36,382.85,385.16,387.31,389.32,391.21,392.98,394.67,396.27,397.8,399.27,400.7,402.07,403.41,404.72,405.99,407.24,408.46,409.67,410.86,412.05,413.22,414.4,415.59,416.78,417.99,419.2,420.44,421.69,422.96,424.25,425.56,426.9,428.26,429.65,431.06,432.5,433.97,435.46,436.99,438.54,440.11,441.72,443.35,445.01,446.7,448.41,450.14,451.9,453.68,450.71
311.59,322.09,330.02,336.44,341.97,347.04,351.11,354.42,357.57,360.11,362.73,365.16,367.43,369.56,371.55,373.44,375.22,376.92,378.54,380.09,381.6,383.05,384.46,385.83,387.17,388.48,389.76,391.02,392.27,393.5,394.73,395.95,397.18,398.42,399.66,400.92,402.2,403.49,404.81,406.15,407.51,408.9,410.32,411.77,413.25,414.76,416.3,417.88,419.49,421.14,422.81,424.52,426.26,428.04,429.85,431.69,433.55,435.45,432.01,432.54
289.32,300.16,308.36,314.97,320.59,325.66,330.5,333.88,337.1,340.13,342.52,345.07,347.45,349.69,351.8,353.8,355.68,357.47,359.19,360.83,362.42,363.95,365.44,366.88,368.29,369.66,371,372.32,373.62,374.91,376.18,377.46,378.73,380.01,381.3,382.6,383.92,385.25,386.61,387.99,389.4,390.84,392.31,393.82,395.37,396.95,398.57,400.22,401.92,403.66,405.44,407.25,409.11,411,412.94,414.91,416.92,413.64,414.18,414.99
267.09,278.25,286.71,293.52,299.27,304.36,309.13,313.85,316.63,319.73,322.28,324.93,327.42,329.77,331.99,334.09,336.08,337.97,339.79,341.52,343.19,344.81,346.37,347.89,349.37,350.81,352.22,353.6,354.95,356.3,357.62,358.95,360.27,361.59,362.92,364.27,365.63,367,368.4,369.83,371.28,372.77,374.29,375.85,377.46,379.1,380.79,382.53,384.32,386.15,388.03,389.95,391.92,393.94,396.01,398.12,395.53,395.9,396.7,397.63
244.99,256.43,265.13,272.14,278.04,283.2,287.93,292.51,297.19,299.37,302.38,304.8,307.39,309.83,312.15,314.36,316.45,318.45,320.36,322.19,323.95,325.65,327.3,328.9,330.45,331.96,333.44,334.88,336.3,337.7,339.08,340.46,341.83,343.2,344.58,345.97,347.37,348.79,350.23,351.69,353.19,354.72,356.29,357.91,359.57,361.28,363.04,364.86,366.73,368.65,370.63,372.67,374.77,376.92,379.12,381.38,377.72,378.46,379.39,380.41
223.1,234.77,243.69,250.89,256.94,262.19,266.94,271.43,275.91,279.21,282.18,285.12,287.4,289.94,292.35,294.65,296.85,298.95,300.96,302.89,304.74,306.53,308.27,309.95,311.58,313.16,314.7,316.22,317.7,319.16,320.6,322.03,323.46,324.88,326.31,327.74,329.19,330.65,332.13,333.64,335.18,336.76,338.38,340.05,341.76,343.54,345.37,347.26,349.22,351.24,353.33,355.48,357.7,359.99,362.34,359.81,360.31,361.22,362.25,363.33
201.49,213.36,222.47,229.84,236.03,241.4,246.2,250.65,254.99,259.45,262.17,265.12,267.54,270.16,272.65,275.04,277.33,279.53,281.64,283.67,285.61,287.5,289.32,291.08,292.79,294.45,296.07,297.65,299.2,300.72,302.23,303.72,305.2,306.67,308.15,309.64,311.13,312.64,314.17,315.73,317.31,318.94,320.61,322.33,324.11,325.94,327.85,329.82,331.87,333.99,336.19,338.47,340.82,343.26,345.77,342.33,343.14,344.17,345.28,346.44
180.3,192.3,201.56,209.07,215.39,220.87,225.74,230.21,234.47,238.74,243.29,245.35,248.26,250.55,253.12,255.59,257.97,260.26,262.46,264.58,266.63,268.6,270.51,272.36,274.15,275.89,277.58,279.23,280.85,282.44,284.01,285.56,287.11,288.64,290.18,291.72,293.26,294.82,296.4,298.01,299.65,301.32,303.05,304.83,306.67,308.57,310.56,312.62,314.76,316.99,319.32,321.73,324.24,326.84,324.68,325.21,326.21,327.34,328.53,329.76
159.64,171.71,181.07,188.69,195.12,200.7,205.65,210.16,214.39,218.55,222.86,226,228.81,231.21,233.85,236.39,238.84,241.21,243.5,245.71,247.85,249.92,251.91,253.85,255.72,257.54,259.31,261.04,262.73,264.39,266.02,267.64,269.24,270.84,272.44,274.03,275.64,277.26,278.89,280.55,282.25,283.99,285.77,287.62,289.53,291.52,293.59,295.75,298,300.36,302.82,305.39,308.07,310.86,307.48,308.41,309.55,310.77,312.05,313.35
139.69,151.74,161.13,168.82,175.33,180.98,186,190.56,194.81,198.91,203.08,207.56,209.76,212.64,214.91,217.51,220.04,222.48,224.85,227.15,229.38,231.53,233.62,235.63,237.59,239.49,241.34,243.14,244.9,246.63,248.33,250.02,251.69,253.35,255,256.67,258.33,260.01,261.71,263.44,265.2,267,268.86,270.79,272.78,274.87,277.04,279.32,281.71,284.22,286.85,289.6,292.49,289.98,290.81,291.96,293.22,294.55,295.91,297.29
120.65,132.56,141.92,149.61,156.16,161.85,166.92,171.52,175.79,179.88,183.97,188.29,191.24,194.06,196.42,199.07,201.66,204.17,206.62,208.99,211.3,213.54,215.71,217.81,219.84,221.82,223.74,225.62,227.45,229.25,231.02,232.78,234.51,236.24,237.96,239.69,241.43,243.17,244.94,246.74,248.58,250.47,252.42,254.44,256.54,258.75,261.06,263.49,266.04,268.74,271.58,274.57,272.69,273.43,274.61,275.93,277.31,278.73,280.17,281.63
102.76,114.38,123.6,131.23,137.76,143.46,148.55,153.17,157.46,161.56,165.62,169.87,173.48,176.05,178.47,181.17,183.82,186.39,188.91,191.35,193.74,196.06,198.3,200.48,202.59,204.64,206.63,208.58,210.48,212.35,214.19,216.01,217.81,219.61,221.41,223.21,225.01,226.84,228.69,230.57,232.51,234.5,236.56,238.7,240.95,243.3,245.79,248.42,251.2,254.14,257.26,255.49,256.32,257.57,258.95,260.4,261.89,263.4,264.93,264.75
86.249,97.423,106.38,113.87,120.31,125.96,131.03,135.65,139.96,144.07,148.14,152.4,157.16,158.72,161.18,163.93,166.63,169.27,171.84,174.36,176.81,179.2,181.52,183.76,185.94,188.05,190.11,192.12,194.09,196.03,197.94,199.82,201.7,203.57,205.44,207.31,209.21,211.12,213.07,215.06,217.11,219.23,221.43,223.74,226.18,228.75,231.48,234.38,237.46,240.74,238.46,239.54,240.9,242.38,243.91,245.48,247.07,246.99,248.46,249.95
71.368,81.909,90.483,97.723,104,109.55,114.55,119.14,123.43,127.56,131.69,136.05,139.33,142.21,144.68,147.49,150.24,152.93,155.57,158.14,160.66,163.1,165.47,167.77,170.01,172.18,174.3,176.37,178.4,180.4,182.37,184.33,186.28,188.22,190.18,192.14,194.13,196.15,198.22,200.35,202.55,204.85,207.26,209.8,212.5,215.38,218.45,221.74,221.38,221.88,223.22,224.73,226.31,227.93,228.09,229.6,231.14,232.68,234.24,235.8
58.292,68.029,76.087,82.975,89.005,94.388,99.277,103.8,108.07,112.24,116.48,121.1,123.58,126.22,129.12,131.99,134.79,137.54,140.23,142.85,145.41,147.89,150.3,152.65,154.93,157.15,159.32,161.44,163.53,165.59,167.63,169.66,171.68,173.71,175.76,177.84,179.95,182.11,184.35,186.66,189.09,191.64,194.35,197.25,200.34,203.68,207.26,204.59,205.95,207.51,209.16,210.85,212.57,212.66,214.26,215.88,217.5,219.13,220.76,222.39
47.104,55.91,63.338,69.782,75.493,80.647,85.381,89.817,94.085,98.355,102.9,105.95,109.11,111.72,114.69,117.6,120.45,123.23,125.96,128.61,131.19,133.69,136.13,138.5,140.81,143.07,145.28,147.46,149.6,151.73,153.84,155.94,158.06,160.2,162.38,164.6,166.89,169.26,171.73,174.34,177.11,180.07,183.26,186.7,190.43,187.69,189.18,190.83,192.56,194.34,194.61,196.26,197.93,199.62,201.31,203.01,204.71,206.42,208.12,209.82
37.779,45.585,52.309,58.242,63.578,68.466,73.033,77.412,81.78,86.414,89.437,92.335,95.456,98.527,101.54,104.48,107.36,110.17,112.89,115.54,118.11,120.61,123.06,125.44,127.78,130.07,132.32,134.55,136.75,138.95,141.15,143.37,145.62,147.91,150.28,152.74,155.3,158.02,160.91,164.01,167.36,171.01,169.97,171.34,173.01,174.8,176.63,177.06,178.77,180.51,182.26,184.02,185.78,187.55,189.33,191.1,192.87,194.65,196.41,198.17
30.188,36.999,42.997,48.394,53.345,57.985,62.464,66.992,71.928,74.332,77.32,80.546,83.709,86.801,89.822,92.768,95.632,98.405,101.09,103.7,106.25,108.74,111.18,113.58,115.94,118.27,120.57,122.86,125.16,127.47,129.81,132.2,134.67,137.25,139.96,142.83,145.92,149.27,152.92,152.67,154.02,155.77,157.63,159.55,160.09,161.88,163.69,165.52,167.34,169.18,171.02,172.86,174.7,176.54,178.38,180.22,182.05,183.87,185.69,187.49
24.142,30.03,35.349,40.263,44.926,49.535,54.411,57.344,60.543,63.903,67.197,70.421,73.569,76.635,79.607,82.48,85.261,87.96,90.59,93.159,95.679,98.157,100.6,103.02,105.42,107.82,110.22,112.64,115.1,117.62,120.25,123,125.93,129.07,132.5,136.25,135.68,137.31,139.19,141.17,141.94,143.81,145.69,147.58,149.48,151.39,153.3,155.21,157.12,159.03,160.93,162.84,164.73,166.63,168.51,170.39,172.25,174.11,175.94,177.77
19.446,24.573,29.392,34.128,38.251,41.801,45.382,48.866,52.26,55.57,58.801,61.947,64.989,67.926,70.77,73.531,76.22,78.848,81.427,83.966,86.477,88.972,91.463,93.962,96.481,99.043,101.67,104.4,107.27,110.32,113.62,117.23,118,119.46,121.39,123.44,124.41,126.35,128.32,130.3,132.28,134.26,136.25,138.24,140.22,142.2,144.17,146.14,148.11,150.06,152.01,153.95,155.87,157.78,159.68,161.57,163.44,165.3,167.15,168.99
16.076,20.961,24.702,28.398,32.074,35.631,39.083,42.438,45.694,48.842,51.89,54.848,57.721,60.516,63.242,65.912,68.537,71.129,73.702,76.272,78.856,81.475,84.156,86.924,89.818,92.886,96.187,99.796,100.61,102.32,104.36,106.5,107.6,109.64,111.69,113.75,115.81,117.88,119.95,122.02,124.07,126.13,128.18,130.21,132.24,134.26,136.27,138.26,140.24,142.2,144.14,146.08,148,149.91,151.82,153.71,155.6,157.49,159.36,161.24
13.231,17.069,20.747,24.297,27.733,31.054,34.261,37.364,40.374,43.303,46.163,48.963,51.71,54.413,57.084,59.739,62.397,65.08,67.816,70.641,73.598,76.744,80.149,83.896,83.945,86.031,88.235,89.585,91.692,93.812,95.941,98.075,100.21,102.35,104.49,106.63,108.76,110.89,113,115.1,117.2,119.27,121.33,123.37,125.4,127.4,129.4,131.37,133.34,135.3,137.25,139.19,141.13,143.07,145,146.94,148.88,150.82,152.76,154.72
11.305,14.758,18.085,21.302,24.419,27.448,30.399,33.283,36.111,38.896,41.654,44.4,47.15,49.924,52.755,55.684,58.765,62.067,65.681,66.23,68.441,70.117,72.311,74.524,76.742,78.961,81.177,83.389,85.596,87.796,89.991,92.179,94.362,96.538,98.705,100.86,103,105.12,107.22,109.3,111.37,113.42,115.45,117.48,119.49,121.49,123.49,125.48,127.47,129.46,131.45,133.45,135.45,137.47,139.5,141.54,143.6,145.69,147.8,149.94
9.9264,13.024,16.038,18.982,21.868,24.712,27.528,30.334,33.156,36.023,38.98,42.08,45.393,47.191,49.433,51.812,53.651,55.942,58.236,60.531,62.825,65.118,67.409,69.693,71.967,74.23,76.481,78.719,80.942,83.15,85.342,87.517,89.675,91.817,93.945,96.059,98.159,100.25,102.32,104.39,106.45,108.5,110.55,112.6,114.65,116.71,118.77,120.84,122.93,125.04,127.17,129.33,131.52,133.75,136.02,138.34,140.7,143.13,145.61,148.17
8.9357,11.818,14.677,17.543,20.447,23.437,26.574,28.725,31.168,33.671,35.774,38.18,40.574,42.955,45.323,47.68,50.025,52.361,54.687,57.004,59.313,61.612,63.9,66.172,68.425,70.656,72.866,75.055,77.226,79.382,81.523,83.655,85.778,87.896,90.011,92.124,94.235,96.348,98.464,100.59,102.72,104.87,107.03,109.22,111.43,113.68,115.97,118.3,120.68,123.13,125.64,128.22,130.89,133.64,136.5,139.45,142.51,145.69,148.98,152.39
8.4828,11.144,13.79,16.225,18.752,21.252,23.728,26.183,28.622,31.044,33.455,35.853,38.238,40.607,42.959,45.295,47.614,49.914,52.197,54.461,56.71,58.944,61.167,63.375,65.57,67.753,69.924,72.088,74.246,76.402,78.559,80.722,82.894,85.082,87.287,89.514,91.767,94.052,96.374,98.74,101.16,103.63,106.18,108.8,111.51,114.32,117.23,120.26,123.42,126.71,130.14,127.26,128.81,130.55,132.37,134.23,136.13,138.04,138.35,140.15
7.7117,10.234,12.729,15.202,17.655,20.091,22.511,24.914,27.301,29.67,32.023,34.359,36.676,38.974,41.253,43.515,45.763,47.998,50.225,52.444,54.659,56.872,59.087,61.305,63.527,65.756,67.997,70.255,72.536,74.847,77.195,79.59,82.04,84.555,87.145,89.821,92.593,95.474,98.474,101.61,104.89,103.98,105.44,107.22,109.09,111,112.95,114.91,115.49,117.36,119.23,121.11,123,124.88,126.77,128.66,130.55,132.43,134.32,136.2
7.3886,9.8263,12.242,14.637,17.013,19.372,21.713,24.038,26.349,28.645,30.933,33.211,35.481,37.743,40,42.255,44.513,46.779,49.057,51.353,53.674,56.026,58.418,60.857,63.35,65.909,68.545,71.272,74.106,77.063,80.158,80.789,82.093,83.94,85.89,87.887,89.908,91.944,92.819,94.757,96.699,98.643,100.59,102.53,104.47,106.41,108.35,110.28,112.22,114.15,116.08,118,119.93,121.85,123.76,125.67,127.58,129.49,131.39,133.28
7.1698,9.5392,11.89,14.226,16.551,18.867,21.176,23.482,25.789,28.101,30.424,32.764,35.124,37.512,39.936,42.407,44.938,47.54,50.231,53.025,55.943,57.147,58.747,60.733,62.787,64.868,66.963,68.231,70.238,72.247,74.256,76.265,78.275,80.283,82.29,84.295,86.297,88.295,90.289,92.277,94.261,96.239,98.212,100.18,102.14,104.1,106.05,108,109.94,111.88,113.81,115.73,117.65,119.57,121.48,123.39,125.29,127.18,129.06,130.94
7.1136,9.4876,11.862,14.246,16.648,19.076,21.541,24.054,26.63,29.284,32.035,33.25,35.357,37.515,39.688,41.865,43.518,45.617,47.714,49.807,51.896,53.983,56.066,58.144,60.216,62.282,64.34,66.392,68.437,70.477,72.511,74.541,76.565,78.586,80.603,82.615,84.621,86.62,88.613,90.6,92.579,94.552,96.517,98.474,100.43,102.37,104.31,106.23,108.16,110.07,111.98,113.89,115.78,117.68,119.56,121.45,123.32,125.19,127.05,128.91
7.1672,9.5273,11.864,14.181,16.287,18.529,20.754,22.966,25.164,27.351,29.528,31.695,33.852,35.999,38.137,40.265,42.385,44.497,46.602,48.701,50.794,52.882,54.965,57.041,59.11,61.171,63.224,65.269,67.306,69.336,71.359,73.376,75.387,77.392,79.391,81.383,83.368,85.345,87.315,89.276,91.23,93.176,95.115,97.047,98.972,100.89,102.8,104.71,106.62,108.51,110.41,112.3,114.19,116.08,117.96,119.84,121.72,123.59,125.46,127.33
6.8957,9.1718,11.428,13.667,15.892,18.103,20.302,22.489,24.666,26.833,28.991,31.141,33.282,35.414,37.536,39.649,41.754,43.85,45.94,48.022,50.097,52.167,54.23,56.285,58.331,60.369,62.397,64.417,66.428,68.431,70.427,72.416,74.4,76.378,78.352,80.32,82.283,84.24,86.192,88.139,90.081,92.019,93.952,95.882,97.808,99.732,101.65,103.57,105.49,107.41,109.32,111.24,113.16,115.08,117,118.92,120.84,122.76,124.69,126.61
6.8066,9.0544,11.284,13.497,15.697,17.885,20.061,22.226,24.381,26.525,28.662,30.789,32.907,35.014,37.111,39.199,41.278,43.348,45.41,47.465,49.513,51.555,53.592,55.622,57.645,59.66,61.669,63.672,65.669,67.661,69.649,71.634,73.616,75.596,77.575,79.553,81.528,83.503,85.476,87.449,89.421,91.393,93.366,95.34,97.316,99.294,101.27,103.26,105.25,107.24,109.24,111.24,113.25,115.26,117.28,119.31,121.34,123.38,125.42,127.47
6.7357,8.9609,11.167,13.357,15.534,17.697,19.849,21.989,24.119,26.239,28.351,30.454,32.549,34.635,36.712,38.782,40.845,42.902,44.953,47.001,49.044,51.085,53.124,55.16,57.193,59.223,61.252,63.279,65.305,67.332,69.36,71.39,73.424,75.462,77.505,79.552,81.604,83.662,85.725,87.795,89.872,91.956,94.049,96.15,98.261,100.38,102.51,104.65,106.8,108.96,111.13,113.31,115.51,117.72,119.94,122.17,124.41,126.66,128.92,131.18
6.6661,8.87,11.056,13.227,15.386,17.535,19.673,21.802,23.924,26.038,28.148,30.252,32.352,34.447,36.539,38.628,40.716,42.803,44.892,46.981,49.074,51.17,53.272,55.378,57.49,59.607,61.732,63.864,66.005,68.156,70.318,72.491,74.677,76.878,79.093,81.324,83.57,85.831,88.108,90.401,92.71,95.035,97.376,99.735,102.11,104.5,106.91,109.33,111.78,114.23,116.7,114.56,115.95,117.57,119.26,120.99,122.74,124.51,126.28,128.07
6.6804,8.8866,11.079,13.26,15.435,17.604,19.768,21.931,24.093,26.255,28.419,30.587,32.76,34.938,37.123,39.316,41.52,43.735,45.963,48.205,50.462,52.736,55.027,57.337,59.666,62.015,64.386,66.78,69.197,71.639,74.106,73.788,75.359,77.14,78.98,80.845,82.723,84.608,86.497,88.387,90.277,92.166,94.052,95.936,97.817,99.694,101.57,103.44,105.31,107.17,109.04,110.89,111.3,113.1,114.9,116.69,118.48,120.27,122.05,123.83
7.0118,9.2981,11.578,13.857,16.14,18.429,20.729,23.04,25.366,27.71,30.072,31.191,33.196,35.233,37.276,39.318,41.355,43.389,45.417,47.441,49.461,51.476,53.486,55.49,57.488,59.48,61.464,63.442,65.414,66.502,68.413,70.319,72.22,74.116,76.008,77.895,79.777,81.653,83.523,85.387,87.246,89.099,90.946,92.788,94.625,96.457,98.284,100.11,101.92,103.74,105.55,107.35,109.15,110.95,112.74,114.53,116.32,118.1,119.87,121.64
6.5383,8.7162,10.877,13.023,15.154,17.272,19.376,21.468,23.548,25.616,27.675,29.723,31.762,33.789,35.806,37.814,39.812,41.802,43.784,45.758,47.726,49.688,51.643,53.592,55.533,57.466,59.391,61.309,63.221,65.125,67.023,68.916,70.804,72.686,74.564,76.437,78.305,80.166,82.022,83.872,85.717,87.555,89.388,91.216,93.039,94.856,96.668,98.476,100.28,102.08,103.87,105.66,107.45,109.23,111.01,112.78,114.55,116.32,118.08,119.84
6.3952,8.5224,10.634,12.731,14.816,16.89,18.952,21.004,23.045,25.077,27.101,29.115,31.122,33.118,35.106,37.085,39.056,41.019,42.975,44.925,46.868,48.805,50.737,52.663,54.581,56.492,58.397,60.294,62.184,64.069,65.947,67.82,69.688,71.551,73.41,75.264,77.112,78.955,80.793,82.625,84.451,86.272,88.088,89.898,91.703,93.503,95.298,97.089,98.875,100.66,102.43,104.21,105.98,107.74,109.5,111.26,113.02,114.77,116.51,118.25
6.2939,8.3852,10.461,12.524,14.575,16.614,18.644,20.664,22.675,24.677,26.671,28.657,30.635,32.605,34.566,36.519,38.465,40.404,42.336,44.261,46.181,48.096,50.005,51.908,53.804,55.694,57.577,59.453,61.323,63.187,65.046,66.899,68.747,70.591,72.43,74.265,76.095,77.919,79.738,81.551,83.359,85.162,86.96,88.752,90.54,92.322,94.1,95.873,97.642,99.406,101.17,102.92,104.68,106.42,108.17,109.91,111.65,113.38,115.11,116.83
6.2154,8.2785,10.326,12.361,14.384,16.397,18.4,20.393,22.378,24.354,26.323,28.284,30.238,32.184,34.121,36.052,37.975,39.891,41.8,43.704,45.603,47.496,49.384,51.266,53.142,55.011,56.874,58.73,60.581,62.425,64.264,66.098,67.927,69.753,71.573,73.389,75.201,77.007,78.807,80.603,82.393,84.178,85.958,87.733,89.503,91.268,93.028,94.785,96.537,98.284,100.03,101.77,103.5,105.24,106.96,108.69,110.41,112.13,113.84,115.55
6.1512,8.1911,10.215,12.227,14.227,16.217,18.197,20.167,22.129,24.083,26.03,27.97,29.902,31.826,33.743,35.652,37.554,39.45,41.34,43.224,45.102,46.976,48.844,50.707,52.564,54.414,56.258,58.096,59.928,61.755,63.576,65.392,67.204,69.012,70.815,72.614,74.408,76.197,77.981,79.76,81.534,83.303,85.067,86.826,88.58,90.33,92.075,93.816,95.552,97.285,99.014,100.74,102.46,104.18,105.89,107.6,109.31,111.01,112.71,114.4
6.1059,8.1254,10.129,12.121,14.101,16.07,18.031,19.982,21.925,23.86,25.788,27.709,29.622,31.529,33.427,35.319,37.204,39.083,40.955,42.823,44.684,46.542,48.394,50.241,52.082,53.916,55.745,57.569,59.386,61.198,63.005,64.808,66.606,68.4,70.19,71.975,73.756,75.532,77.304,79.07,80.831,82.588,84.34,86.087,87.829,89.567,91.301,93.03,94.755,96.477,98.194,99.907,101.62,103.32,105.03,106.72,108.42,110.11,111.79,113.48
6.108,8.1128,10.102,12.078,14.043,15.998,17.943,19.88,21.809,23.73,25.644,27.552,29.452,31.346,33.232,35.112,36.985,38.853,40.715,42.572,44.423,46.27,48.112,49.949,51.78,53.606,55.426,57.24,59.049,60.853,62.653,64.447,66.237,68.023,69.806,71.583,73.356,75.125,76.889,78.648,80.402,82.151,83.896,85.636,87.371,89.102,90.828,92.55,94.268,95.982,97.691,99.397,101.1,102.8,104.49,106.18,107.87,109.55,111.22,112.9
6.2102,8.2128,10.198,12.169,14.129,16.078,18.018,19.95,21.874,23.79,25.7,27.603,29.5,31.389,33.273,35.15,37.02,38.886,40.746,42.6,44.45,46.294,48.135,49.97,51.799,53.624,55.443,57.256,59.065,60.868,62.667,64.461,66.25,68.036,69.817,71.593,73.365,75.132,76.894,78.651,80.403,82.15,83.893,85.631,87.364,89.092,90.815,92.534,94.248,95.957,97.662,99.363,101.06,102.75,104.44,106.12,107.8,109.48,111.14,112.81
6.5123,8.5335,10.533,12.517,14.488,16.448,18.399,20.34,22.273,24.199,26.118,28.029,29.935,31.833,33.726,35.613,37.494,39.37,41.239,43.104,44.963,46.817,48.665,50.509,52.347,54.179,56.007,57.829,59.646,61.458,63.264,65.066,66.862,68.653,70.44,72.221,73.997,75.768,77.533,79.294,81.049,82.799,84.543,86.282,88.016,89.744,91.467,93.185,94.897,96.604,98.306,100,101.69,103.38,105.06,106.74,108.41,110.08,111.74,113.39
6.1295,8.1879,10.244,12.303,14.373,16.473,19.323,21.295,23.258,25.212,27.158,29.095,31.027,32.952,34.871,36.784,38.691,40.593,42.487,44.375,46.256,48.131,49.999,51.861,53.718,55.569,57.415,59.255,61.088,62.916,64.738,66.554,68.364,70.166,71.963,73.753,75.538,77.316,79.088,80.854,82.614,84.367,86.114,87.856,89.59,91.319,93.041,94.756,96.466,98.168,99.865,101.56,103.24,104.92,106.59,108.25,109.91,111.56,113.21,114.85
5.9359,7.9276,9.9114,11.889,13.861,15.829,18.016,19.988,21.956,23.919,25.879,27.836,29.789,31.738,33.683,35.626,37.566,39.503,41.44,43.377,45.316,47.257,49.202,51.152,53.108,55.075,57.057,59.07,61.158,65.629,67.47,69.302,71.126,72.942,74.748,76.546,78.337,80.12,81.895,83.663,85.424,87.177,88.922,90.66,92.391,94.113,95.828,97.535,99.234,100.92,102.61,104.28,105.95,107.61,109.26,110.9,112.54,114.17,115.79,117.41
5.8453,7.801,9.7469,11.685,13.615,15.54,17.458,19.37,21.277,23.179,25.077,26.97,28.859,30.743,32.622,34.496,36.366,38.232,40.651,42.526,44.398,46.267,48.133,49.995,51.854,53.708,55.559,57.406,59.249,61.089,62.926,64.761,66.595,68.427,70.258,72.088,73.916,75.743,77.568,79.393,81.216,83.04,84.863,86.687,88.511,90.338,92.167,94.001,95.84,97.685,99.541,101.41,103.29,105.2,107.15,109.16,111.31,118.11,119.69,121.26
5.7687,7.6955,9.6115,11.519,13.418,15.311,17.197,19.077,20.951,22.82,24.684,26.544,28.399,30.248,32.092,33.931,35.766,37.597,39.423,41.246,43.066,44.884,46.698,48.51,50.317,52.12,53.92,55.716,57.508,59.298,61.084,62.868,64.65,66.43,68.21,69.987,71.762,73.535,75.305,77.074,78.841,80.606,83.491,85.26,87.026,88.79,90.553,92.314,94.073,95.832,97.59,99.347,101.1,102.86,104.62,106.38,108.14,109.9,111.66,113.42
5.7016,7.6033,9.4938,11.375,13.248,15.115,16.974,18.828,20.675,22.517,24.354,26.186,28.014,29.836,31.653,33.465,35.272,37.075,38.875,40.67,42.463,44.252,46.039,47.822,49.601,51.377,53.148,54.915,56.679,58.44,60.197,61.952,63.704,65.455,67.203,68.95,70.694,72.435,74.174,75.91,77.644,79.375,81.104,82.83,84.555,86.277,87.998,89.718,91.436,93.153,94.869,96.585,98.3,100.01,101.73,103.44,106.69,108.4,110.12,111.83
5.642,7.5213,9.3891,11.248,13.098,14.941,16.777,18.606,20.43,22.249,24.062,25.871,27.675,29.474,31.267,33.055,34.839,36.619,38.395,40.167,41.936,43.702,45.465,47.224,48.98,50.731,52.479,54.222,55.963,57.699,59.433,61.164,62.892,64.619,66.343,68.065,69.785,71.501,73.215,74.927,76.635,78.341,80.044,81.745,83.444,85.14,86.834,88.526,90.217,91.906,93.594,95.281,96.966,98.651,100.33,102.02,103.7,105.38,107.06,108.74
5.589,7.4482,9.2954,11.133,12.962,14.784,16.599,18.407,20.21,22.007,23.799,25.587,27.369,29.146,30.919,32.686,34.449,36.207,37.962,39.713,41.46,43.205,44.947,46.685,48.419,50.15,51.876,53.599,55.318,57.034,58.746,60.456,62.163,63.869,65.572,67.272,68.97,70.665,72.358,74.047,75.734,77.418,79.1,80.779,82.455,84.129,85.801,87.471,89.139,90.806,92.471,94.134,95.796,97.457,99.117,100.78,102.43,104.09,105.74,107.4
5.5424,7.3831,9.2116,11.03,12.84,14.642,16.438,18.227,20.01,21.787,23.56,25.328,27.09,28.848,30.6,32.348,34.091,35.83,37.565,39.297,41.025,42.749,44.472,46.19,47.905,49.616,51.323,53.026,54.726,56.422,58.115,59.806,61.494,63.18,64.863,66.544,68.223,69.898,71.571,73.241,74.909,76.573,78.235,79.894,81.551,83.206,84.858,86.508,88.156,89.803,91.447,93.091,94.733,96.373,98.013,99.65,101.29,102.92,104.55,106.19
5.5029,7.3265,9.1376,10.938,12.731,14.515,16.292,18.063,19.828,21.587,23.341,25.09,26.835,28.574,30.308,32.037,33.762,35.483,37.199,38.913,40.622,42.329,44.033,45.733,47.43,49.122,50.811,52.496,54.178,55.856,57.531,59.203,60.873,62.541,64.206,65.869,67.53,69.187,70.842,72.494,74.143,75.79,77.433,79.075,80.713,82.35,83.984,85.616,87.246,88.874,90.501,92.125,93.749,95.371,96.992,98.611,100.23,101.84,103.46,105.07
5.473,7.2802,9.0748,10.859,12.634,14.402,16.163,17.916,19.664,21.406,23.143,24.875,26.602,28.323,30.04,31.752,33.459,35.163,36.862,38.558,40.251,41.94,43.626,45.309,46.988,48.664,50.335,52.003,53.668,55.329,56.987,58.642,60.294,61.945,63.593,65.239,66.882,68.523,70.16,71.795,73.427,75.057,76.683,78.308,79.929,81.549,83.166,84.781,86.394,88.005,89.614,91.222,92.828,94.433,96.037,97.638,99.239,100.84,102.43,104.03
5.4561,7.2474,9.026,10.794,12.554,14.305,16.049,17.787,19.518,21.244,22.964,24.68,26.39,28.095,29.796,31.491,33.182,34.869,36.551,38.231,39.907,41.579,43.249,44.915,46.578,48.237,49.892,51.544,53.191,54.836,56.478,58.117,59.753,61.387,63.019,64.648,66.275,67.899,69.52,71.139,72.755,74.368,75.978,77.586,79.192,80.795,82.396,83.995,85.592,87.186,88.78,90.371,91.961,93.55,95.137,96.722,98.306,99.888,101.47,103.05
5.4575,7.2335,8.9965,10.749,12.493,14.228,15.957,17.678,19.394,21.104,22.808,24.508,26.202,27.891,29.576,31.255,32.93,34.601,36.268,37.931,39.591,41.248,42.902,44.552,46.199,47.842,49.481,51.116,52.748,54.377,56.003,57.626,59.246,60.865,62.481,64.094,65.705,67.314,68.919,70.522,72.122,73.719,75.314,76.906,78.496,80.084,81.669,83.252,84.834,86.413,87.991,89.567,91.141,92.714,94.286,95.856,97.424,98.99,100.56,102.12
5.4836,7.2449,8.9928,10.73,12.458,14.178,15.891,17.597,19.296,20.99,22.679,24.363,26.042,27.715,29.384,31.048,32.707,34.362,36.014,37.661,39.306,40.947,42.585,44.219,45.85,47.477,49.101,50.721,52.338,53.951,55.561,57.169,58.774,60.377,61.977,63.575,65.171,66.764,68.354,69.942,71.526,73.109,74.688,76.265,77.84,79.413,80.983,82.551,84.117,85.682,87.245,88.806,90.365,91.923,93.48,95.035,96.588,98.14,99.69,101.24
5.5419,7.2895,9.0228,10.745,12.457,14.162,15.859,17.549,19.233,20.911,22.584,24.252,25.915,27.572,29.225,30.873,32.517,34.157,35.793,37.425,39.053,40.679,42.301,43.92,45.535,47.147,48.755,50.36,51.961,53.559,55.154,56.746,58.336,59.924,61.509,63.092,64.672,66.25,67.825,69.398,70.968,72.535,74.1,75.662,77.222,78.78,80.335,81.889,83.441,84.99,86.538,88.085,89.63,91.173,92.715,94.256,95.795,97.332,98.867,100.4
929.73,899.27,872.48,848.32,826.82,808.02,869.57,865.14,859.62,851.95,845.96,840.18,834.59,829.16,823.88,818.73,813.7,808.77,803.95,799.2,794.53,789.93,785.38,780.89,776.45,772.07,767.73,763.43,759.18,754.96,750.79,746.65,742.54,738.48,734.45,730.46,726.53,722.65,718.82,715.05,711.34,707.7,704.12,700.6,697.15,693.76,690.43,687.16,683.95,680.79,677.68,674.63,671.62,668.66,665.74,662.87,660.04,657.26,654.51,715.67
941.29,912.08,886.52,863.17,841.72,822.38,871.26,871.67,866.99,859.89,854.02,848.32,842.8,837.44,832.22,827.11,822.12,817.23,812.43,807.71,803.07,798.48,793.95,789.47,785.05,780.67,776.34,772.04,767.78,763.56,759.36,755.2,751.07,746.96,742.89,738.85,734.85,730.9,727,723.14,719.35,715.61,711.93,708.31,704.76,701.27,697.83,694.46,691.15,687.89,684.69,681.54,678.44,675.39,672.39,669.43,666.51,663.64,726.27,726.74
952.16,924.02,899.62,877.33,856.49,837.09,819.38,876.09,873.62,868.95,861.82,856.22,850.77,845.48,840.32,835.28,830.33,825.48,820.71,816.02,811.4,806.84,802.33,797.87,793.46,789.09,784.77,780.48,776.22,771.99,767.79,763.61,759.46,755.32,751.21,747.13,743.08,739.07,735.1,731.17,727.29,723.46,719.68,715.97,712.31,708.71,705.18,701.7,698.28,694.92,691.62,688.37,685.17,682.02,678.92,675.87,672.87,735.16,735.73,735.3
962.36,935.11,911.73,890.5,870.57,851.65,833.83,817.39,878.8,875.57,869.28,863.83,858.46,853.24,848.14,843.17,838.28,833.47,828.74,824.08,819.49,814.95,810.46,806.02,801.62,797.27,792.96,788.68,784.42,780.2,775.99,771.81,767.64,763.49,759.35,755.23,751.14,747.07,743.04,739.04,735.09,731.17,727.31,723.5,719.74,716.03,712.39,708.8,705.28,701.81,698.4,695.05,691.75,688.5,685.3,682.15,742.61,744.01,743.75,743
971.87,945.38,922.85,902.56,883.6,865.48,848.06,831.49,816.04,881.04,877.5,871.08,865.83,860.68,855.65,850.73,845.91,841.15,836.47,831.84,827.28,822.76,818.29,813.87,809.49,805.15,800.85,796.58,792.33,788.11,783.9,779.71,775.53,771.37,767.21,763.06,758.94,754.83,750.74,746.69,742.66,738.67,734.72,730.81,726.96,723.15,719.4,715.7,712.07,708.49,704.97,701.5,698.09,694.74,691.44,688.19,751.49,751.65,751.06,750.12
980.66,954.81,933,913.52,895.43,878.17,861.46,845.23,829.66,883.3,883.07,879.39,872.83,867.77,862.79,857.93,853.16,848.47,843.83,839.24,834.7,830.21,825.77,821.36,817,812.67,808.38,804.11,799.87,795.65,791.44,787.25,783.07,778.89,774.71,770.54,766.38,762.24,758.11,754,749.91,745.85,741.82,737.83,733.88,729.97,726.11,722.31,718.56,714.87,711.23,707.66,704.13,700.67,697.26,757.7,758.94,758.65,757.84,756.77
988.65,963.38,942.18,923.37,906.02,889.56,873.63,858.03,842.75,827.98,886.71,884.94,879.36,874.45,869.54,864.72,860,855.35,850.76,846.22,841.71,837.25,832.82,828.43,824.07,819.76,815.47,811.21,806.97,802.75,798.54,794.34,790.15,785.95,781.76,777.57,773.38,769.2,765.03,760.87,756.73,752.6,748.5,744.43,740.39,736.38,732.42,728.51,724.65,720.85,717.1,713.4,709.77,706.19,702.67,765.47,765.73,765.14,764.17,762.98
995.74,971,950.33,932.09,915.37,899.6,884.39,869.48,854.76,840.23,826.09,889.19,886.6,880.64,875.84,871.06,866.37,861.76,857.21,852.71,848.24,843.8,839.38,835,830.66,826.34,822.06,817.79,813.55,809.33,805.11,800.9,796.69,792.48,788.27,784.06,779.84,775.63,771.41,767.21,763.01,758.82,754.64,750.49,746.37,742.27,738.21,734.19,730.22,726.3,722.44,718.63,714.88,711.19,770.73,772.27,772,771.17,770.05,768.75
1001.8,977.56,957.39,939.65,923.45,908.25,893.66,879.4,865.29,851.23,837.28,890.52,891.12,886.26,881.62,876.9,872.23,867.64,863.12,858.65,854.21,849.79,845.38,841.01,836.66,832.35,828.06,823.79,819.54,815.3,811.07,806.84,802.61,798.38,794.14,789.9,785.65,781.39,777.14,772.88,768.62,764.37,760.13,755.89,751.68,747.5,743.34,739.22,735.14,731.11,727.13,723.2,719.34,715.53,778.24,778.44,777.8,776.75,775.48,774.06
1006.5,982.92,963.23,945.94,930.2,915.48,901.4,887.69,874.13,860.59,847.01,833.48,894.44,892.52,886.79,882.15,877.5,872.92,868.41,863.96,859.54,855.13,850.74,846.36,842.01,837.68,833.38,829.09,824.82,820.56,816.31,812.06,807.8,803.54,799.26,794.98,790.69,786.39,782.08,777.76,773.44,769.12,764.8,760.49,756.19,751.91,747.65,743.43,739.24,735.1,731.01,726.97,722.99,783.69,784.53,784.06,783.09,781.84,780.42,778.88
1009.8,986.87,967.68,950.82,935.5,921.18,907.53,894.27,881.18,868.1,854.92,841.63,896.18,896.34,891.31,886.75,882.11,877.53,873.02,868.57,864.15,859.75,855.35,850.97,846.6,842.25,837.92,833.61,829.31,825.02,820.73,816.44,812.14,807.84,803.51,799.18,794.83,790.47,786.1,781.72,777.33,772.93,768.53,764.13,759.73,755.35,750.99,746.66,742.36,738.11,733.9,729.75,788.95,790.36,790,789.07,787.82,786.37,784.8,783.13
1011.4,989.2,970.55,954.13,939.19,925.23,911.93,899.02,886.3,873.59,860.74,847.72,895.15,899.62,895.11,890.6,885.96,881.36,876.83,872.37,867.95,863.53,859.12,854.71,850.31,845.93,841.57,837.22,832.87,828.54,824.2,819.86,815.51,811.14,806.76,802.36,797.94,793.51,789.06,784.59,780.12,775.63,771.13,766.63,762.13,757.64,753.17,748.72,744.32,739.95,735.64,794.72,796.08,795.68,794.69,793.39,791.89,790.26,788.54,785.12
1011,989.65,971.6,955.64,941.07,927.44,914.43,901.8,889.34,876.87,864.26,851.4,838.32,902.64,898.15,893.6,888.93,884.29,879.74,875.25,870.8,866.36,861.91,857.46,853.02,848.59,844.18,839.77,835.37,830.97,826.57,822.16,817.73,813.29,808.83,804.35,799.84,795.31,790.77,786.2,781.62,777.01,772.4,767.78,763.17,758.56,753.97,749.41,744.89,740.42,801.06,801.69,801.06,799.93,798.52,796.93,795.21,791.73,789.65,787.54
1008.4,988,970.59,955.1,940.9,927.56,914.79,902.35,890.04,877.7,865.16,852.33,904.25,905.46,900.28,895.6,890.86,886.18,881.6,877.08,872.58,868.09,863.57,859.06,854.56,850.06,845.58,841.1,836.62,832.14,827.66,823.16,818.64,814.1,809.54,804.94,800.33,795.68,791.01,786.32,781.6,776.87,772.12,767.37,762.62,757.89,753.18,748.5,804.02,807.23,807.01,806.03,804.69,803.11,799.89,797.8,795.66,793.48,791.28,789.07
1003.4,983.99,967.26,952.25,938.39,925.3,912.69,900.35,888.07,875.68,863.03,850.01,909.38,905.88,901.25,896.39,891.58,886.87,882.24,877.67,873.1,868.52,863.92,859.33,854.74,850.16,845.58,841,836.43,831.85,827.25,822.64,818.01,813.34,808.64,803.91,799.15,794.36,789.54,784.69,779.82,774.92,770.02,765.12,760.23,755.36,750.52,812.68,812.68,811.76,810.41,808.8,807.04,803.24,801.02,798.77,796.5,794.21,791.91,789.6
995.81,977.39,961.34,946.78,933.21,920.28,907.73,895.33,882.89,870.23,857.18,912.8,911.98,905.74,900.72,895.75,890.9,886.16,881.48,876.82,872.13,867.43,862.73,858.03,853.33,848.63,843.94,839.25,834.55,829.83,825.1,820.34,815.55,810.73,805.86,800.96,796.02,791.04,786.03,780.99,775.93,770.86,765.78,760.72,755.69,818.38,818.17,817.12,815.66,813.96,810.23,807.96,805.65,803.31,800.95,798.58,796.2,793.82,791.43,789.04
985.48,967.96,952.49,938.29,924.9,911.98,899.29,886.58,873.66,860.34,917.29,913.88,908.89,903.64,898.5,893.51,888.65,883.85,879.05,874.22,869.39,864.56,859.72,854.89,850.05,845.22,840.38,835.54,830.67,825.79,820.88,815.93,810.95,805.91,800.83,795.71,790.54,785.33,780.1,774.84,769.57,764.31,823.31,824.12,823.35,822,820.33,816.56,814.23,811.85,809.43,806.99,804.54,802.08,799.62,797.15,794.68,792.21,789.74,787.27
972.15,955.34,940.26,926.21,912.75,899.54,886.31,872.82,858.85,921.84,915.89,910.37,904.89,899.61,894.5,889.5,884.53,879.55,874.55,869.56,864.57,859.58,854.58,849.58,844.58,839.57,834.55,829.5,824.43,819.32,814.17,808.98,803.74,798.44,793.08,787.68,782.24,776.78,771.3,828.56,829.96,829.27,827.89,826.17,822.18,819.75,817.27,814.75,812.22,809.68,807.14,804.59,802.04,799.49,796.94,794.39,791.83,789.27,786.71,784.14
955.33,938.86,923.81,909.48,895.41,881.26,866.7,927.79,921.64,915.73,909.87,904.27,898.89,893.65,888.45,883.23,878.02,872.83,867.64,862.47,857.29,852.11,846.92,841.71,836.49,831.24,825.97,820.65,815.3,809.89,804.43,798.91,793.34,787.71,782.04,776.33,835.36,835.88,834.89,833.32,829.48,826.98,824.41,821.8,819.18,816.54,813.9,811.26,808.62,805.99,803.35,800.72,798.08,795.44,792.79,790.13,787.47,784.79,782.1,779.4
933.83,917.04,901.22,885.63,934.97,932.25,926.01,919.46,913.21,907.31,901.66,896.12,890.59,885.08,879.6,874.15,868.72,863.31,857.92,852.52,847.11,841.68,836.22,830.73,825.2,819.62,813.99,808.31,802.57,796.77,790.91,785.01,840.15,842.25,841.52,840.01,836.11,833.5,830.81,828.08,825.34,822.59,819.84,817.09,814.35,811.62,808.89,806.16,803.44,800.71,797.97,795.23,792.47,789.7,786.91,784.12,781.31,778.5,775.68,772.86
904.62,885.88,945.25,936.37,928.69,921.5,914.88,908.64,902.6,896.61,890.69,884.82,879.01,873.25,867.53,861.84,856.17,850.5,844.81,839.1,833.36,827.57,821.72,815.81,809.83,803.79,797.69,791.53,847.47,848.9,847.97,846.29,841.99,839.22,836.38,833.5,830.62,827.74,824.87,822,819.15,816.31,813.48,810.65,807.82,804.99,802.15,799.3,796.44,793.57,790.68,787.78,784.88,781.96,779.03,776.1,773.16,770.22,767.27,764.31
949.56,939.08,930.14,922.27,915.04,908.12,901.4,894.85,888.45,882.16,875.97,869.84,863.76,857.72,851.69,845.66,839.62,833.54,827.41,821.22,814.96,808.63,802.21,795.73,856.08,855.67,854.11,849.85,846.95,843.97,840.95,837.92,834.9,831.89,828.9,825.91,822.95,819.99,817.05,814.1,811.16,808.21,805.25,802.27,799.29,796.3,793.29,790.28,787.26,784.23,781.19,778.15,775.1,772.04,768.97,765.9,762.82,759.74,756.65,753.56
932.3,922.4,913.61,905.52,897.92,890.65,883.64,876.82,870.13,863.53,856.99,850.49,843.99,837.47,830.93,824.33,817.66,810.93,804.12,864.25,863.64,860.15,857.2,854.07,850.87,847.64,844.42,841.23,838.07,834.93,831.82,828.73,825.65,822.58,819.51,816.44,813.36,810.26,807.16,804.04,800.92,797.79,794.65,791.5,788.35,785.19,782.03,778.86,775.69,772.5,769.32,766.12,762.92,759.71,756.5,753.28,750.06,746.83,743.61,740.38
911.55,901.35,892.29,883.94,876.03,868.42,861.02,853.75,846.55,839.38,832.21,825.01,817.75,873.07,873.64,872.02,867.4,864.05,860.59,857.1,853.63,850.19,846.8,843.45,840.14,836.87,833.62,830.39,827.18,823.97,820.75,817.53,814.28,811.03,807.77,804.5,801.22,797.94,794.65,791.35,788.05,784.75,781.45,778.13,774.82,771.49,768.17,764.83,761.5,758.15,754.81,751.45,748.1,744.74,741.38,738.02,734.67,731.32,727.98,724.64
885.29,874.73,865.22,856.32,847.77,839.44,831.22,886.27,885.93,883.68,878.29,874.42,870.49,866.59,862.74,858.97,855.29,851.67,848.12,844.62,841.16,837.72,834.31,830.9,827.48,824.07,820.65,817.22,813.8,810.37,806.94,803.5,800.06,796.62,793.17,789.71,786.25,782.79,779.32,775.84,772.37,768.88,765.4,761.91,758.42,754.92,751.42,747.92,744.43,740.93,737.44,733.95,730.47,727,723.54,720.1,716.68,713.29,709.92,706.58
911.33,908.61,904.21,897.17,891.89,886.8,881.89,877.19,872.68,868.35,864.17,860.13,856.19,852.34,848.55,844.82,841.12,837.43,833.76,830.09,826.43,822.78,819.13,815.48,811.84,808.21,804.58,800.95,797.32,793.69,790.06,786.43,782.79,779.15,775.5,771.85,768.19,764.53,760.87,757.2,753.54,749.87,746.21,742.55,738.91,735.27,731.64,728.03,724.44,720.87,717.33,776.51,776.36,775.52,774.34,772.96,771.45,769.85,766.32,764.37
901.27,893.49,886.84,880.93,875.52,870.48,865.72,861.16,856.74,852.44,848.22,844.06,839.96,835.9,831.89,827.9,823.95,820.02,816.11,812.22,808.34,804.47,800.61,796.75,792.9,789.05,785.2,781.35,777.5,773.65,769.8,765.95,762.09,758.24,754.39,750.54,746.69,742.86,739.04,735.23,731.45,787.88,788.61,787.98,786.88,785.51,783.97,782.32,778.55,776.5,774.43,772.34,770.24,768.13,766.03,763.92,761.82,759.72,757.63,755.54
883.09,875.47,868.89,862.95,857.44,852.24,847.27,842.47,837.81,833.26,828.8,824.42,820.09,815.81,811.57,807.36,803.17,799.01,794.86,790.73,786.61,782.5,778.4,774.3,770.2,766.11,762.02,757.95,753.88,749.82,745.78,798.99,801.39,800.92,799.81,798.38,796.76,795.02,790.95,788.76,786.55,784.32,782.09,779.86,777.63,775.41,773.19,770.99,768.79,766.59,764.41,762.24,760.08,757.92,755.78,753.65,751.52,749.4,747.3,745.2
861.45,853.78,847.08,841,835.33,829.94,824.78,819.77,814.89,810.12,805.42,800.8,796.22,791.68,787.18,782.7,778.24,773.81,769.4,765.01,760.65,813.37,815.65,815,813.71,812.1,810.3,806.23,803.88,801.5,799.1,796.69,794.29,791.89,789.5,787.12,784.75,782.4,780.07,777.75,775.44,773.15,770.87,768.6,766.35,764.11,761.89,759.67,757.47,755.28,753.09,750.92,748.75,746.59,744.43,742.29,740.15,738.01,735.89,733.77
835.07,827.42,820.65,814.43,808.59,803,797.61,792.36,787.23,782.2,777.25,833.88,833.3,831.79,829.9,827.81,823.44,820.76,818.05,815.35,812.65,809.97,807.3,804.66,802.04,799.45,796.88,794.34,791.83,789.33,786.87,784.42,781.99,779.58,777.19,774.82,772.46,770.12,767.8,765.49,763.19,760.9,758.62,756.35,754.1,751.85,749.61,747.37,745.15,742.92,740.71,738.5,736.3,734.11,731.92,729.74,727.57,725.41,723.26,721.11
872.04,866.09,861.18,856.88,850.69,846.66,842.84,839.17,835.62,832.19,828.86,825.61,822.44,819.35,816.31,813.35,810.43,807.58,804.77,802,799.28,796.6,793.95,791.33,788.74,786.18,783.65,781.13,778.65,776.18,773.72,771.29,768.87,766.46,764.06,761.68,759.31,756.94,754.59,752.24,749.91,747.58,745.27,742.96,740.66,738.38,736.1,733.83,731.57,729.32,727.08,724.86,722.64,720.43,718.23,716.03,713.85,711.68,709.52,707.38
857.62,851.13,845.62,840.74,836.28,832.15,828.26,824.56,821.03,817.63,814.34,811.16,808.05,805.02,802.06,799.15,796.29,793.49,790.72,787.99,785.29,782.62,779.98,777.36,774.77,772.19,769.63,767.09,764.56,762.05,759.55,757.07,754.6,752.15,749.71,747.29,744.87,742.47,740.09,737.71,735.35,733,730.66,728.34,726.02,723.72,721.43,719.15,716.88,714.63,712.39,710.16,707.94,705.73,703.54,701.36,699.19,697.03,694.88,692.75
841.75,835.45,830.1,825.35,821.01,816.97,813.17,809.54,806.06,802.71,799.46,796.29,793.19,790.16,787.18,784.25,781.36,778.51,775.7,772.92,770.17,767.46,764.77,762.1,759.46,756.84,754.24,751.66,749.1,746.56,744.03,741.52,739.03,736.56,734.1,731.66,729.24,726.82,724.43,722.04,719.68,717.32,714.98,712.66,710.35,708.05,705.77,703.5,701.25,699.01,696.78,694.57,692.38,690.2,688.04,685.88,683.75,681.63,679.52,677.43
825.15,819.01,813.77,809.08,804.78,800.76,796.96,793.33,789.83,786.45,783.17,779.97,776.85,773.78,770.77,767.8,764.89,762.01,759.17,756.36,753.59,750.86,748.15,745.47,742.81,740.17,737.56,734.97,732.39,729.84,727.31,724.8,722.31,719.83,717.38,714.95,712.53,710.13,707.75,705.38,703.03,700.7,698.39,696.09,693.81,691.55,689.3,687.08,684.87,682.68,680.5,678.35,676.21,674.09,671.98,669.9,667.83,665.78,663.75,661.74
806.51,800.6,795.51,790.93,786.7,782.74,778.97,775.37,771.89,768.53,765.26,762.07,758.94,755.88,752.87,749.9,746.98,744.1,741.26,738.45,735.69,732.95,730.25,727.58,724.93,722.31,719.7,717.13,714.57,712.04,709.53,707.05,704.59,702.15,699.73,697.34,694.97,692.61,690.28,687.97,685.68,683.41,681.16,678.94,676.73,674.54,672.38,670.23,668.11,666,663.92,718.83,718.85,718.19,717.3,716.26,715.13,713.95,712.71,711.45
785.84,780.25,775.38,770.97,766.87,763.01,759.33,755.79,752.37,749.05,745.82,742.67,739.59,736.56,733.58,730.64,727.75,724.9,722.1,719.33,716.6,713.91,711.25,708.63,706.03,703.46,700.92,698.4,695.91,693.45,691.01,745,745.32,744.63,743.63,742.47,741.21,739.87,738.49,737.08,735.63,734.17,732.69,731.2,729.7,728.19,726.68,725.17,723.65,722.14,720.62,719.1,715.45,713.86,712.28,710.71,709.14,707.59,706.03,704.49
763.16,757.98,753.41,749.23,745.32,741.62,738.08,734.66,731.35,728.14,725.01,779.07,778.2,776.82,775.25,773.59,771.87,770.12,768.34,766.56,764.76,762.96,761.16,759.37,757.58,755.8,754.02,752.25,750.49,746.42,744.56,742.72,740.89,739.07,737.27,735.48,733.7,731.94,730.19,728.45,726.72,725.01,723.3,721.61,719.93,718.26,716.61,714.96,713.32,711.7,710.08,708.48,706.88,705.3,703.72,702.15,700.6,699.05,697.51,695.98
813.37,807.82,803.15,799.05,795.35,791.94,788.75,785.75,782.88,780.13,777.49,774.93,772.45,770.03,767.67,765.36,763.09,760.87,758.69,756.55,754.44,752.36,750.31,748.29,746.3,744.33,742.38,740.45,738.55,736.67,734.8,732.96,731.13,729.32,727.53,725.76,724,722.25,720.52,718.8,717.1,715.41,713.73,712.07,710.42,708.78,707.15,705.53,703.93,702.34,700.75,699.18,697.62,696.06,694.52,692.99,691.47,689.95,688.45,686.95
800.73,795.48,791.04,787.11,783.55,780.24,777.14,774.21,771.41,768.72,766.13,763.62,761.18,758.81,756.49,754.22,752,749.83,747.69,745.59,743.53,741.5,739.5,737.52,735.57,733.65,731.75,729.87,728.01,726.17,724.35,722.55,720.76,719,717.25,715.52,713.8,712.1,710.41,708.73,707.07,705.42,703.79,702.17,700.55,698.95,697.37,695.79,694.22,692.67,691.13,689.59,688.07,686.55,685.05,683.56,682.07,680.59,679.13,677.67
787.58,782.54,778.27,774.49,771.05,767.87,764.88,762.05,759.34,756.74,754.24,751.81,749.45,747.15,744.91,742.71,740.55,738.44,736.37,734.33,732.32,730.35,728.4,726.49,724.59,722.72,720.87,719.04,717.23,715.44,713.67,711.91,710.18,708.46,706.76,705.07,703.39,701.74,700.09,698.46,696.84,695.23,693.64,692.05,690.48,688.92,687.37,685.83,684.31,682.79,681.28,679.79,678.3,676.82,675.35,673.9,672.45,671.01,669.58,668.15
774.31,769.49,765.39,761.76,758.46,755.39,752.51,749.77,747.16,744.64,742.22,739.87,737.58,735.35,733.17,731.04,728.95,726.9,724.88,722.9,720.95,719.03,717.14,715.27,713.43,711.6,709.8,708.02,706.25,704.51,702.78,701.07,699.37,697.7,696.03,694.39,692.75,691.14,689.53,687.94,686.35,684.79,683.23,681.68,680.15,678.62,677.11,675.61,674.12,672.64,671.17,669.71,668.25,666.81,665.38,663.96,662.55,661.14,659.75,658.36
760.53,756.01,752.14,748.7,745.54,742.61,739.84,737.2,734.68,732.26,729.91,727.64,725.43,723.27,721.15,719.08,717.04,715.05,713.09,711.16,709.26,707.39,705.55,703.73,701.93,700.15,698.39,696.65,694.93,693.23,691.54,689.87,688.22,686.58,684.96,683.35,681.76,680.18,678.61,677.06,675.52,673.99,672.47,670.96,669.46,667.98,666.5,665.04,663.59,662.15,660.72,659.29,657.88,656.48,655.09,653.71,652.34,650.97,649.62,648.27
745.95,741.78,738.18,734.95,731.97,729.19,726.56,724.04,721.63,719.31,717.05,714.87,712.74,710.65,708.61,706.6,704.63,702.7,700.8,698.93,697.09,695.27,693.49,691.72,689.98,688.26,686.55,684.86,683.19,681.53,679.89,678.27,676.67,675.08,673.51,671.95,670.4,668.87,667.35,665.85,664.35,662.87,661.39,659.93,658.48,657.04,655.62,654.2,652.79,651.4,650.01,648.63,647.27,645.91,644.57,643.23,641.91,640.59,639.28,637.98
730.74,726.93,723.61,720.6,717.82,715.2,712.72,710.34,708.05,705.84,703.69,701.61,699.57,697.57,695.61,693.68,691.79,689.93,688.1,686.3,684.53,682.78,681.06,679.36,677.68,676.02,674.37,672.74,671.13,669.53,667.95,666.39,664.84,663.31,661.79,660.29,658.8,657.32,655.86,654.41,652.96,651.53,650.12,648.71,647.31,645.92,644.55,643.18,641.83,640.48,639.15,637.83,636.51,635.21,633.92,632.63,631.36,630.09,628.83,627.58
715.09,711.64,708.6,705.83,703.25,700.82,698.49,696.26,694.1,692.01,689.98,688,686.07,684.17,682.3,680.46,678.66,676.88,675.13,673.41,671.72,670.05,668.4,666.77,665.17,663.57,662,660.43,658.89,657.36,655.84,654.34,652.86,651.39,649.93,648.5,647.07,645.65,644.25,642.86,641.48,640.11,638.75,637.4,636.06,634.73,633.41,632.1,630.8,629.52,628.24,626.97,625.71,624.47,623.23,622,620.78,619.57,618.36,617.17
699.24,696.13,693.37,690.83,688.46,686.2,684.04,681.95,679.94,677.98,676.07,674.21,672.38,670.59,668.82,667.09,665.37,663.69,662.03,660.39,658.78,657.2,655.63,654.09,652.56,651.04,649.54,648.06,646.58,645.12,643.68,642.25,640.84,639.44,638.05,636.68,635.32,633.97,632.64,631.31,629.99,628.69,627.39,626.1,624.83,623.56,622.31,621.06,619.82,618.6,617.38,616.17,614.97,613.78,612.6,611.43,610.27,609.11,607.97,606.83
752.36,746.76,741.88,737.41,733.09,728.62,669.57,667.64,665.76,663.93,662.15,660.41,658.7,657.02,655.36,653.72,652.11,650.52,648.95,647.41,645.89,644.39,642.92,641.46,640.01,638.58,637.16,635.75,634.35,632.97,631.6,630.25,628.91,627.58,626.27,624.97,623.68,622.41,621.14,619.88,618.63,617.39,616.16,614.94,613.73,612.53,611.34,610.16,608.98,607.82,606.66,605.51,604.38,603.25,602.13,601.02,599.91,598.82,597.73,596.65
741.06,736.75,733.1,729.86,726.9,724.16,723.69,721.03,718.48,716.05,713.7,711.42,709.21,707.06,704.96,702.9,700.88,698.9,696.94,695,693.07,691.15,689.24,687.31,685.37,683.41,681.4,679.28,676.88,621.03,619.74,618.46,617.2,615.95,614.71,613.48,612.27,611.06,609.86,608.68,607.5,606.33,605.16,604.01,602.87,601.73,600.6,599.48,598.37,597.27,596.18,595.09,594.02,592.95,591.89,590.84,589.79,588.75,587.72,586.7
731.25,727.22,723.81,720.8,718.06,715.53,713.15,710.9,708.75,706.68,704.69,702.77,700.89,699.07,697.28,695.54,693.83,692.15,692.94,691.23,689.55,687.89,686.26,684.64,683.05,681.47,679.91,678.37,676.84,675.33,673.83,672.34,670.86,669.39,667.93,666.47,665.02,663.58,662.15,660.71,659.28,657.86,656.44,655.01,653.59,652.16,650.73,649.29,647.84,646.38,644.9,643.4,641.86,640.27,638.61,636.82,634.74,578.98,578,577.03
721.37,717.52,714.28,711.41,708.81,706.41,704.15,702.02,699.98,698.02,696.13,694.31,692.53,690.8,689.11,687.45,685.83,684.24,682.68,681.14,679.63,678.14,676.67,675.22,673.79,672.38,670.98,669.59,668.22,666.86,665.51,664.18,662.86,661.55,660.25,658.96,657.67,656.4,655.14,653.88,652.63,651.39,652.34,651.04,649.75,648.46,647.18,645.9,644.63,643.35,642.09,640.82,639.56,638.29,637.03,635.77,634.5,633.24,631.97,630.71
711.54,707.86,704.75,702.01,699.52,697.22,695.06,693.02,691.07,689.19,687.39,685.64,683.94,682.29,680.67,679.08,677.53,676.01,674.51,673.04,671.59,670.17,668.77,667.38,666.01,664.66,663.32,661.99,660.68,659.38,658.09,656.82,655.55,654.3,653.06,651.83,650.6,649.39,648.18,646.99,645.8,644.61,643.44,642.27,641.11,639.95,638.8,637.66,636.52,635.39,634.27,633.14,632.03,630.92,629.81,628.7,629.99,628.82,627.65,626.48
701.79,698.28,695.3,692.68,690.29,688.09,686.02,684.05,682.18,680.38,678.65,676.98,675.35,673.76,672.2,670.68,669.19,667.72,666.29,664.87,663.48,662.12,660.77,659.44,658.12,656.82,655.54,654.26,653,651.75,650.51,649.29,648.08,646.87,645.68,644.5,643.33,642.16,641,639.86,638.72,637.58,636.45,635.33,634.22,633.11,632.01,630.92,629.83,628.75,627.67,626.6,625.53,624.47,623.41,622.36,621.32,620.27,619.23,618.2
692.1,688.77,685.94,683.43,681.15,679.03,677.05,675.17,673.37,671.64,669.98,668.37,666.8,665.27,663.78,662.32,660.88,659.47,658.09,656.73,655.39,654.08,652.78,651.5,650.24,648.99,647.75,646.52,645.31,644.11,642.92,641.74,640.57,639.41,638.27,637.13,636,634.88,633.77,632.66,631.57,630.48,629.39,628.31,627.24,626.18,625.12,624.07,623.02,621.98,620.95,619.92,618.9,617.88,616.86,615.86,614.85,613.85,612.86,611.86
682.43,679.31,676.63,674.25,672.08,670.06,668.16,666.36,664.64,662.98,661.39,659.84,658.34,656.87,655.43,654.03,652.65,651.29,649.96,648.65,647.37,646.1,644.85,643.62,642.4,641.2,640.01,638.83,637.66,636.5,635.35,634.22,633.09,631.98,630.88,629.78,628.7,627.62,626.55,625.48,624.43,623.38,622.33,621.3,620.26,619.24,618.22,617.21,616.2,615.2,614.21,613.22,612.23,611.25,610.28,609.31,608.34,607.38,606.42,605.47
672.74,669.85,667.35,665.12,663.06,661.15,659.34,657.63,655.98,654.4,652.87,651.39,649.95,648.54,647.17,645.81,644.49,643.19,641.91,640.65,639.41,638.2,637,635.81,634.64,633.48,632.34,631.2,630.07,628.96,627.86,626.76,625.68,624.61,623.54,622.49,621.44,620.41,619.37,618.35,617.33,616.32,615.32,614.32,613.32,612.34,611.36,610.38,609.41,608.45,607.49,606.53,605.59,604.64,603.7,602.77,601.84,600.92,600,599.08
663.02,660.38,658.08,656,654.08,652.28,650.57,648.95,647.38,645.88,644.43,643.01,641.64,640.29,638.97,637.68,636.41,635.16,633.93,632.73,631.54,630.37,629.22,628.08,626.96,625.84,624.74,623.65,622.56,621.49,620.43,619.38,618.34,617.3,616.28,615.27,614.26,613.26,612.27,611.28,610.3,609.33,608.36,607.4,606.44,605.49,604.54,603.61,602.67,601.74,600.82,599.9,598.99,598.08,597.18,596.28,595.38,594.49,593.6,592.72
653.31,650.91,648.8,646.88,645.1,643.42,641.83,640.3,638.83,637.4,636.03,634.69,633.38,632.1,630.84,629.61,628.39,627.2,626.03,624.87,623.74,622.62,621.51,620.42,619.34,618.28,617.22,616.17,615.13,614.1,613.08,612.07,611.07,610.07,609.09,608.11,607.15,606.19,605.23,604.28,603.34,602.4,601.47,600.54,599.62,598.71,597.8,596.89,596,595.1,594.21,593.33,592.45,591.57,590.7,589.84,588.98,588.12,587.27,586.42
643.68,641.49,639.56,637.79,636.14,634.59,633.1,631.67,630.3,628.96,627.66,626.4,625.17,623.95,622.76,621.59,620.43,619.3,618.18,617.08,615.99,614.93,613.87,612.83,611.8,610.78,609.76,608.76,607.76,606.78,605.8,604.83,603.87,602.91,601.97,601.04,600.11,599.18,598.27,597.36,596.45,595.55,594.65,593.76,592.88,592,591.12,590.25,589.39,588.53,587.67,586.82,585.98,585.14,584.3,583.47,582.64,581.81,580.99,580.17
634.15,632.17,630.4,628.77,627.25,625.81,624.43,623.1,621.81,620.56,619.34,618.16,617,615.85,614.73,613.62,612.53,611.45,610.39,609.34,608.31,607.3,606.29,605.3,604.32,603.34,602.38,601.42,600.47,599.52,598.59,597.66,596.74,595.83,594.92,594.03,593.14,592.25,591.37,590.5,589.63,588.77,587.91,587.05,586.21,585.36,584.52,583.68,582.85,582.03,581.21,580.39,579.57,578.77,577.96,577.16,576.36,575.57,574.78,573.99
624.77,622.97,621.36,619.87,618.46,617.13,615.85,614.61,613.4,612.23,611.1,609.98,608.89,607.82,606.75,605.71,604.67,603.66,602.65,601.66,600.69,599.73,598.78,597.83,596.9,595.97,595.05,594.14,593.23,592.33,591.44,590.56,589.68,588.81,587.95,587.09,586.24,585.39,584.55,583.72,582.89,582.06,581.24,580.42,579.6,578.79,577.99,577.19,576.39,575.6,574.81,574.03,573.25,572.47,571.7,570.93,570.16,569.4,568.64,567.89
